pred_true_text_file name=out_r_title_pred_true_text.txt
477	57657901
802	26145967
1163	58314023
478	45206230
1573	16475081
51	15853204
794	9862519
2443	11950703
194	48912908
128	2564258
1172	36368712
912	56366734
128	45201654
1	14268814
2947	28306604
2178	57430411
339	42449257
13	49041280
108	27545423
803	17178831
290	15486551
1	18018097
36	1567718
79	24881923
1	40652012
2566	21729415
2749	7326865
1065	57024793
1830	45279880
242	10004847
3731	31178704
102	51569831
1	9220849
1	8854046
5	43223579
487	47651868
2891	56249536
408	2824965
1268	52708868
505	56026040
74	24135157
1643	7425100
1442	11851240
16	60289954
1465	11121385
3	40035067
209	55853841
3005	45047885
92	11254452
43	38895565
23	38169765
187	55482534
515	33048097
1200	49184274
549	12075037
222	20679635
3	34619117
485	10888117
1	24305672
232	39137287
122	10689055
1	59159729
3	48433790
26	3685285
629	40385321
25	51481913
4	25587773
1	15403903
385	45607736
3	11134812
470	33479862
16	6178763
1257	10762287
1685	32575397
1	51964208
425	6967664
326	28987622
257	57334741
2	1429907
38	36094718
290	57110805
164	27014134
224	58627988
53	19885381
1429	24916945
36	5831794
2078	34001333
3	31947727
98	14490071
1	30060278
309	11144551
264	30159041
30	35725156
1	24590154
269	57498890
22	8400901
819	37991389
98	27727590
656	1169539
276	49743774
37	18349053
1	29125019
555	3699405
81	8203818
1553	50062132
475	1245273
310	32857212
1648	9863604
445	7368262
66	19009308
179	12038160
147	3642188
22	23528862
406	27779667
1	12766253
1211	61798169
1	43460760
155	10411871
900	54535966
2118	47719961
723	61602871
328	23483421
186	15673550
1520	2893005
2857	41088751
191	4442518
271	42524450
36	14899197
229	10305614
2366	57547769
10	53070606
130	12675147
15	34896004
1	46842293
807	49440262
1544	22329685
49	21273691
1945	46842118
39	45722157
217	42771185
196	30064401
27	10368180
968	34898222
22	49229558
12	51597297
1470	7885147
71	12040245
352	6085238
24	61873468
10	21962452
228	3932038
1506	1195826
1	25755930
12	20637248
281	2858014
2183	51387157
21	45357806
3633	16289182
1421	28500096
1233	30902906
70	35025145
176	8888516
673	9506442
2078	18647777
1605	9449184
1316	1630724
53	12546365
149	39694490
570	9661469
121	34213765
1042	11301738
137	11668904
458	34731975
110	58677247
800	28579361
3515	29775461
759	7227976
12	36033449
808	9071020
1107	39262534
224	9558040
2455	25145982
8	8153594
3	17121390
473	11846295
199	16626462
175	58370234
21	17306695
928	18093107
3290	4427234
314	9851655
266	60822398
1183	3681647
1226	38540093
685	30652116
2671	35525240
599	2409317
30	47950817
65	55485704
788	6216968
295	6258004
420	2436688
443	15059076
1601	36668078
603	15913417
884	52606467
8	35040579
819	15502263
104	40596609
1438	48337624
3378	12464396
507	3443687
114	15267018
676	2193742
1830	16390221
307	11940605
2588	1401904
133	25693082
246	28748046
175	14983805
854	52932440
1668	52338580
15	26123516
387	23077125
27	29980426
722	18171246
1	29241492
2244	1395577
1129	15059093
491	45259737
145	9871106
918	12514612
1919	18511249
1305	27953588
512	27497068
668	17808575
956	59153010
3639	15660954
817	36040542
3	8096313
93	24536154
845	46857193
808	27637455
2120	9917049
1305	16255579
1445	57935571
303	48142634
1398	30460410
737	42469003
1	47934438
937	16284766
1	15034471
359	5352099
804	56530842
577	23840523
3850	3099219
677	22569176
1585	8843700
1707	1815606
933	47405422
1201	5226807
2448	18406991
1116	5465314
300	28574757
655	24904683
3372	52334944
914	15625990
1412	29583849
166	31458051
3453	45405167
407	33263759
6	52334683
1433	7864931
67	6558921
1085	22945651
330	4227223
2424	7611169
3434	12786335
3924	7355187
3573	8091303
3629	9555889
4	3606697
667	11214012
2766	31690007
1919	15875786
14	36478278
666	56817353
579	25866788
4	7549694
1194	12409960
884	59184868
967	6644997
27	8751497
788	22305444
399	11562656
662	14680075
256	28006813
139	39746947
1	41052687
514	36110331
563	50229410
545	57867429
505	50838664
1115	60450608
808	19895107
1562	54943418
14	15097497
2770	17718842
780	44457243
1140	37924896
192	13577918
1469	18694281
87	48651010
173	50483582
3	43970831
697	52840058
203	37110555
16	37193380
2972	43990569
1557	55721820
1586	43435385
480	51000699
56	31949659
2981	13812373
322	26618951
2018	56503342
1411	16132625
14	49435594
1168	30113308
1	26354768
465	38675292
1784	50048754
341	54661129
722	21630406
1070	46643184
15	7473067
1081	44434739
2253	38782051
1333	52086833
1	54000814
750	23217681
1220	56490797
1722	58685422
3998	53701824
3432	57601875
640	15591880
390	23017552
561	43660562
8	56484967
19	47183558
3256	9298765
1790	47570984
1563	38133485
236	37450698
1505	11394091
855	47044939
1315	42587758
1901	57529808
1585	54426953
1384	47083455
59	35075215
361	44419857
352	33015823
9	39808631
3	22661397
884	8899096
733	59360232
837	52281220
1052	33442362
366	18706182
1606	56736475
570	50273919
1474	34454034
565	52803902
3365	34266186
370	10859858
217	31044922
3013	2732397
1556	42578273
3070	29902891
2406	44411575
440	44158882
2567	44262563
3290	45458787
1046	31045512
793	59204544
2764	52535696
1970	49140030
219	53059075
2999	42426970
482	15046111
492	23327746
479	44666715
740	44786138
18	13272612
91	53799909
341	5913006
705	43731301
1241	61702762
2011	9023256
2	42864262
510	54623575
369	45572226
3271	61979426
1512	37059281
1654	56981960
2973	31955051
979	41783245
165	49640909
956	23252231
3	47446458
1604	45968501
1600	61958925
1790	51320621
2451	52521310
1433	4559175
1942	31286965
1515	25340847
2063	49762128
160	61783029
1	29833571
1442	57759059
2	32723761
1604	8998884
1744	23678494
1621	60797216
3289	48056851
1	58531982
3730	17385801
652	47444012
356	49628570
207	10306474
2886	51335424
43	53033225
1768	37719503
1	43654787
403	27606380
3511	24195255
1720	56702965
1202	37266143
3	60878248
1	24195562
10	4794859
3	11672050
3	15960129
128	19474552
2882	35799426
265	56960608
35	51071941
2548	21651978
1685	53813758
3	32206623
1	31268826
49	40557147
19	8889554
460	10303241
1144	43850293
1237	46799063
453	3114043
1191	14671609
1025	46649403
235	20518376
3	6886416
726	10032052
2073	47152855
469	45157057
2	28436855
3430	47777708
135	10404224
1970	58890738
1896	27650331
17	29948919
2419	21035101
17	27850123
1948	35359622
561	54737221
478	22736107
15	46348193
107	42789833
910	33346823
451	9317923
97	46195370
3361	58516071
3750	38064175
1798	36233318
249	9867225
2028	22492219
2088	19716535
119	54184027
929	44467559
841	37714152
15	15258954
2791	28383595
893	58250126
37	32558568
1425	28384164
1132	14645363
636	23307653
1525	55569337
775	32120291
3143	39484118
2	39006840
1584	46607506
583	53212878
274	37274007
425	51086959
1159	53884353
1	31925595
1176	42695298
367	35699399
959	31394755
1	20561190
698	34213315
712	38056641
2065	39628872
804	3835714
852	58188784
1796	58176637
322	31923107
3	18257642
968	43297797
2489	54238427
674	13675380
1716	10535235
408	35432923
1480	36919953
1	48924219
812	30116606
2329	12362857
154	22177756
622	56770222
607	26574054
2098	19439689
406	24157990
1595	23588127
3358	37789299
1	45915720
1798	46287086
1415	20749444
1935	28634345
183	60160905
1030	44245666
2235	6592214
362	13550501
840	25466013
2562	13407236
1439	46580556
246	27135962
3382	37944197
1999	26720663
462	24940246
805	15647282
1698	58756264
926	21987834
993	16947431
2998	39024390
73	38308134
1171	27496127
568	44239415
560	55345679
307	3440373
496	45907614
2365	18473382
517	28605657
2142	33530066
2475	9035674
173	45119432
492	33890896
3127	14023423
777	13701347
370	3796266
3556	38102921
853	15112440
1462	41010050
3731	28771018
1	10207564
707	32275113
3121	54132300
2176	20592886
2588	10566473
1700	38822132
1149	32092458
3001	59408283
1007	43337147
250	35585428
907	51929941
858	33925430
846	55754330
1782	6007883
1247	6022898
712	31979189
1664	38559429
749	38295777
2	6123378
