pred_true_text_file name=out_r_body_pred_true_text.txt
21	57657901
2472	58314023
407	23875757
2244	47730589
1854	15486551
480	57356463
15	40652012
16	3082716
2	57024793
1033	28159936
1144	43189512
108	29504327
23	55853841
272	12806128
983	38169765
180	57647120
3183	12075037
1168	34619117
1607	39137287
2122	45891034
2167	59159729
3284	3685285
711	22558887
33	11134812
1126	47723890
1	2286831
543	58627988
1995	12125364
2219	8761857
24	11144551
1	36974450
3904	36187931
3727	35725156
3367	17222981
2643	16512371
1837	24590154
54	8400901
1054	61353320
3789	36936613
2337	12766253
68	5320814
2457	61798169
1	43460760
2358	47720329
42	54535966
46	50341423
2073	47719961
726	61602871
981	23483421
223	41088751
2402	14899197
768	53070606
1	61649029
1342	21273691
1953	42771185
624	10368180
214	34898222
119	49229558
3829	12040245
880	6085238
2814	61873468
186	21962452
1056	51387157
1020	45357806
2787	18647777
1	45265792
489	12546365
757	39694490
31	54701979
57	6902087
2500	60330449
1587	45549449
1	17121390
629	12018499
1013	12647774
482	34345945
1802	28979857
405	60822398
2761	49517374
2468	5713713
906	6216968
985	4785933
1420	9965747
199	17761858
2401	8197559
102	9184969
2319	12464396
62	49676982
237	52932440
563	29980426
24	18287981
295	10438969
3284	24536154
3291	47934438
2325	1189759
1282	15034471
2844	23840523
1964	38372906
2074	26519172
842	29793398
2750	5226807
87	5415132
64	55550126
148	29583849
3077	31381066
1614	7355187
3911	25137444
263	25866788
1126	6644997
739	8751497
3147	35651669
1688	5453336
1057	12448428
3388	20941744
747	39746947
658	50229410
2017	46818951
103	31089205
1786	33447901
2808	15097497
432	48651010
729	52840058
1453	36620585
3499	55721820
3902	9058728
971	38348097
2988	56503342
325	26354768
2	38675292
747	41608294
943	59119580
1234	59380554
459	45222720
16	46643184
4	59113457
1807	31063959
2963	9829424
1290	42595256
1323	43660562
3729	47570984
1488	38133485
2376	40538304
1217	47044939
163	34020079
568	35075215
2884	31796914
2174	52127834
3	33442362
3821	57332088
2745	50273919
362	34266186
3964	42578273
1485	27965291
2560	45458787
211	31045512
615	39166027
1593	42426970
2088	48336742
1305	33748871
2393	43731301
1	61702762
346	42864262
3003	57427059
1731	45968501
82	52521310
409	60132869
2235	60797216
2525	48052270
725	48056851
64	51335424
1721	31538038
2050	29174774
519	27787116
500	31388329
609	38478139
2518	12392404
1506	47152855
540	22803814
556	9060457
658	59570555
77	22736107
752	33784656
2361	46348193
3451	41701807
774	22492219
647	55891499
1013	51087287
49	37714152
2970	15258954
56	32558568
3704	14645363
9	23307653
3987	4167529
315	32821369
66	46607506
2529	37011952
3	37274007
777	11751047
54	31925595
10	54831077
724	29669292
799	51164948
2	15670799
1	39628872
841	58188784
2480	57191083
832	35432923
3054	41723575
306	12362866
3972	32219451
2152	45915720
7	60160905
3541	6592214
229	61025542
3650	45476950
110	48534448
3754	55611370
335	41133617
1630	28370249
4	44334535
3078	46298066
364	8732461
3691	58020350
339	36205419
2549	2535234
1	57438355
53	22009871
24	29125609
3990	32275113
694	11366964
1	23618813
766	6007883
