pred_true_text_file name=out_r_tag_pred_true_text.txt
938	14975638
1137	15853204
1532	38658033
1211	14041601
1	48912908
59	36368712
3805	26497751
140	28306604
1242	57430411
42	28543538
1	42449257
9	14964457
23	49041280
378	17178831
30	18018097
55	33574457
500	57356463
1440	26896087
71	24881923
345	40652012
519	51923603
77	43189512
1	12417454
1517	31178704
1	9220849
3761	56249536
25	52708868
400	7425100
631	4765256
742	11851240
289	60289954
140	29504327
22	24033733
275	40035067
1359	42611836
224	11254452
161	12806128
2964	38169765
84	38644943
498	36431158
114	33048097
382	34619117
907	24305672
523	27326929
2088	45891034
1139	59159729
160	48433790
198	11056625
111	6329962
346	25587773
966	15403903
2	45607736
1	11134812
3892	32575397
12	51964208
3339	26796829
251	28987622
2	47723890
127	19936432
502	36094718
707	58627988
1739	7960798
3408	53479557
3934	31947727
523	30060278
749	30159041
2291	37761096
2034	36974450
505	35725156
584	37991389
893	1169539
21	49743774
165	36023558
1100	29125019
281	50062132
1	1245273
166	56983105
1548	7368262
1425	12038160
1183	25565817
110	27779667
3465	5320814
671	61798169
429	43460760
3607	33769770
940	54535966
302	51352697
12	50341423
162	47719961
3442	23483421
1153	15673550
282	2893005
29	1882734
78	57547769
21	53070606
154	34896004
338	46842293
13	49440262
508	49554201
1606	10966109
52	46842118
1632	45722157
1357	42771185
1	21185336
3	10483349
760	7726034
1741	29827948
2641	48469441
211	49229558
117	51597297
1742	7885147
117	32544646
70	61873468
123	21962452
1712	3932038
3703	16070405
1522	11676476
2	25755930
511	20637248
38	2858014
1589	51387157
2022	45357806
1745	16289182
407	28500096
2887	30902906
561	35025145
2959	18647777
2	37131569
2366	12546365
2	49746686
1751	34213765
513	34731975
2989	58677247
3344	28579361
2912	29775461
3346	32773617
397	7227976
1203	9071020
899	36571864
3348	38177908
1290	25145982
1731	17121390
1168	16626462
514	24705431
3111	58370234
1	16196327
2217	17306695
138	18093107
10	34345945
36	28979857
3252	60822398
181	49517374
3504	35525240
1996	34522732
788	55485704
447	4785933
80	9965747
1553	2436688
537	35040579
488	57937662
2	48337624
331	8055508
208	36335498
8	3650862
16	17691036
1529	27004167
1275	15267018
3282	49676982
1445	16390221
69	47850921
1750	28748046
1273	14983805
3	43251214
710	33117997
353	52338580
3355	26123516
1108	1395577
684	29624895
1974	45259737
2106	19404270
3122	18511249
687	27953588
501	27497068
2597	51551082
758	12019638
22	59153010
56	15660954
2273	36040542
3332	24536154
3	13703344
1	12584704
768	30460410
1979	42469003
1750	47934438
6	15034471
39	56530842
1862	22569176
1431	8843700
3964	26519172
144	1815606
3964	47405422
17	26706159
24	5465314
1	24904683
120	55550126
1981	20039335
1883	45405167
101	33263759
1925	28889057
928	6558921
274	7355187
56	38440350
103	45779447
54	19858729
3575	34764830
12	58131498
21	50229410
93	45321041
3853	52193105
88	57867429
1987	19895107
1	33447901
123	54943418
1988	17718842
3772	44457243
17	36669528
3675	48651010
1421	50483582
1837	43970831
1990	47537760
293	37193380
213	36620585
1	43435385
1961	44973544
21	53099087
38	31949659
2541	13812373
1	26618951
48	52576686
1993	16132625
2848	30113308
115	53618077
75	41608294
1250	59380554
3364	50048754
1	46643184
99	5749252
42	7473067
17	59639543
345	44434739
1996	21917358
978	60948668
1117	25056597
1118	15431924
1711	23217681
1	53701824
12	43480866
1378	57601875
88	15591880
73	15591704
441	23017552
853	43660562
61	56484967
305	30560405
220	47570984
1459	38133485
574	41925706
170	37450698
778	47044939
288	34020079
1999	42587758
1585	57529808
32	25109672
483	35075215
1454	44419857
6	33015823
7	15421130
63	59360232
3481	51494868
2	52281220
2749	33442362
1623	18706182
1	50273919
1337	52803902
96	29902891
346	29529021
1403	44158882
1700	31365768
983	19920281
19	45720125
12	49013393
3483	53059075
1245	23961022
2005	23436577
3679	15046111
2828	48336742
2009	44666715
38	33748871
352	53053598
564	14827853
1137	53799909
146	5913006
3562	9023256
1	45572226
158	46747475
2012	45448169
2862	31955051
2509	58648886
8	41783245
1	49640909
2178	31868370
1833	34230391
1079	50685421
361	7169202
3467	16111242
241	54879274
56	29833571
1	26403919
9	57759059
3	55675591
3855	32723761
118	52675487
419	23678494
1341	36260816
2	17385801
2163	47444012
1070	51335424
72	30491545
3458	31538038
2396	44190450
2166	48657034
1071	29174774
241	4794859
1331	15960129
12	51071941
2109	21651978
146	26667162
3612	31268826
12	45948534
50	12468574
17	26449666
171	10303241
47	25727473
3174	46799063
72	3114043
34	41596273
166	22389993
2168	46649403
748	20518376
325	48333425
37	22380926
1238	58890738
2921	48332680
50	32724775
1	29948919
278	60766742
1073	21035101
1074	38104901
35	35359622
2171	36238521
1386	22736107
4	19014360
1075	48819333
13	22916337
210	9317923
1076	49756005
1077	9915824
6	46195370
457	58550163
3396	38064175
4	22492219
50	12829995
2398	12723182
2426	39176643
1755	51087287
72	15258954
1	58250126
85	28384164
175	14645363
15	4167529
2538	49859149
14	53212878
34	10421668
278	37274007
549	52276088
1330	51086959
2181	53884353
445	31925595
237	42695298
3371	35699399
234	6986657
26	31394755
447	38056641
89	20671888
1300	15670799
1242	53266457
1079	3190087
4	18257642
2075	36110815
155	43297797
2298	13675380
324	17766989
375	6132332
264	10535235
1	36919953
289	33597728
3343	45655879
2185	38525383
131	52208380
63	26574054
1718	23588127
622	37789299
1530	46287086
1082	9505495
433	52106980
16	28634345
18	44245666
2187	45652340
6	24942366
4	25466013
2188	57385749
363	24467936
92	34244210
1284	42058059
6	55611370
2189	24940246
1086	58756264
1087	16947431
2191	14604820
241	38308134
158	26112990
824	8935523
2384	53931501
41	41133617
249	18355686
31	28529823
1544	45907614
1089	44334535
1236	60062311
71	46298066
36	24701419
1464	13137912
19	9035674
2147	8251632
3108	14023423
454	60847460
557	41879049
1404	37393329
295	22009871
161	7680959
105	12100856
3093	38102921
122	15112440
145	28771018
13	42604439
1034	27552810
3246	32106333
124	32275113
238	11366964
197	12609816
4	20592886
1	31075826
2899	59408283
31	29648127
126	35585428
84	30643213
97	55754330
240	6022898
128	10620862
1837	17222942
3799	50243929
