--- 141.3511815071106 seconds ---
duplicate_pairs 545697
44566771
20974409
3148763
25695355
51911616
20982243
58732972
23606266
19414416
5789673
50354302
52452554
59269899
29386708
20474303
56129043
8421250
49843860
2669598
14207154
56675308
24703462
33617774
28384487
44642742
50413001
51986106
46219743
48320023
8479858
59860617
23689396
47284213
31034105
52006424
18453182
58830400
56209693
21607657
37336916
52545380
58313047
7457635
52554824
56225145
27391472
48363724
36829700
55705480
14288254
50465070
53611600
12719334
46274159
46280628
34746575
38943764
10636471
38951940
13266038
17461761
55212746
60986805
53648247
41068091
61517800
51563293
51044514
44229285
34271792
35849075
39520728
51056252
35330439
45296381
51064591
10176468
30263026
25910778
43745309
43221681
48467129
31691130
55288464
58965423
44286970
7063265
47958631
23318388
36952571
56878616
17558658
27524065
59511481
36969986
49554871
26486700
34358415
28073624
25454503
47474624
42756640
30700373
38570328
51155618
8605170
43819824
52741610
16566220
25481420
51174804
35975927
40696610
32309915
22880829
46473895
30746518
27079811
22886040
51722128
49627050
35996245
46483259
58841131
44386528
58554959
43353109
50171991
48077442
21341106
48605982
56470703
45462748
46515052
58576093
36034628
43902792
32375537
31336548
1452235
5650063
48118248
54411586
59663174
19294043
10911971
57049924
50242390
21409237
5158219
43431485
39763940
9882089
43962398
18796727
11459570
37675327
43443906
35056981
31913437
58652434
49217539
45024568
58657462
31396802
47649907
40837162
61810359
46087970
26165327
52908185
46096306
21458887
52917411
37191673
30904870
26190332
26194225
31438251
31439134
49272396
41935046
60285828
18348008
3391631
4682239
5393257
4736795
5702974
3281737
31339853
7361934
34177718
30134007
9205208
9154383
38008696
56106090
41471066
14034868
5171516
12755180
13324664
13333884
14228491
57852537
13995266
14268245
14355219
42486057
12280707
8216743
49009570
15666508
8438701
48073795
19069269
41019267
5307939
40020012
20034737
21115899
21205771
21154003
50689152
45300471
32226072
21249643
8352089
15195350
22033897
48763366
47541680
54816624
53694907
43461947
17149295
6228924
23014909
23655492
24124354
50143425
44512291
30562877
24546069
8631197
24618370
24921887
24853377
58849289
29443730
24933290
24997510
42811062
25455829
25852814
26590901
22414198
22841842
27734711
24253228
27490659
46883786
52069419
53135822
27789204
7735451
27833291
28262778
19369604
55619370
22355764
29080780
21442630
29706386
29751134
29821737
29984053
57290293
30477094
22863880
16975034
24846454
6880771
46413314
40117544
23685206
32521123
32378821
15379638
53345663
54127515
32807525
32851240
32586455
22615853
33530745
33620281
33883034
3727238
34056265
33988602
13038256
35709648
35731217
36312532
22513529
36856270
37528801
37624961
36927141
12781518
53631025
37819967
37891060
36424536
38333080
57468931
57477043
23534540
40942893
47623478
30063951
39240154
19651954
39724074
39780653
22959000
8061254
39928553
26217102
40031275
41384303
40729027
22110075
26466437
41314925
41749132
41605884
41799654
42119609
42161237
47147845
44739720
43378812
43182003
43382047
16259299
58849629
38575678
43424114
29105531
33509467
44102088
27154842
33201837
21359432
45314190
46646986
40997722
46723854
31272280
47414850
48225516
48045895
37023726
47098916
48860095
58014448
49901812
22555526
40563522
50289360
50373243
50018887
38757326
51279342
51041271
5240827
51157697
34771088
51921015
52166526
50044530
52537897
48627069
28004717
52803424
55202440
45947880
12405655
59384221
52881672
53558095
33293728
53659500
46737317
53464298
53779789
54469409
54628313
12712756
13904786
50582388
54982553
55187066
55398389
55420290
59288265
45512586
31305963
53132155
33090458
56416828
39449080
17958168
53259607
57360360
57791272
57778952
40114103
43711710
53105055
58205770
55495461
57818049
58214123
51774646
21362844
51242993
59236579
--- 148.20787858963013 seconds ---
components 69261 max 295574 min 2 avg 6.996736980407444 stdev 1123.1005220138702 total_nodes 484601
--- 148.98514366149902 seconds ---
