testPostId	trainPostId	TitleSim	BodySim	TagSim	LuceneHitRank	ProposedHitRank	lucene_hit_duration	Proposed_hit_duration	LuceneTestTrueLabel
57657901	57669971	0	0	0	73	0	0.423	0	1
50569314	50584209	0	0	0	8	0	0.134	0	10
26145967	26159529	0	0	0	204	0	0.09	0	100
58314023	59791480	0	0	0	2	0	0.107	0	1000
14975638	-100	0	0	0	-100	0	0.649	0	
45206230	45635464	0	0	0	9502	0	0.497	0	1002
46684038	46770761	0	0	0	5574	0	0.365	0	1003
3903157	-100	0	0	0	-100	0	0.481	0	
2589275	40089885	0	0	0	4967	0	0.252	0	1005
36065232	36699272	0	0	0	319	0	0.037	0	1006
16475081	16559250	0	0	0	276	0	0.056	0	1007
15853204	-100	0	0	0	-100	0	0.574	0	
9862519	-100	0	0	0	-100	0	0.747	0	
38658033	-100	0	0	0	-100	0	0.5	0	
43275478	43293369	0	0	0	634	0	0.073	0	1010
11950703	13984470	0	0	0	3	0	0.029	0	1016
14041601	-100	0	0	0	-100	0	0.54	0	
48912908	48913362	0	0	0	1	0	0.037	0	1018
2564258	-100	0	0	0	-100	0	0.53	0	
36368712	58859811	0	0	0	4	0	0.06	0	102
2231993	-100	0	0	0	-100	0	0.563	0	
56366734	56382379	0	0	0	9659	0	0.813	0	1021
45201654	-100	0	0	0	-100	0	0.471	0	
14268814	-100	0	0	0	-100	0	0.455	0	
26497751	-100	0	0	0	-100	0	0.48	0	
28306604	-100	0	0	0	-100	0	0.567	0	
57430411	-100	0	0	0	-100	0	0.564	0	
8499378	15273148	0	0	0	132	0	0.041	0	1029
28543538	-100	0	0	0	-100	0	0.473	0	
42449257	-100	0	0	0	-100	0	0.45	0	
23875757	23887386	0	0	0	1	0	0.058	0	1031
52187189	52275015	0	0	0	3794	0	0.194	0	1032
53235655	-100	0	0	0	-100	0	0.45	0	
14964457	14968103	0	0	0	1	0	0.024	0	1034
47730589	-100	0	0	0	-100	0	0.446	0	
49041280	49074570	0	0	0	624	0	0.059	0	1036
27545423	-100	0	0	0	-100	0	0.453	0	
17178831	36373630	0	0	0	2254	0	0.148	0	1038
15486551	17151024	0	0	0	1	0	0.005	0	1039
18018097	-100	0	0	0	-100	0	0.462	0	
33574457	33609538	0	0	0	164	0	0.039	0	1042
52650467	52655729	0	0	0	9696	0	0.588	0	1043
1567718	25621108	0	0	0	8509	0	0.37	0	1044
57356463	57571196	0	0	0	1052	0	0.07	0	1045
26896087	-100	0	0	0	-100	0	0.498	0	
24881923	38101558	0	0	0	2045	0	0.12	0	1047
40652012	43551312	0	0	0	1	0	0.028	0	1048
38036680	48211887	0	0	0	5888	0	0.27	0	1049
59960252	59978973	0	0	0	1012	0	0.08	0	105
8260808	-100	0	0	0	-100	0	0.442	0	
21729415	-100	0	0	0	-100	0	0.439	0	
9171036	-100	0	0	0	-100	0	0.466	0	
7326865	-100	0	0	0	-100	0	0.447	0	
3082716	3689279	0	0	0	928	0	0.051	0	1055
51923603	-100	0	0	0	-100	0	0.473	0	
41699952	41739418	0	0	0	2	0	0.034	0	1057
33419325	33473107	0	0	0	2420	0	0.131	0	1058
57024793	58739159	0	0	0	1	0	0.059	0	1059
45279880	45556677	0	0	0	42	0	0.044	0	106
13912387	-100	0	0	0	-100	0	0.568	0	
28159936	-100	0	0	0	-100	0	0.449	0	
43189512	44551816	0	0	0	3028	0	0.153	0	1063
14366406	-100	0	0	0	-100	0	0.464	0	
5027480	-100	0	0	0	-100	0	0.436	0	
10004847	-100	0	0	0	-100	0	0.451	0	
12417454	16798605	0	0	0	1072	0	0.083	0	1068
31178704	-100	0	0	0	-100	0	0.433	0	
51569831	51581399	0	0	0	2	0	0.065	0	107
9220849	-100	0	0	0	-100	0	0.474	0	
8854046	15285089	0	0	0	7914	0	0.373	0	1071
43223579	52334647	0	0	0	982	0	0.09	0	1072
47651868	49120060	0	0	0	3	0	0.042	0	1075
56249536	-100	0	0	0	-100	0	0.599	0	
27677283	-100	0	0	0	-100	0	0.595	0	
2824965	-100	0	0	0	-100	0	0.483	0	
52708868	52710549	0	0	0	5	0	0.044	0	1079
56026040	56027906	0	0	0	77	0	0.072	0	108
24135157	34516346	0	0	0	148	0	0.057	0	1080
7425100	11954734	0	0	0	393	0	0.073	0	1081
4765256	17879766	0	0	0	912	0	0.088	0	1082
11851240	11892241	0	0	0	1	0	0.04	0	1083
60289954	60310790	0	0	0	59	0	0.049	0	1084
11121385	-100	0	0	0	-100	0	0.468	0	
11693599	-100	0	0	0	-100	0	0.48	0	
29504327	29547506	0	0	0	1	0	0.041	0	1088
24033733	24039621	0	0	0	2248	0	0.112	0	1089
40035067	40044958	0	0	0	378	0	0.038	0	109
55853841	55970694	0	0	0	1	0	0.052	0	1090
42611836	56182271	0	0	0	298	0	0.044	0	1091
45047885	45122894	0	0	0	271	0	0.048	0	1092
25528067	35144130	0	0	0	2070	0	0.165	0	1093
11254452	11288900	0	0	0	3	0	0.048	0	1094
12806128	19014531	0	0	0	665	0	0.081	0	1095
38895565	55853359	0	0	0	2679	0	0.159	0	1097
38169765	38289656	0	0	0	13	0	0.036	0	1098
38644943	-100	0	0	0	-100	0	0.467	0	
57647120	57656065	0	0	0	303	0	0.073	0	11
55482534	55501292	0	0	0	949	0	0.077	0	110
36431158	36454567	0	0	0	1165	0	0.086	0	1100
33048097	44318860	0	0	0	461	0	0.049	0	1101
49184274	-100	0	0	0	-100	0	0.453	0	
12075037	-100	0	0	0	-100	0	0.459	0	
20679635	20682542	0	0	0	1986	0	0.108	0	1104
34619117	34631794	0	0	0	1	0	0.048	0	1105
10888117	-100	0	0	0	-100	0	0.417	0	
24305672	24308718	0	0	0	5927	0	0.282	0	111
39137287	39188663	0	0	0	5	0	0.038	0	1110
27326929	-100	0	0	0	-100	0	0.429	0	
29957669	42564379	0	0	0	703	0	0.06	0	1112
45891034	45899768	0	0	0	2	0	0.047	0	1113
10689055	-100	0	0	0	-100	0	0.448	0	
59159729	59197298	0	0	0	1	0	0.037	0	1115
4996090	-100	0	0	0	-100	0	0.416	0	
48433790	48511974	0	0	0	390	0	0.049	0	1117
11056625	-100	0	0	0	-100	0	0.444	0	
3685285	-100	0	0	0	-100	0	0.413	0	
6329962	-100	0	0	0	-100	0	0.456	0	
40385321	40436727	0	0	0	2	0	0.038	0	1122
51481913	52565472	0	0	0	9877	0	0.425	0	1123
25587773	41171676	0	0	0	389	0	0.055	0	1124
15403903	-100	0	0	0	-100	0	0.425	0	
45607736	45627646	0	0	0	3809	0	0.194	0	1126
31471808	-100	0	0	0	-100	0	0.451	0	
22558887	31416347	0	0	0	4914	0	0.246	0	1128
11134812	42481827	0	0	0	1	0	0.02	0	1129
33479862	47907626	0	0	0	614	0	0.084	0	113
6178763	7001799	0	0	0	3070	0	0.137	0	1131
10762287	46639120	0	0	0	7658	0	0.369	0	1132
22305023	40554479	0	0	0	1059	0	0.072	0	1133
32575397	-100	0	0	0	-100	0	0.41	0	
51964208	56375203	0	0	0	1	0	0.033	0	1135
6967664	27611438	0	0	0	15	0	0.016	0	1136
26796829	33775239	0	0	0	984	0	0.081	0	1137
28987622	47663131	0	0	0	96	0	0.027	0	1139
57334741	-100	0	0	0	-100	0	0.443	0	
47723890	47746656	0	0	0	368	0	0.047	0	1140
7942519	-100	0	0	0	-100	0	0.405	0	
2286831	2295389	0	0	0	4	0	0.024	0	1143
1429907	-100	0	0	0	-100	0	0.43	0	
19936432	-100	0	0	0	-100	0	0.428	0	
30946374	31050787	0	0	0	9465	0	0.42	0	1146
36094718	36141451	0	0	0	353	0	0.046	0	1147
57110805	57160711	0	0	0	1	0	0.04	0	1148
27014134	27060307	0	0	0	1	0	0.031	0	1149
58627988	58906457	0	0	0	1	0	0.019	0	115
19885381	33103203	0	0	0	554	0	0.055	0	1152
24916945	-100	0	0	0	-100	0	0.427	0	
11486369	-100	0	0	0	-100	0	0.445	0	
5831794	-100	0	0	0	-100	0	0.432	0	
34001333	34018634	0	0	0	595	0	0.068	0	116
7960798	-100	0	0	0	-100	0	0.473	0	
12125364	49781741	0	0	0	449	0	0.04	0	1161
53479557	53864892	0	0	0	2350	0	0.281	0	1162
9617629	27676179	0	0	0	2010	0	0.351	0	1163
31947727	31994387	0	0	0	17	0	0.035	0	1164
8761857	8771942	0	0	0	5223	0	0.283	0	1165
14490071	34533472	0	0	0	141	0	0.028	0	1166
10498477	-100	0	0	0	-100	0	0.683	0	
25178452	-100	0	0	0	-100	0	0.815	0	
30060278	39418783	0	0	0	1	0	0.054	0	1169
27184918	-100	0	0	0	-100	0	0.53	0	
24129772	-100	0	0	0	-100	0	0.449	0	
11144551	-100	0	0	0	-100	0	0.459	0	
30159041	-100	0	0	0	-100	0	0.433	0	
37761096	-100	0	0	0	-100	0	0.471	0	
47722530	-100	0	0	0	-100	0	0.458	0	
8273313	-100	0	0	0	-100	0	0.566	0	
36974450	36974742	0	0	0	1	0	0.012	0	1176
36187931	-100	0	0	0	-100	0	0.47	0	
35725156	35859083	0	0	0	57	0	0.064	0	1179
17222981	17225208	0	0	0	1	0	0.026	0	118
16512371	52440778	0	0	0	8327	0	0.405	0	1180
24590154	42562128	0	0	0	3	0	0.009	0	1181
57498890	58487886	0	0	0	234	0	0.033	0	1182
8400901	16118050	0	0	0	398	0	0.052	0	1183
37991389	50867641	0	0	0	2929	0	0.157	0	1184
1266279	-100	0	0	0	-100	0	0.5	0	
7486386	-100	0	0	0	-100	0	0.418	0	
61353320	61369850	0	0	0	3	0	0.028	0	1189
27727590	30330104	0	0	0	8788	0	0.378	0	119
27114926	-100	0	0	0	-100	0	0.512	0	
1169539	-100	0	0	0	-100	0	0.471	0	
49743774	-100	0	0	0	-100	0	0.436	0	
18349053	-100	0	0	0	-100	0	0.448	0	
36023558	36039026	0	0	0	1035	0	0.079	0	1195
29125019	-100	0	0	0	-100	0	0.461	0	
3699405	-100	0	0	0	-100	0	0.429	0	
8203818	-100	0	0	0	-100	0	0.426	0	
28814322	-100	0	0	0	-100	0	0.438	0	
36936613	36953026	0	0	0	383	0	0.046	0	12
50062132	50231159	0	0	0	291	0	0.036	0	120
1245273	7828248	0	0	0	341	0	0.031	0	1200
32857212	61760349	0	0	0	1008	0	0.081	0	1201
9863604	30266732	0	0	0	4453	0	0.2	0	1202
18110397	52317124	0	0	0	8	0	0.05	0	1203
18067519	-100	0	0	0	-100	0	0.452	0	
56983105	56986638	0	0	0	177	0	0.036	0	1208
43000077	43002416	0	0	0	9	0	0.058	0	1209
43371723	-100	0	0	0	-100	0	0.422	0	
7368262	13642092	0	0	0	7489	0	0.378	0	1210
19009308	36144946	0	0	0	2	0	0.026	0	1211
12038160	-100	0	0	0	-100	0	0.432	0	
33027611	-100	0	0	0	-100	0	0.442	0	
3483203	15720545	0	0	0	4466	0	0.193	0	1215
3642188	51687808	0	0	0	4	0	0.029	0	1216
23528862	-100	0	0	0	-100	0	0.448	0	
25565817	-100	0	0	0	-100	0	0.528	0	
27779667	31729775	0	0	0	4	0	0.024	0	1219
12766253	12771988	0	0	0	35	0	0.028	0	122
5320814	10562078	0	0	0	109	0	0.024	0	1220
61798169	61876254	0	0	0	1	0	0.028	0	1221
29736577	49181715	0	0	0	1284	0	0.075	0	1222
43460760	43526149	0	0	0	1	0	0.031	0	1223
2126108	9617348	0	0	0	6173	0	0.309	0	1228
10411871	24651664	0	0	0	4	0	0.062	0	1229
33769770	50023898	0	0	0	622	0	0.062	0	123
47720329	59808375	0	0	0	2	0	0.01	0	1230
54535966	-100	0	0	0	-100	0	0.482	0	
33180058	43637981	0	0	0	1444	0	0.096	0	1232
51352697	51353272	0	0	0	70	0	0.041	0	1233
50341423	50472929	0	0	0	1	0	0.032	0	1234
47719961	58295133	0	0	0	8875	0	0.522	0	1235
61602871	61613387	0	0	0	1	0	0.027	0	1236
23483421	23493873	0	0	0	1	0	0.024	0	1237
15673550	21605401	0	0	0	21	0	0.054	0	1238
11070101	-100	0	0	0	-100	0	0.454	0	
52874031	-100	0	0	0	-100	0	0.485	0	
2893005	-100	0	0	0	-100	0	0.497	0	
41088751	42387066	0	0	0	55	0	0.023	0	125
1882734	8507442	0	0	0	172	0	0.025	0	1250
4442518	20588435	0	0	0	7158	0	0.345	0	1251
42524450	49924813	0	0	0	847	0	0.143	0	1252
14899197	15475832	0	0	0	1	0	0.067	0	1253
10305614	-100	0	0	0	-100	0	0.477	0	
15960352	-100	0	0	0	-100	0	0.448	0	
57547769	57680924	0	0	0	16	0	0.039	0	1256
27367914	-100	0	0	0	-100	0	0.444	0	
53070606	53071578	0	0	0	1	0	0.044	0	126
3261597	-100	0	0	0	-100	0	0.438	0	
22480052	-100	0	0	0	-100	0	0.46	0	
12675147	23231246	0	0	0	5	0	0.025	0	1266
34896004	35660588	0	0	0	198	0	0.053	0	1267
61649029	61741207	0	0	0	1	0	0.033	0	1268
46842293	-100	0	0	0	-100	0	0.468	0	
49440262	52649215	0	0	0	35	0	0.036	0	1271
49554201	49665486	0	0	0	1	0	0.035	0	1272
10966109	31822873	0	0	0	165	0	0.045	0	1273
22329685	27593677	0	0	0	512	0	0.047	0	1274
21273691	21274527	0	0	0	865	0	0.045	0	1275
51126843	-100	0	0	0	-100	0	0.446	0	
46842118	46901745	0	0	0	323	0	0.045	0	128
21435339	-100	0	0	0	-100	0	0.458	0	
23026145	23028406	0	0	0	765	0	0.092	0	1283
45722157	59174298	0	0	0	483	0	0.053	0	1284
42771185	43046753	0	0	0	57	0	0.02	0	1285
21185336	-100	0	0	0	-100	0	0.439	0	
60916444	60948692	0	0	0	776	0	0.061	0	1287
25964504	53703529	0	0	0	136	0	0.055	0	1289
30064401	30065418	0	0	0	12	0	0.02	0	129
10368180	-100	0	0	0	-100	0	0.441	0	
28360148	-100	0	0	0	-100	0	0.432	0	
11280277	30894636	0	0	0	6922	0	0.332	0	1292
19196923	33359284	0	0	0	6	0	0.054	0	1293
34898222	34903368	0	0	0	1	0	0.041	0	1294
10483349	16115102	0	0	0	4	0	0.031	0	1296
7726034	-100	0	0	0	-100	0	0.45	0	
10662314	-100	0	0	0	-100	0	0.421	0	
29827948	29892116	0	0	0	295	0	0.064	0	1299
48469441	-100	0	0	0	-100	0	0.445	0	
49229558	49269338	0	0	0	30	0	0.037	0	130
51597297	51650023	0	0	0	2277	0	0.131	0	1300
7885147	-100	0	0	0	-100	0	0.486	0	
4959018	5140447	0	0	0	6541	0	0.301	0	1302
32544646	-100	0	0	0	-100	0	0.478	0	
10706753	-100	0	0	0	-100	0	0.537	0	
12040245	31458536	0	0	0	2830	0	0.192	0	1306
6085238	51892875	0	0	0	6948	0	0.505	0	1307
9968976	18598953	0	0	0	760	0	0.174	0	1308
61873468	61900256	0	0	0	1	0	0.097	0	1309
35306306	-100	0	0	0	-100	0	0.938	0	
21962452	21971447	0	0	0	14	0	0.03	0	1311
3932038	42707308	0	0	0	781	0	0.143	0	1312
16070405	16072487	0	0	0	1	0	0.054	0	1313
25697358	-100	0	0	0	-100	0	0.88	0	
1195826	17217951	0	0	0	1244	0	0.082	0	1315
11676476	12139934	0	0	0	175	0	0.039	0	1317
5161055	-100	0	0	0	-100	0	0.464	0	
25755930	-100	0	0	0	-100	0	0.441	0	
41597604	41616407	0	0	0	5	0	0.075	0	132
40901445	-100	0	0	0	-100	0	0.441	0	
20637248	-100	0	0	0	-100	0	0.55	0	
2858014	-100	0	0	0	-100	0	0.619	0	
51387157	51546208	0	0	0	23	0	0.04	0	1323
27532044	52334725	0	0	0	1	0	0.078	0	1324
45357806	45375409	0	0	0	1	0	0.057	0	1325
16289182	33887083	0	0	0	2367	0	0.176	0	1327
28500096	-100	0	0	0	-100	0	0.449	0	
30902906	44549464	0	0	0	2	0	0.034	0	133
35025145	-100	0	0	0	-100	0	0.476	0	
8888516	-100	0	0	0	-100	0	0.434	0	
9506442	-100	0	0	0	-100	0	0.466	0	
18647777	24231827	0	0	0	187	0	0.027	0	1335
9449184	-100	0	0	0	-100	0	0.459	0	
21502181	21562813	0	0	0	170	0	0.048	0	1337
9096671	11353287	0	0	0	173	0	0.044	0	1338
56629367	56634463	0	0	0	687	0	0.056	0	1339
45265792	45266834	0	0	0	1	0	0.026	0	134
1630724	-100	0	0	0	-100	0	0.431	0	
37131569	-100	0	0	0	-100	0	0.425	0	
7883154	-100	0	0	0	-100	0	0.445	0	
12546365	61526548	0	0	0	864	0	0.053	0	1345
39694490	48286116	0	0	0	7501	0	0.362	0	1346
49746686	49813500	0	0	0	7219	0	0.33	0	1347
3744178	-100	0	0	0	-100	0	0.417	0	
9661469	9669411	0	0	0	307	0	0.042	0	1349
54701979	54737642	0	0	0	1	0	0.058	0	135
34213765	-100	0	0	0	-100	0	0.471	0	
6902087	-100	0	0	0	-100	0	0.497	0	
11301738	-100	0	0	0	-100	0	0.455	0	
10049602	-100	0	0	0	-100	0	0.43	0	
60330449	60556267	0	0	0	1	0	0.023	0	1355
11668904	-100	0	0	0	-100	0	0.607	0	
34731975	-100	0	0	0	-100	0	0.51	0	
51269865	51386027	0	0	0	72	0	0.032	0	1358
48067906	-100	0	0	0	-100	0	0.447	0	
58677247	-100	0	0	0	-100	0	0.454	0	
28579361	-100	0	0	0	-100	0	0.442	0	
17569309	-100	0	0	0	-100	0	0.438	0	
29775461	48774624	0	0	0	198	0	0.057	0	1362
32773617	56137091	0	0	0	4	0	0.054	0	1363
16846380	-100	0	0	0	-100	0	0.474	0	
7227976	40802404	0	0	0	308	0	0.045	0	1365
36033449	-100	0	0	0	-100	0	0.425	0	
9071020	-100	0	0	0	-100	0	0.454	0	
36571864	38601794	0	0	0	335	0	0.064	0	1368
38177908	38223003	0	0	0	3638	0	0.182	0	137
39262534	-100	0	0	0	-100	0	0.443	0	
9558040	-100	0	0	0	-100	0	0.433	0	
25145982	55710990	0	0	0	532	0	0.066	0	1375
45549449	-100	0	0	0	-100	0	0.41	0	
8153594	8713994	0	0	0	6823	0	0.304	0	1377
14883925	-100	0	0	0	-100	0	0.399	0	
17121390	17127645	0	0	0	1	0	0.02	0	1380
11846295	43696806	0	0	0	1	0	0.055	0	1381
12018499	33079500	0	0	0	1669	0	0.099	0	1382
12647774	-100	0	0	0	-100	0	0.452	0	
16626462	29696172	0	0	0	1092	0	0.08	0	1385
10661295	-100	0	0	0	-100	0	0.444	0	
24705431	60151766	0	0	0	5270	0	0.252	0	1388
22287498	23482036	0	0	0	8099	0	0.348	0	1389
58370234	58375977	0	0	0	1	0	0.048	0	139
30540644	-100	0	0	0	-100	0	0.43	0	
16196327	-100	0	0	0	-100	0	0.425	0	
17306695	17329288	0	0	0	1	0	0.067	0	1393
18093107	24953127	0	0	0	192	0	0.035	0	1394
4427234	-100	0	0	0	-100	0	0.423	0	
34345945	36255181	0	0	0	156	0	0.049	0	1396
28979857	34214859	0	0	0	6	0	0.03	0	1397
9851655	-100	0	0	0	-100	0	0.482	0	
60822398	60827811	0	0	0	1	0	0.049	0	1399
49517374	49521036	0	0	0	1	0	0.011	0	14
38971260	-100	0	0	0	-100	0	0.457	0	
3681647	12252750	0	0	0	5354	0	0.281	0	1400
12362176	-100	0	0	0	-100	0	0.466	0	
38540093	-100	0	0	0	-100	0	0.43	0	
30652116	30675761	0	0	0	38	0	0.048	0	1403
35525240	38277826	0	0	0	2	0	0.016	0	1404
34522732	51885427	0	0	0	79	0	0.051	0	1405
25946047	-100	0	0	0	-100	0	0.711	0	
2409317	10770698	0	0	0	2216	0	0.223	0	1407
47950817	47976994	0	0	0	17	0	0.044	0	1408
45824409	45826042	0	0	0	2	0	0.033	0	1409
55485704	55498710	0	0	0	580	0	0.069	0	141
5713713	23679925	0	0	0	8424	0	0.429	0	1410
6216968	-100	0	0	0	-100	0	0.527	0	
6258004	8855589	0	0	0	1786	0	0.132	0	1412
34096162	-100	0	0	0	-100	0	0.464	0	
4785933	5223113	0	0	0	3950	0	0.203	0	1414
9965747	9968578	0	0	0	66	0	0.032	0	1415
7004710	-100	0	0	0	-100	0	0.51	0	
29102155	29119052	0	0	0	3954	0	0.193	0	1417
2436688	-100	0	0	0	-100	0	0.487	0	
48713927	48717310	0	0	0	1002	0	0.081	0	142
28159143	28807266	0	0	0	29	0	0.039	0	1420
15059076	-100	0	0	0	-100	0	0.458	0	
36668078	-100	0	0	0	-100	0	0.519	0	
17761858	-100	0	0	0	-100	0	0.447	0	
15913417	16542994	0	0	0	3393	0	0.188	0	1424
52606467	59248550	0	0	0	1	0	0.037	0	1425
35040579	35056668	0	0	0	1	0	0.031	0	1426
21614443	-100	0	0	0	-100	0	0.442	0	
15502263	19410781	0	0	0	193	0	0.029	0	1428
52864035	-100	0	0	0	-100	0	0.423	0	
57937662	57946786	0	0	0	1	0	0.037	0	1430
40596609	40636032	0	0	0	3645	0	0.181	0	1431
48337624	48394545	0	0	0	845	0	0.06	0	1432
8161836	-100	0	0	0	-100	0	0.433	0	
8055508	-100	0	0	0	-100	0	0.483	0	
8197559	-100	0	0	0	-100	0	0.457	0	
9184969	10112587	0	0	0	1	0	0.021	0	1436
10431403	-100	0	0	0	-100	0	0.423	0	
36335498	42208566	0	0	0	3532	0	0.192	0	1439
3650862	32637159	0	0	0	1901	0	0.143	0	1440
17691036	33813972	0	0	0	425	0	0.037	0	1441
12464396	24949065	0	0	0	4772	0	0.223	0	1442
27004167	36852821	0	0	0	5652	0	0.275	0	1443
3443687	11228403	0	0	0	352	0	0.042	0	1445
15267018	15298359	0	0	0	1	0	0.062	0	1446
49676982	52431959	0	0	0	1	0	0.018	0	1448
1828206	-100	0	0	0	-100	0	0.484	0	
60062217	60728218	0	0	0	1179	0	0.068	0	145
2193742	-100	0	0	0	-100	0	0.451	0	
16390221	31432176	0	0	0	34	0	0.036	0	1452
47850921	-100	0	0	0	-100	0	0.463	0	
10939516	20330457	0	0	0	189	0	0.054	0	1454
5208679	-100	0	0	0	-100	0	0.455	0	
18881073	-100	0	0	0	-100	0	0.491	0	
11940605	-100	0	0	0	-100	0	0.462	0	
1401904	-100	0	0	0	-100	0	0.443	0	
25693082	39507618	0	0	0	3	0	0.044	0	1459
9378482	-100	0	0	0	-100	0	0.422	0	
28748046	-100	0	0	0	-100	0	0.427	0	
14983805	29100911	0	0	0	4	0	0.04	0	1462
9508747	27718360	0	0	0	686	0	0.059	0	1464
43251214	61868853	0	0	0	36	0	0.022	0	1465
52932440	52933667	0	0	0	24	0	0.033	0	1467
33117997	-100	0	0	0	-100	0	0.442	0	
52338580	52339226	0	0	0	4	0	0.043	0	147
26123516	-100	0	0	0	-100	0	0.454	0	
23077125	-100	0	0	0	-100	0	0.448	0	
29980426	32546083	0	0	0	7223	0	0.314	0	1482
18171246	51216908	0	0	0	5	0	0.024	0	1483
29241492	37090722	0	0	0	744	0	0.062	0	1484
1395577	-100	0	0	0	-100	0	0.433	0	
18287981	25069798	0	0	0	19	0	0.033	0	1486
15059093	-100	0	0	0	-100	0	0.447	0	
22003683	-100	0	0	0	-100	0	0.419	0	
29624895	29629049	0	0	0	1	0	0.027	0	1489
45259737	-100	0	0	0	-100	0	0.412	0	
2643939	15968494	0	0	0	4588	0	0.207	0	1490
9871106	-100	0	0	0	-100	0	0.431	0	
11979017	12096492	0	0	0	1	0	0.044	0	1493
12514612	27690729	0	0	0	6	0	0.026	0	1494
19404270	-100	0	0	0	-100	0	0.437	0	
18511249	-100	0	0	0	-100	0	0.43	0	
27953588	-100	0	0	0	-100	0	0.442	0	
24070714	42098881	0	0	0	7046	0	0.312	0	1498
50858296	50860018	0	0	0	614	0	0.07	0	1499
27497068	27507448	0	0	0	282	0	0.041	0	15
51551082	51603769	0	0	0	1	0	0.029	0	150
21760298	21764361	0	0	0	6790	0	0.303	0	1500
38109501	39337862	0	0	0	5348	0	0.257	0	1502
17808575	-100	0	0	0	-100	0	0.443	0	
12019638	12023403	0	0	0	138	0	0.055	0	1505
10035551	11393123	0	0	0	6	0	0.022	0	1506
10438969	46712379	0	0	0	7207	0	0.354	0	1508
59153010	59187457	0	0	0	1	0	0.042	0	151
15660954	15730793	0	0	0	4175	0	0.198	0	1510
19470426	-100	0	0	0	-100	0	0.466	0	
36040542	38900293	0	0	0	3269	0	0.162	0	1514
8096313	9439256	0	0	0	1321	0	0.082	0	1516
13106645	13123638	0	0	0	282	0	0.058	0	1517
24536154	-100	0	0	0	-100	0	0.427	0	
46857193	46925686	0	0	0	8412	0	0.389	0	1519
25905144	41589266	0	0	0	1076	0	0.077	0	152
5251507	-100	0	0	0	-100	0	0.435	0	
18487369	-100	0	0	0	-100	0	0.48	0	
27637455	-100	0	0	0	-100	0	0.464	0	
9917049	34496000	0	0	0	1073	0	0.077	0	1525
13703344	14687326	0	0	0	79	0	0.026	0	1526
12584704	12599684	0	0	0	121	0	0.043	0	1527
16255579	-100	0	0	0	-100	0	0.437	0	
57935571	-100	0	0	0	-100	0	0.473	0	
48142634	-100	0	0	0	-100	0	0.453	0	
5980240	7224938	0	0	0	9629	0	0.424	0	1530
30460410	30560689	0	0	0	133	0	0.022	0	1532
42469003	42491624	0	0	0	121	0	0.046	0	1533
47934438	48104724	0	0	0	1	0	0.063	0	1534
16284766	-100	0	0	0	-100	0	0.427	0	
26291988	-100	0	0	0	-100	0	0.436	0	
1189759	-100	0	0	0	-100	0	0.422	0	
15034471	15042418	0	0	0	1	0	0.041	0	1538
5352099	-100	0	0	0	-100	0	0.442	0	
56530842	-100	0	0	0	-100	0	0.427	0	
1848331	6099243	0	0	0	943	0	0.059	0	1540
7963393	-100	0	0	0	-100	0	0.447	0	
44616530	52554822	0	0	0	9055	0	0.433	0	1542
23840523	24094963	0	0	0	230	0	0.044	0	155
18989001	30103408	0	0	0	399	0	0.045	0	1550
26917689	40837588	0	0	0	5037	0	0.256	0	1552
3099219	54413787	0	0	0	1395	0	0.09	0	1553
5106782	34097133	0	0	0	90	0	0.051	0	1555
22569176	-100	0	0	0	-100	0	0.453	0	
38372906	39330299	0	0	0	112	0	0.029	0	1557
8389913	8390943	0	0	0	1	0	0.044	0	1558
8843700	-100	0	0	0	-100	0	0.416	0	
26519172	47044068	0	0	0	2	0	0.018	0	1564
1815606	3452086	0	0	0	232	0	0.057	0	1568
27264266	27296022	0	0	0	2	0	0.014	0	1569
47405422	-100	0	0	0	-100	0	0.432	0	
30006822	-100	0	0	0	-100	0	0.43	0	
19253820	-100	0	0	0	-100	0	0.45	0	
29793398	50070741	0	0	0	7	0	0.015	0	1572
9315258	-100	0	0	0	-100	0	0.437	0	
5226807	-100	0	0	0	-100	0	0.434	0	
3864535	-100	0	0	0	-100	0	0.424	0	
18406991	-100	0	0	0	-100	0	0.435	0	
26706159	30513616	0	0	0	594	0	0.054	0	158
5465314	-100	0	0	0	-100	0	0.442	0	
26477679	26491934	0	0	0	28	0	0.044	0	1583
30671958	47804593	0	0	0	5344	0	0.249	0	1584
5415132	-100	0	0	0	-100	0	0.445	0	
28574757	-100	0	0	0	-100	0	0.461	0	
24904683	-100	0	0	0	-100	0	0.436	0	
11275187	-100	0	0	0	-100	0	0.418	0	
55550126	56099758	0	0	0	1	0	0.019	0	1589
52334944	58713038	0	0	0	1	0	0.036	0	159
13167531	-100	0	0	0	-100	0	0.432	0	
16253789	-100	0	0	0	-100	0	0.444	0	
15625990	28032846	0	0	0	1	0	0.043	0	1593
29583849	42723141	0	0	0	2895	0	0.165	0	1594
31458051	31463445	0	0	0	9005	0	0.386	0	1596
45351663	45406009	0	0	0	449	0	0.051	0	1597
20039335	20076511	0	0	0	1135	0	0.103	0	1598
45405167	61117221	0	0	0	17	0	0.035	0	1599
33263759	-100	0	0	0	-100	0	0.436	0	
52334683	52382354	0	0	0	1	0	0.088	0	160
34865789	-100	0	0	0	-100	0	0.468	0	
28889057	-100	0	0	0	-100	0	0.429	0	
7864931	-100	0	0	0	-100	0	0.431	0	
6558921	7953833	0	0	0	335	0	0.048	0	1606
12925063	-100	0	0	0	-100	0	0.43	0	
11433432	40640132	0	0	0	9678	0	0.408	0	1608
22945651	-100	0	0	0	-100	0	0.426	0	
52858332	-100	0	0	0	-100	0	0.457	0	
32999460	-100	0	0	0	-100	0	0.447	0	
21295936	-100	0	0	0	-100	0	0.451	0	
57253488	57672160	0	0	0	910	0	0.077	0	1612
2547402	-100	0	0	0	-100	0	0.52	0	
6675066	-100	0	0	0	-100	0	0.401	0	
4227223	-100	0	0	0	-100	0	0.429	0	
31381066	32411080	0	0	0	2	0	0.019	0	162
7611169	-100	0	0	0	-100	0	0.452	0	
12786335	12898318	0	0	0	2772	0	0.146	0	1621
7355187	12307139	0	0	0	31	0	0.036	0	1626
1535021	-100	0	0	0	-100	0	0.444	0	
2899581	5510966	0	0	0	16	0	0.039	0	1629
38440350	-100	0	0	0	-100	0	0.435	0	
8091303	-100	0	0	0	-100	0	0.463	0	
25137444	-100	0	0	0	-100	0	0.459	0	
9555889	-100	0	0	0	-100	0	0.453	0	
7854433	-100	0	0	0	-100	0	0.45	0	
3606697	-100	0	0	0	-100	0	0.454	0	
11214012	-100	0	0	0	-100	0	0.41	0	
31690007	42151880	0	0	0	869	0	0.057	0	1636
15875786	-100	0	0	0	-100	0	0.457	0	
36478278	47519624	0	0	0	116	0	0.033	0	164
11020437	28890227	0	0	0	191	0	0.045	0	1643
1299871	-100	0	0	0	-100	0	0.442	0	
17638090	18080378	0	0	0	8844	0	0.418	0	1648
22133577	61079751	0	0	0	95	0	0.021	0	1649
56817353	56817718	0	0	0	5	0	0.036	0	165
26003574	57123813	0	0	0	9585	0	0.441	0	1650
2894775	-100	0	0	0	-100	0	0.427	0	
25866788	47171585	0	0	0	137	0	0.034	0	1652
7901925	-100	0	0	0	-100	0	0.437	0	
7549694	61266084	0	0	0	128	0	0.031	0	1656
12409960	29357612	0	0	0	522	0	0.051	0	1657
10525957	10536396	0	0	0	591	0	0.07	0	1658
14124373	14358526	0	0	0	195	0	0.044	0	1659
59184868	59192861	0	0	0	2	0	0.043	0	166
5671719	-100	0	0	0	-100	0	0.419	0	
6644997	18994631	0	0	0	14	0	0.028	0	1661
8751497	46150851	0	0	0	2626	0	0.135	0	1662
22305444	32492667	0	0	0	11	0	0.038	0	1664
35651669	45709189	0	0	0	6	0	0.033	0	1666
20600900	-100	0	0	0	-100	0	0.434	0	
29360182	29361182	0	0	0	4	0	0.033	0	1668
3302356	-100	0	0	0	-100	0	0.432	0	
58159645	-100	0	0	0	-100	0	0.453	0	
4126326	-100	0	0	0	-100	0	0.452	0	
3505701	-100	0	0	0	-100	0	0.51	0	
11562656	-100	0	0	0	-100	0	0.472	0	
23261760	-100	0	0	0	-100	0	0.472	0	
18720036	24715894	0	0	0	489	0	0.041	0	1675
2247045	-100	0	0	0	-100	0	0.433	0	
43515925	43518958	0	0	0	598	0	0.089	0	1679
45779447	-100	0	0	0	-100	0	0.455	0	
5453336	17370853	0	0	0	508	0	0.041	0	1680
9198637	-100	0	0	0	-100	0	0.446	0	
12448428	13294952	0	0	0	4614	0	0.225	0	1682
14680075	31897329	0	0	0	4	0	0.015	0	1683
5963269	-100	0	0	0	-100	0	0.447	0	
44728704	44808793	0	0	0	1388	0	0.102	0	169
20941744	20950880	0	0	0	362	0	0.084	0	17
28006813	-100	0	0	0	-100	0	0.43	0	
58878544	-100	0	0	0	-100	0	0.441	0	
39746947	39833768	0	0	0	1	0	0.039	0	172
41052687	51594999	0	0	0	605	0	0.063	0	173
19858729	60757051	0	0	0	1	0	0.016	0	174
34764830	-100	0	0	0	-100	0	0.451	0	
36110331	40793506	0	0	0	791	0	0.07	0	176
58131498	-100	0	0	0	-100	0	0.418	0	
50229410	50231104	0	0	0	216	0	0.027	0	178
8023315	-100	0	0	0	-100	0	0.431	0	
45321041	45322657	0	0	0	143	0	0.046	0	18
52193105	53678412	0	0	0	86	0	0.027	0	180
57867429	57870092	0	0	0	1	0	0.064	0	181
50838664	50854067	0	0	0	9	0	0.031	0	182
60450608	60561129	0	0	0	120	0	0.074	0	183
46295687	55735530	0	0	0	203	0	0.049	0	184
19895107	-100	0	0	0	-100	0	0.446	0	
46818951	46839455	0	0	0	1	0	0.028	0	186
40789601	40807266	0	0	0	5621	0	0.294	0	187
31089205	31092962	0	0	0	1	0	0.03	0	188
48128383	-100	0	0	0	-100	0	0.501	0	
53971364	-100	0	0	0	-100	0	0.424	0	
33447901	33472328	0	0	0	1	0	0.029	0	190
54943418	54950917	0	0	0	6764	0	0.315	0	191
15097497	15147336	0	0	0	9707	0	0.456	0	192
17718842	17719480	0	0	0	111	0	0.055	0	193
44457243	44473379	0	0	0	74	0	0.059	0	194
37924896	40787001	0	0	0	219	0	0.051	0	195
58611777	58613149	0	0	0	4402	0	0.22	0	196
44697183	44718072	0	0	0	4	0	0.032	0	197
13577918	41050532	0	0	0	386	0	0.035	0	198
59397169	59429703	0	0	0	1	0	0.041	0	199
30918550	30920000	0	0	0	1	0	0.062	0	2
36669528	36673576	0	0	0	3	0	0.036	0	20
18694281	-100	0	0	0	-100	0	0.425	0	
48651010	59396848	0	0	0	38	0	0.015	0	201
50483582	50487229	0	0	0	169	0	0.053	0	202
43970831	47822694	0	0	0	2	0	0.055	0	203
47074159	47080518	0	0	0	1531	0	0.112	0	204
57820798	57864965	0	0	0	1	0	0.045	0	205
52840058	53074411	0	0	0	1	0	0.048	0	206
47537760	47596739	0	0	0	1	0	0.05	0	207
37110555	-100	0	0	0	-100	0	0.462	0	
37193380	-100	0	0	0	-100	0	0.437	0	
43990569	43991620	0	0	0	20	0	0.047	0	210
36620585	39207125	0	0	0	1	0	0.028	0	211
55721820	55724880	0	0	0	2	0	0.035	0	212
43435385	47071014	0	0	0	1	0	0.025	0	213
44973544	-100	0	0	0	-100	0	0.475	0	
57031898	57294988	0	0	0	386	0	0.035	0	215
57101282	-100	0	0	0	-100	0	0.421	0	
53099087	53130611	0	0	0	17	0	0.028	0	217
9058728	9059726	0	0	0	18	0	0.053	0	218
51000699	51090065	0	0	0	5	0	0.031	0	219
31949659	31950166	0	0	0	1	0	0.034	0	22
57029872	57086593	0	0	0	1	0	0.031	0	220
13812373	34221612	0	0	0	1254	0	0.106	0	221
38348097	45493545	0	0	0	5273	0	0.248	0	222
26618951	-100	0	0	0	-100	0	0.425	0	
56503342	56515650	0	0	0	1	0	0.041	0	224
20343611	-100	0	0	0	-100	0	0.469	0	
52576686	52832970	0	0	0	953	0	0.076	0	226
16132625	16152161	0	0	0	2894	0	0.163	0	227
48454816	-100	0	0	0	-100	0	0.461	0	
49435594	-100	0	0	0	-100	0	0.477	0	
30113308	30115455	0	0	0	1	0	0.036	0	23
53618077	-100	0	0	0	-100	0	0.375	0	
26354768	26359909	0	0	0	1	0	0.02	0	231
38675292	38682488	0	0	0	1	0	0.019	0	232
31092005	35266730	0	0	0	26	0	0.034	0	233
41608294	41628450	0	0	0	6	0	0.024	0	234
21895585	-100	0	0	0	-100	0	0.429	0	
59119580	59158870	0	0	0	1	0	0.025	0	236
35322815	35324848	0	0	0	1	0	0.059	0	237
41817623	41880973	0	0	0	1072	0	0.091	0	238
59380554	59395052	0	0	0	1	0	0.052	0	239
50048754	61046041	0	0	0	1536	0	0.094	0	24
11650996	11669945	0	0	0	1	0	0.034	0	240
25876755	44269918	0	0	0	1508	0	0.08	0	242
54661129	54661698	0	0	0	1	0	0.058	0	244
21630406	46106423	0	0	0	916	0	0.069	0	247
45222720	45251117	0	0	0	2	0	0.021	0	248
46643184	46650208	0	0	0	1	0	0.008	0	249
5749252	5761576	0	0	0	1761	0	0.103	0	25
57563989	-100	0	0	0	-100	0	0.442	0	
7473067	7486450	0	0	0	1	0	0.024	0	251
59639543	59653531	0	0	0	2	0	0.029	0	252
44434739	44456676	0	0	0	982	0	0.058	0	253
21917358	-100	0	0	0	-100	0	0.438	0	
43981187	-100	0	0	0	-100	0	0.438	0	
43712843	-100	0	0	0	-100	0	0.429	0	
60948668	61501935	0	0	0	5104	0	0.244	0	257
25056597	25076293	0	0	0	1	0	0.026	0	258
59113457	59117165	0	0	0	1	0	0.017	0	259
15431924	-100	0	0	0	-100	0	0.449	0	
31063959	31125693	0	0	0	3433	0	0.187	0	260
38782051	-100	0	0	0	-100	0	0.385	0	
12975794	12976569	0	0	0	1	0	0.043	0	262
48627287	-100	0	0	0	-100	0	0.434	0	
52086833	55859382	0	0	0	7767	0	0.363	0	264
54000814	56105878	0	0	0	8962	0	0.41	0	265
23217681	24542583	0	0	0	67	0	0.034	0	266
9829424	9840509	0	0	0	2141	0	0.136	0	267
37878693	37881270	0	0	0	5483	0	0.272	0	268
56490797	56491759	0	0	0	6	0	0.041	0	269
58685422	58689515	0	0	0	20	0	0.027	0	27
53701824	53869307	0	0	0	1	0	0.033	0	270
34994790	35006572	0	0	0	17	0	0.034	0	271
36041601	36043244	0	0	0	171	0	0.054	0	272
52558238	52652934	0	0	0	72	0	0.034	0	273
42974231	43144245	0	0	0	1191	0	0.089	0	274
47315053	-100	0	0	0	-100	0	0.449	0	
28964929	28988004	0	0	0	444	0	0.079	0	276
46266078	46395927	0	0	0	1	0	0.075	0	277
42595256	-100	0	0	0	-100	0	0.449	0	
19787909	-100	0	0	0	-100	0	0.421	0	
43480866	43481085	0	0	0	776	0	0.069	0	28
57601875	-100	0	0	0	-100	0	0.43	0	
39779573	-100	0	0	0	-100	0	0.435	0	
33251264	36039309	0	0	0	1347	0	0.08	0	282
15591880	-100	0	0	0	-100	0	0.47	0	
15591704	15593537	0	0	0	6	0	0.039	0	284
23017552	23035841	0	0	0	1	0	0.028	0	285
54906090	54912421	0	0	0	9776	0	0.424	0	286
43660562	-100	0	0	0	-100	0	0.482	0	
56484967	-100	0	0	0	-100	0	0.446	0	
30560405	31347470	0	0	0	2799	0	0.153	0	289
47183558	51869337	0	0	0	1	0	0.029	0	29
9298765	-100	0	0	0	-100	0	0.428	0	
44030594	44094497	0	0	0	5	0	0.031	0	295
44721152	-100	0	0	0	-100	0	0.466	0	
47570984	47590287	0	0	0	1	0	0.043	0	297
38133485	38192010	0	0	0	1343	0	0.082	0	298
40538304	-100	0	0	0	-100	0	0.438	0	
41925706	-100	0	0	0	-100	0	0.445	0	
37450698	55560381	0	0	0	17	0	0.023	0	30
11394091	13349613	0	0	0	4008	0	0.223	0	300
47044939	47048035	0	0	0	22	0	0.018	0	301
34020079	50452750	0	0	0	158	0	0.014	0	302
42587758	42588378	0	0	0	1562	0	0.138	0	303
57529808	57577735	0	0	0	57	0	0.034	0	304
54426953	54465075	0	0	0	5	0	0.04	0	306
49115813	-100	0	0	0	-100	0	0.442	0	
31838855	51030060	0	0	0	2626	0	0.134	0	308
25109672	25547152	0	0	0	1	0	0.034	0	309
37974317	38010031	0	0	0	1	0	0.032	0	31
47083455	47304933	0	0	0	7173	0	0.314	0	310
35075215	35118287	0	0	0	1	0	0.055	0	311
44419857	44802712	0	0	0	104	0	0.049	0	312
16201906	43896337	0	0	0	6	0	0.03	0	313
33015823	34983149	0	0	0	194	0	0.038	0	314
31796914	40225786	0	0	0	675	0	0.054	0	315
8539303	8540143	0	0	0	2201	0	0.12	0	316
32885570	-100	0	0	0	-100	0	0.444	0	
34286905	45206286	0	0	0	1701	0	0.095	0	318
15421130	23792137	0	0	0	7	0	0.033	0	319
39808631	39832436	0	0	0	17	0	0.035	0	32
22661397	22788870	0	0	0	4	0	0.053	0	320
44295144	52283303	0	0	0	760	0	0.068	0	321
25020092	36671531	0	0	0	357	0	0.046	0	322
28461220	-100	0	0	0	-100	0	0.488	0	
8899096	14271584	0	0	0	9	0	0.032	0	324
59360232	59376487	0	0	0	1	0	0.047	0	325
31837419	31842356	0	0	0	90	0	0.039	0	326
51494868	-100	0	0	0	-100	0	0.43	0	
52281220	52300914	0	0	0	42	0	0.046	0	328
32181742	-100	0	0	0	-100	0	0.425	0	
52127834	52128944	0	0	0	164	0	0.038	0	33
33442362	59212970	0	0	0	4	0	0.025	0	330
22396234	26952232	0	0	0	1	0	0.029	0	331
18706182	18726155	0	0	0	7	0	0.041	0	332
32686195	55163719	0	0	0	2	0	0.028	0	334
56736475	56768930	0	0	0	1	0	0.071	0	335
57332088	61979235	0	0	0	3805	0	0.182	0	336
50752133	51296577	0	0	0	190	0	0.039	0	337
50273919	50290782	0	0	0	1	0	0.038	0	338
34454034	-100	0	0	0	-100	0	0.453	0	
46360218	-100	0	0	0	-100	0	0.437	0	
45873483	60930523	0	0	0	92	0	0.033	0	340
19054092	33989595	0	0	0	58	0	0.031	0	341
52803902	52814300	0	0	0	106	0	0.043	0	342
34266186	37861578	0	0	0	3	0	0.036	0	343
55686910	55688698	0	0	0	221	0	0.047	0	344
39023962	39036198	0	0	0	3538	0	0.177	0	345
23309687	-100	0	0	0	-100	0	0.436	0	
10859858	-100	0	0	0	-100	0	0.464	0	
55535021	55537032	0	0	0	248	0	0.09	0	35
31044922	31057192	0	0	0	6	0	0.028	0	350
2732397	37129926	0	0	0	17	0	0.029	0	351
42578273	-100	0	0	0	-100	0	0.48	0	
29902891	29905071	0	0	0	1	0	0.043	0	353
51486048	-100	0	0	0	-100	0	0.434	0	
44591583	-100	0	0	0	-100	0	0.447	0	
44411575	-100	0	0	0	-100	0	0.431	0	
29529021	-100	0	0	0	-100	0	0.471	0	
44158882	44538939	0	0	0	1	0	0.038	0	358
45721802	-100	0	0	0	-100	0	0.486	0	
44262563	44279773	0	0	0	1	0	0.031	0	36
24242704	24257271	0	0	0	1	0	0.022	0	360
29601156	30047010	0	0	0	31	0	0.04	0	361
56597412	56598005	0	0	0	265	0	0.052	0	362
60925357	60925391	0	0	0	1	0	0.05	0	363
27965291	-100	0	0	0	-100	0	0.416	0	
31365768	-100	0	0	0	-100	0	0.496	0	
45458787	45461707	0	0	0	1	0	0.029	0	366
30778718	-100	0	0	0	-100	0	0.478	0	
19920281	29992066	0	0	0	83	0	0.041	0	368
31045512	31564834	0	0	0	2	0	0.039	0	369
59204544	59242628	0	0	0	1	0	0.02	0	37
44005847	-100	0	0	0	-100	0	0.458	0	
45720125	49509228	0	0	0	11	0	0.031	0	371
52535696	-100	0	0	0	-100	0	0.439	0	
49140030	60506879	0	0	0	2	0	0.012	0	379
49013393	51078004	0	0	0	1	0	0.028	0	38
39166027	39173002	0	0	0	3	0	0.022	0	380
34054287	-100	0	0	0	-100	0	0.444	0	
53059075	53060304	0	0	0	457	0	0.063	0	382
23961022	23969411	0	0	0	9	0	0.041	0	383
27368770	59356541	0	0	0	5671	0	0.274	0	384
23436577	-100	0	0	0	-100	0	0.451	0	
60660622	60677042	0	0	0	3832	0	0.198	0	386
20290069	20291599	0	0	0	1712	0	0.115	0	387
16474179	-100	0	0	0	-100	0	0.434	0	
47552930	47625279	0	0	0	13	0	0.05	0	389
42426970	42461697	0	0	0	1	0	0.042	0	39
16902902	-100	0	0	0	-100	0	0.441	0	
53697235	-100	0	0	0	-100	0	0.435	0	
22386555	-100	0	0	0	-100	0	0.433	0	
15046111	15069078	0	0	0	613	0	0.052	0	394
33920330	34061912	0	0	0	1	0	0.034	0	395
52532428	57655036	0	0	0	754	0	0.078	0	396
16880627	21613467	0	0	0	7169	0	0.318	0	397
25330753	41551216	0	0	0	1	0	0.029	0	399
23836169	-100	0	0	0	-100	0	0.829	0	
55284306	61039110	0	0	0	1	0	0.03	0	40
50958860	-100	0	0	0	-100	0	0.881	0	
23327746	23329178	0	0	0	1	0	0.192	0	401
58298622	58355299	0	0	0	2666	0	0.329	0	402
48336742	48339884	0	0	0	1	0	0.07	0	403
44666715	44688711	0	0	0	1	0	0.072	0	404
15044342	-100	0	0	0	-100	0	0.948	0	
33748871	33750235	0	0	0	74	0	0.049	0	406
21596906	21604525	0	0	0	279	0	0.089	0	407
44786138	-100	0	0	0	-100	0	0.613	0	
35866379	36014676	0	0	0	4332	0	0.323	0	410
25020788	39508831	0	0	0	28	0	0.053	0	411
45975959	-100	0	0	0	-100	0	0.591	0	
13272612	43616480	0	0	0	907	0	0.046	0	413
53053598	53059211	0	0	0	1	0	0.019	0	414
14827853	-100	0	0	0	-100	0	0.487	0	
53799909	53952083	0	0	0	50	0	0.031	0	416
5913006	-100	0	0	0	-100	0	0.546	0	
33954292	46761065	0	0	0	678	0	0.073	0	419
43731301	43737524	0	0	0	1	0	0.059	0	42
61702762	61707244	0	0	0	1	0	0.025	0	420
15670151	-100	0	0	0	-100	0	0.566	0	
40250072	-100	0	0	0	-100	0	0.495	0	
9023256	14058832	0	0	0	9284	0	0.541	0	424
47284664	47858957	0	0	0	338	0	0.068	0	425
19234796	37150889	0	0	0	5136	0	0.24	0	426
15162741	-100	0	0	0	-100	0	0.521	0	
42864262	43613986	0	0	0	110	0	0.036	0	428
54623575	54624083	0	0	0	1	0	0.045	0	429
45572226	45579541	0	0	0	1	0	0.032	0	43
46747475	46759058	0	0	0	16	0	0.019	0	430
45448169	45576820	0	0	0	41	0	0.037	0	431
61979426	61993479	0	0	0	770	0	0.07	0	432
56615319	56720250	0	0	0	86	0	0.06	0	433
35224338	35234038	0	0	0	4233	0	0.23	0	434
37059281	37071001	0	0	0	6	0	0.026	0	435
29981195	29987611	0	0	0	38	0	0.05	0	436
37059404	-100	0	0	0	-100	0	0.498	0	
56981960	56990956	0	0	0	553	0	0.057	0	438
22116489	-100	0	0	0	-100	0	0.444	0	
31955051	38493318	0	0	0	1	0	0.05	0	44
57427059	58343088	0	0	0	5214	0	0.285	0	440
12416880	12523548	0	0	0	1230	0	0.109	0	441
58648886	-100	0	0	0	-100	0	0.482	0	
41783245	-100	0	0	0	-100	0	0.487	0	
31815294	-100	0	0	0	-100	0	0.526	0	
49640909	49711972	0	0	0	24	0	0.048	0	445
19791917	-100	0	0	0	-100	0	0.446	0	
23252231	24501245	0	0	0	3237	0	0.209	0	447
47446458	47542849	0	0	0	30	0	0.026	0	448
28480625	-100	0	0	0	-100	0	0.595	0	
38230957	38252013	0	0	0	2732	0	0.151	0	45
31868370	31900708	0	0	0	94	0	0.029	0	450
14926672	-100	0	0	0	-100	0	0.437	0	
11365857	-100	0	0	0	-100	0	0.446	0	
28725115	-100	0	0	0	-100	0	0.466	0	
61967678	61991055	0	0	0	1435	0	0.126	0	454
45968501	45983949	0	0	0	1	0	0.027	0	455
43694637	43706199	0	0	0	10	0	0.162	0	459
58938992	58957189	0	0	0	6	0	0.15	0	46
37579756	-100	0	0	0	-100	0	0.955	0	
61958925	62012913	0	0	0	3	0	0.098	0	461
10840741	-100	0	0	0	-100	0	0.703	0	
8743556	8754475	0	0	0	431	0	0.097	0	463
51320621	54880869	0	0	0	482	0	0.08	0	464
52521310	52533132	0	0	0	1	0	0.086	0	465
4559175	-100	0	0	0	-100	0	0.725	0	
31286965	33262480	0	0	0	14	0	0.109	0	467
34230391	34694775	0	0	0	193	0	0.14	0	468
50685421	-100	0	0	0	-100	0	0.402	0	
13063273	13063605	0	0	0	8512	0	0.393	0	47
7169202	-100	0	0	0	-100	0	0.443	0	
16111242	19894471	0	0	0	41	0	0.061	0	471
54879274	55032275	0	0	0	1505	0	0.09	0	472
25340847	44486551	0	0	0	5	0	0.051	0	473
33505541	-100	0	0	0	-100	0	0.519	0	
49762128	51753158	0	0	0	1	0	0.078	0	475
1400937	-100	0	0	0	-100	0	0.423	0	
36790376	36950037	0	0	0	38	0	0.047	0	477
61783029	-100	0	0	0	-100	0	0.585	0	
49109933	49111594	0	0	0	556	0	0.112	0	479
29833571	29834397	0	0	0	1	0	0.111	0	48
47274691	-100	0	0	0	-100	0	0.516	0	
26403919	27672134	0	0	0	7	0	0.032	0	481
33787624	-100	0	0	0	-100	0	0.517	0	
25516365	25532844	0	0	0	1763	0	0.274	0	483
54033510	54089471	0	0	0	12	0	0.075	0	484
37195322	-100	0	0	0	-100	0	0.437	0	
57759059	57779014	0	0	0	2	0	0.06	0	486
27866705	27874548	0	0	0	8460	0	0.376	0	487
19686892	-100	0	0	0	-100	0	0.493	0	
55675591	55676436	0	0	0	31	0	0.025	0	489
32723761	-100	0	0	0	-100	0	0.519	0	
60132869	60133762	0	0	0	6020	0	0.308	0	490
52675487	52682271	0	0	0	3515	0	0.174	0	491
22893028	22893290	0	0	0	4022	0	0.207	0	492
8998884	-100	0	0	0	-100	0	0.491	0	
58021216	58083701	0	0	0	186	0	0.046	0	494
44930704	48381672	0	0	0	2	0	0.055	0	497
24626769	50059193	0	0	0	1808	0	0.148	0	498
23678494	26332489	0	0	0	8315	0	0.404	0	499
60797216	60811581	0	0	0	2	0	0.033	0	5
48052270	48055272	0	0	0	5	0	0.04	0	50
6901238	6981631	0	0	0	2863	0	0.173	0	500
34704733	-100	0	0	0	-100	0	0.445	0	
36260816	-100	0	0	0	-100	0	0.536	0	
48056851	48072338	0	0	0	1	0	0.037	0	503
58531982	58542413	0	0	0	334	0	0.063	0	504
17385801	17393108	0	0	0	5345	0	0.344	0	505
47444012	49366830	0	0	0	7483	0	0.46	0	506
49628570	49753115	0	0	0	544	0	0.059	0	507
10306831	-100	0	0	0	-100	0	0.457	0	
10306474	28479568	0	0	0	2393	0	0.126	0	509
51335424	51338784	0	0	0	2	0	0.028	0	51
30491545	48634449	0	0	0	2923	0	0.298	0	510
36520813	44143423	0	0	0	2931	0	0.201	0	511
53033225	53035534	0	0	0	1	0	0.077	0	512
35330207	35471802	0	0	0	2	0	0.025	0	513
33237264	33898937	0	0	0	25	0	0.028	0	514
37719503	37830819	0	0	0	3	0	0.066	0	515
43654787	60112609	0	0	0	6	0	0.03	0	516
27606380	-100	0	0	0	-100	0	0.458	0	
16397526	51847367	0	0	0	1563	0	0.098	0	518
31538038	31585708	0	0	0	2	0	0.035	0	519
13871818	-100	0	0	0	-100	0	0.563	0	
55168485	-100	0	0	0	-100	0	0.464	0	
13088770	43596486	0	0	0	10	0	0.022	0	521
40689434	-100	0	0	0	-100	0	0.46	0	
24195255	24197181	0	0	0	1	0	0.024	0	523
59825843	60970948	0	0	0	2521	0	0.129	0	524
56702965	56704121	0	0	0	1	0	0.023	0	525
37266143	37301838	0	0	0	1	0	0.081	0	526
44190450	48838222	0	0	0	292	0	0.037	0	527
25640114	36779537	0	0	0	1208	0	0.086	0	528
60878248	-100	0	0	0	-100	0	0.49	0	
57363854	-100	0	0	0	-100	0	0.514	0	
25245076	25276758	0	0	0	945	0	0.074	0	530
10826357	10851976	0	0	0	7	0	0.046	0	531
19214914	29749661	0	0	0	2820	0	0.167	0	532
24195562	24207457	0	0	0	9	0	0.052	0	533
58798091	58802355	0	0	0	1	0	0.037	0	534
48657034	48836376	0	0	0	1836	0	0.136	0	535
7943695	-100	0	0	0	-100	0	0.445	0	
29174774	29286588	0	0	0	257	0	0.027	0	537
4794859	32206608	0	0	0	1200	0	0.079	0	538
11672050	22528625	0	0	0	4620	0	0.211	0	539
15960129	28789767	0	0	0	6	0	0.028	0	54
19474552	29235114	0	0	0	17	0	0.027	0	540
61417517	61467044	0	0	0	1	0	0.033	0	541
19748205	43329230	0	0	0	6921	0	0.308	0	544
35799426	-100	0	0	0	-100	0	0.421	0	
52242044	-100	0	0	0	-100	0	0.456	0	
56960608	-100	0	0	0	-100	0	0.518	0	
17750893	17751862	0	0	0	711	0	0.078	0	549
51071941	51072873	0	0	0	11	0	0.041	0	55
21651978	-100	0	0	0	-100	0	0.487	0	
21045866	-100	0	0	0	-100	0	0.482	0	
40182340	40185121	0	0	0	5971	0	0.305	0	553
53813758	-100	0	0	0	-100	0	0.466	0	
32206623	34939054	0	0	0	104	0	0.046	0	555
26667162	36511909	0	0	0	2316	0	0.176	0	557
31268826	31301694	0	0	0	1701	0	0.11	0	558
24767751	45948882	0	0	0	58	0	0.106	0	559
27787116	41634744	0	0	0	35	0	0.071	0	56
45948534	53569414	0	0	0	1	0	0.045	0	560
40557147	-100	0	0	0	-100	0	0.535	0	
8889554	10931972	0	0	0	6	0	0.038	0	562
12468574	26025430	0	0	0	518	0	0.069	0	563
50237076	-100	0	0	0	-100	0	0.612	0	
26449666	37651470	0	0	0	53	0	0.086	0	565
33501032	-100	0	0	0	-100	0	0.514	0	
10303241	-100	0	0	0	-100	0	0.656	0	
32721789	32736335	0	0	0	1	0	0.05	0	57
31388329	-100	0	0	0	-100	0	0.5	0	
25727473	-100	0	0	0	-100	0	0.588	0	
43850293	44021913	0	0	0	5473	0	0.343	0	572
46799063	48306565	0	0	0	1	0	0.052	0	577
3114043	-100	0	0	0	-100	0	0.438	0	
41596273	41605723	0	0	0	1	0	0.051	0	579
14671609	14672171	0	0	0	4	0	0.048	0	58
38478139	38607045	0	0	0	106	0	0.023	0	580
12392404	19321739	0	0	0	51	0	0.025	0	581
22389993	-100	0	0	0	-100	0	0.447	0	
46649403	-100	0	0	0	-100	0	0.467	0	
20518376	20527711	0	0	0	166	0	0.038	0	584
57394946	-100	0	0	0	-100	0	0.444	0	
32624120	33694457	0	0	0	1796	0	0.097	0	586
6886416	-100	0	0	0	-100	0	0.519	0	
10032052	10128084	0	0	0	9478	0	0.452	0	588
9527802	13701485	0	0	0	1510	0	0.114	0	589
58148340	58164989	0	0	0	1	0	0.08	0	59
47152855	50663500	0	0	0	4273	0	0.232	0	590
48333425	48341878	0	0	0	4	0	0.039	0	591
28034091	31859911	0	0	0	4	0	0.04	0	592
24040280	26154260	0	0	0	202	0	0.073	0	593
52014985	53022075	0	0	0	1	0	0.099	0	594
39128344	39150367	0	0	0	337	0	0.168	0	595
45157057	46636473	0	0	0	6418	0	0.715	0	596
28436855	31961170	0	0	0	59	0	0.024	0	597
13023274	32573848	0	0	0	6490	0	0.323	0	598
22380926	22453482	0	0	0	557	0	0.197	0	599
46377973	-100	0	0	0	-100	0	1.097	0	
54215125	54254903	0	0	0	2062	0	0.246	0	60
47777708	47781899	0	0	0	11	0	0.095	0	600
22803814	26400517	0	0	0	8	0	0.074	0	601
9503896	-100	0	0	0	-100	0	0.783	0	
18972845	30552847	0	0	0	2018	0	0.198	0	603
29233480	29240134	0	0	0	1	0	0.066	0	604
26580129	32571956	0	0	0	616	0	0.059	0	605
10404224	-100	0	0	0	-100	0	1.181	0	
35205795	-100	0	0	0	-100	0	0.944	0	
50659096	-100	0	0	0	-100	0	0.473	0	
51330838	-100	0	0	0	-100	0	0.927	0	
39005958	51707582	0	0	0	121	0	0.149	0	612
58890738	59047386	0	0	0	58	0	0.174	0	613
48332680	48351931	0	0	0	1	0	0.082	0	614
32724775	-100	0	0	0	-100	0	0.689	0	
26950123	26951297	0	0	0	18	0	0.043	0	62
27650331	27651004	0	0	0	5942	0	0.314	0	620
29948919	-100	0	0	0	-100	0	0.62	0	
54066057	54093675	0	0	0	79	0	0.039	0	622
42084356	42084833	0	0	0	1	0	0.087	0	623
9060457	-100	0	0	0	-100	0	0.435	0	
22920381	22921923	0	0	0	1273	0	0.105	0	625
3209761	-100	0	0	0	-100	0	0.481	0	
25791018	-100	0	0	0	-100	0	0.439	0	
59570555	59882916	0	0	0	1	0	0.048	0	628
34973314	34994503	0	0	0	173	0	0.076	0	629
60766742	60804415	0	0	0	1	0	0.033	0	63
21035101	27123428	0	0	0	3	0	0.02	0	630
8896820	-100	0	0	0	-100	0	0.54	0	
52005153	52233504	0	0	0	153	0	0.045	0	634
51967572	51970403	0	0	0	240	0	0.028	0	635
38104901	-100	0	0	0	-100	0	0.439	0	
27850123	53660703	0	0	0	33	0	0.04	0	637
35359622	35452191	0	0	0	2	0	0.05	0	638
36238521	36249586	0	0	0	4	0	0.07	0	639
54737221	54762963	0	0	0	1660	0	0.112	0	64
50539913	50549961	0	0	0	1	0	0.028	0	640
22736107	22868923	0	0	0	3	0	0.03	0	641
12907198	-100	0	0	0	-100	0	0.411	0	
32193413	32194070	0	0	0	7998	0	0.372	0	643
57032447	57209060	0	0	0	46	0	0.04	0	644
45219994	-100	0	0	0	-100	0	0.466	0	
44509287	44661961	0	0	0	4335	0	0.226	0	646
19014360	22605238	0	0	0	2558	0	0.162	0	647
33784656	33877410	0	0	0	1	0	0.044	0	648
48819333	48835435	0	0	0	1	0	0.037	0	649
46348193	46352515	0	0	0	719	0	0.049	0	65
42789833	-100	0	0	0	-100	0	0.485	0	
35614425	35711655	0	0	0	3910	0	0.191	0	651
33127122	33352251	0	0	0	311	0	0.037	0	652
22916337	27060527	0	0	0	2885	0	0.145	0	653
33346823	40699787	0	0	0	1617	0	0.089	0	657
41701807	-100	0	0	0	-100	0	0.467	0	
9317923	10740100	0	0	0	8	0	0.034	0	659
49756005	-100	0	0	0	-100	0	0.451	0	
41477776	-100	0	0	0	-100	0	0.424	0	
9915824	-100	0	0	0	-100	0	0.44	0	
1975110	-100	0	0	0	-100	0	0.442	0	
46195370	50291766	0	0	0	1	0	0.037	0	664
58516071	58524163	0	0	0	1	0	0.056	0	665
58550163	58777915	0	0	0	2882	0	0.179	0	666
38064175	54612142	0	0	0	46	0	0.058	0	667
45670637	45726959	0	0	0	1642	0	0.125	0	668
36648502	-100	0	0	0	-100	0	0.457	0	
36233318	51867884	0	0	0	5975	0	0.288	0	670
9867225	10543199	0	0	0	367	0	0.048	0	671
20670892	21041499	0	0	0	1082	0	0.07	0	672
22492219	22510100	0	0	0	1	0	0.055	0	673
51343022	-100	0	0	0	-100	0	0.457	0	
51902438	58899541	0	0	0	685	0	0.081	0	676
16221742	-100	0	0	0	-100	0	0.547	0	
19716535	19735509	0	0	0	71	0	0.042	0	679
27210745	-100	0	0	0	-100	0	0.428	0	
54184027	54185678	0	0	0	25	0	0.027	0	680
35834739	-100	0	0	0	-100	0	0.449	0	
12829995	-100	0	0	0	-100	0	0.454	0	
12723182	14501305	0	0	0	1	0	0.097	0	683
10802806	57030452	0	0	0	55	0	0.022	0	684
39176643	-100	0	0	0	-100	0	0.462	0	
44467559	-100	0	0	0	-100	0	0.442	0	
55891499	55944124	0	0	0	9669	0	0.475	0	687
51087287	51170892	0	0	0	128	0	0.05	0	688
28628384	43580891	0	0	0	9234	0	0.412	0	689
16200667	16220521	0	0	0	45	0	0.039	0	69
37714152	37715085	0	0	0	1	0	0.041	0	690
15258954	-100	0	0	0	-100	0	0.648	0	
19851655	20159691	0	0	0	8217	0	0.691	0	692
28383595	-100	0	0	0	-100	0	0.86	0	
58250126	58250531	0	0	0	7	0	0.186	0	694
32558568	32563243	0	0	0	1	0	0.111	0	695
28384164	35443537	0	0	0	2	0	0.109	0	696
45929263	-100	0	0	0	-100	0	0.605	0	
14645363	38686427	0	0	0	138	0	0.034	0	698
29500139	-100	0	0	0	-100	0	0.604	0	
23307653	23309515	0	0	0	1	0	0.026	0	7
56570680	-100	0	0	0	-100	0	0.496	0	
4167529	-100	0	0	0	-100	0	0.471	0	
44120395	-100	0	0	0	-100	0	0.449	0	
52623722	-100	0	0	0	-100	0	0.473	0	
32821369	39805798	0	0	0	202	0	0.04	0	703
41996394	51334762	0	0	0	373	0	0.072	0	704
20238175	-100	0	0	0	-100	0	0.803	0	
41471757	41511191	0	0	0	5	0	0.14	0	706
49859149	-100	0	0	0	-100	0	0.677	0	
37800390	-100	0	0	0	-100	0	1.156	0	
55569337	55571484	0	0	0	1	0	0.086	0	71
32120291	42010161	0	0	0	505	0	0.122	0	710
28624592	-100	0	0	0	-100	0	0.872	0	
41731684	-100	0	0	0	-100	0	0.47	0	
39484118	-100	0	0	0	-100	0	0.558	0	
38660467	38847645	0	0	0	1	0	0.091	0	714
48022642	-100	0	0	0	-100	0	0.759	0	
39006840	-100	0	0	0	-100	0	0.965	0	
21716567	-100	0	0	0	-100	0	0.886	0	
46420106	46449723	0	0	0	1	0	0.048	0	722
45663125	48928383	0	0	0	1	0	0.197	0	723
46607506	49595214	0	0	0	1	0	0.121	0	724
31930616	-100	0	0	0	-100	0	1.376	0	
53212878	53223526	0	0	0	2	0	0.03	0	726
37011952	-100	0	0	0	-100	0	0.617	0	
10421668	-100	0	0	0	-100	0	0.465	0	
37274007	37349878	0	0	0	4	0	0.02	0	729
59190193	59193797	0	0	0	2241	0	0.134	0	73
20592611	49400778	0	0	0	6	0	0.038	0	730
11751047	12894306	0	0	0	9624	0	0.485	0	731
52276088	53117396	0	0	0	3136	0	0.236	0	732
10807804	30215509	0	0	0	43	0	0.048	0	734
34389797	34711685	0	0	0	1	0	0.048	0	735
46972679	-100	0	0	0	-100	0	0.468	0	
51086959	-100	0	0	0	-100	0	0.524	0	
53884353	-100	0	0	0	-100	0	0.546	0	
31925595	31947700	0	0	0	1	0	0.048	0	74
13942202	-100	0	0	0	-100	0	0.555	0	
42695298	45923632	0	0	0	1	0	0.023	0	741
30719243	-100	0	0	0	-100	0	0.443	0	
40942717	40953151	0	0	0	86	0	0.053	0	743
3369025	-100	0	0	0	-100	0	0.447	0	
35699399	39042064	0	0	0	2	0	0.037	0	745
54831077	54835717	0	0	0	1	0	0.024	0	746
6986657	13594968	0	0	0	9938	0	0.454	0	747
9502003	-100	0	0	0	-100	0	0.498	0	
56555281	-100	0	0	0	-100	0	0.464	0	
28538161	37430604	0	0	0	1	0	0.048	0	75
29669292	29669891	0	0	0	1	0	0.045	0	750
3480222	-100	0	0	0	-100	0	0.448	0	
31394755	31395435	0	0	0	1	0	0.035	0	752
51164948	51165825	0	0	0	1	0	0.022	0	753
20561190	-100	0	0	0	-100	0	0.481	0	
18396525	18397245	0	0	0	1	0	0.036	0	755
10532192	10609772	0	0	0	127	0	0.033	0	756
34213315	-100	0	0	0	-100	0	0.569	0	
38056641	38791517	0	0	0	5	0	0.03	0	758
20671888	21667581	0	0	0	1	0	0.035	0	759
15670799	15671568	0	0	0	1	0	0.062	0	76
2331070	-100	0	0	0	-100	0	0.628	0	
53266457	-100	0	0	0	-100	0	0.539	0	
39628872	39633863	0	0	0	1	0	0.027	0	762
7721262	-100	0	0	0	-100	0	0.57	0	
5665599	31926022	0	0	0	5	0	0.052	0	764
8852406	-100	0	0	0	-100	0	1.701	0	
3835714	11986574	0	0	0	1788	0	0.179	0	767
58188784	58194795	0	0	0	1	0	0.048	0	768
58176637	58194938	0	0	0	2	0	0.083	0	769
31923107	31938512	0	0	0	1	0	0.045	0	77
3190087	17279027	0	0	0	4498	0	0.518	0	770
18257642	29454883	0	0	0	1	0	0.162	0	771
36110815	-100	0	0	0	-100	0	1.497	0	
43297797	43298666	0	0	0	2313	0	0.127	0	773
54238427	54307701	0	0	0	7	0	0.035	0	774
13675380	45813247	0	0	0	6	0	0.055	0	775
17766989	-100	0	0	0	-100	0	0.486	0	
6132332	16310387	0	0	0	231	0	0.036	0	780
57191083	57298332	0	0	0	447	0	0.057	0	781
10535235	47006881	0	0	0	646	0	0.046	0	782
35432923	35443059	0	0	0	1	0	0.039	0	783
36919953	36925855	0	0	0	1	0	0.03	0	784
20850483	49588582	0	0	0	9165	0	0.543	0	785
33597728	33613830	0	0	0	1	0	0.034	0	786
56705711	56717677	0	0	0	24	0	0.066	0	787
45655879	45673142	0	0	0	2	0	0.034	0	788
41723575	41909242	0	0	0	1050	0	0.072	0	789
48924219	48961927	0	0	0	4	0	0.04	0	79
56863566	56927812	0	0	0	287	0	0.048	0	790
30116606	-100	0	0	0	-100	0	0.471	0	
12362866	12385103	0	0	0	57	0	0.021	0	792
12362857	-100	0	0	0	-100	0	0.46	0	
38525383	56871943	0	0	0	1	0	0.042	0	794
50111566	50128349	0	0	0	3	0	0.035	0	795
22177756	22848403	0	0	0	3281	0	0.167	0	796
56770222	-100	0	0	0	-100	0	0.531	0	
52208380	52209203	0	0	0	10	0	0.025	0	798
26574054	26574670	0	0	0	9	0	0.058	0	799
32219451	32226508	0	0	0	1	0	0.085	0	8
3348522	3356923	0	0	0	1061	0	0.137	0	80
26394927	26396047	0	0	0	1	0	0.046	0	800
19439689	-100	0	0	0	-100	0	0.533	0	
24157990	24162675	0	0	0	1	0	0.06	0	802
23588127	43478980	0	0	0	5575	0	0.407	0	803
37789299	-100	0	0	0	-100	0	0.67	0	
45915720	60807293	0	0	0	1	0	0.04	0	805
46287086	52469245	0	0	0	13	0	0.033	0	806
30406560	-100	0	0	0	-100	0	0.469	0	
9505495	10526005	0	0	0	4118	0	0.186	0	808
52106980	-100	0	0	0	-100	0	0.532	0	
20749444	30740613	0	0	0	3658	0	0.195	0	810
61327081	-100	0	0	0	-100	0	1.106	0	
28634345	31433840	0	0	0	11	0	0.096	0	812
38861041	-100	0	0	0	-100	0	1.832	0	
24086498	-100	0	0	0	-100	0	1.17	0	
60160905	60176959	0	0	0	1	0	0.115	0	815
29399820	29423270	0	0	0	45	0	0.059	0	816
14800161	33988831	0	0	0	36	0	0.13	0	817
44245666	44250468	0	0	0	94	0	0.223	0	819
57609922	57610899	0	0	0	1	0	0.186	0	82
39623094	39642725	0	0	0	1923	0	0.343	0	820
45652340	-100	0	0	0	-100	0	1.362	0	
46963049	46986535	0	0	0	2668	0	0.713	0	822
24942366	24944151	0	0	0	5083	0	0.646	0	823
6592214	-100	0	0	0	-100	0	1.383	0	
7451354	26777282	0	0	0	2	0	0.169	0	825
13550501	-100	0	0	0	-100	0	1.307	0	
30971258	31094538	0	0	0	23	0	0.152	0	827
10892803	-100	0	0	0	-100	0	1.315	0	
9060569	9075208	0	0	0	1	0	0.125	0	829
61025542	61029739	0	0	0	1	0	0.176	0	83
25466013	25474682	0	0	0	1	0	0.035	0	830
13407236	13457562	0	0	0	45	0	0.111	0	831
57385749	57447378	0	0	0	2296	0	0.47	0	832
46580556	46783163	0	0	0	1	0	0.351	0	833
45476950	-100	0	0	0	-100	0	2.1	0	
48534448	48552238	0	0	0	1	0	0.146	0	839
55512219	55527619	0	0	0	2	0	0.144	0	84
27135962	54426523	0	0	0	268	0	0.416	0	840
24467936	24473055	0	0	0	1	0	0.216	0	841
42105259	42242497	0	0	0	1	0	0.364	0	842
12112558	-100	0	0	0	-100	0	1.957	0	
37944197	41030477	0	0	0	5	0	0.198	0	844
32018521	-100	0	0	0	-100	0	1.978	0	
34244210	-100	0	0	0	-100	0	1.638	0	
26720663	55627999	0	0	0	1	0	0.162	0	848
42058059	-100	0	0	0	-100	0	2.037	0	
55611370	55617539	0	0	0	38	0	0.062	0	850
30237310	40709975	0	0	0	9471	0	1.868	0	851
24940246	-100	0	0	0	-100	0	1.852	0	
14563531	-100	0	0	0	-100	0	1.957	0	
58897330	61496833	0	0	0	3811	0	0.6	0	854
17389533	24430053	0	0	0	71	0	0.303	0	855
15647282	17222380	0	0	0	3744	0	0.802	0	856
58756264	58761704	0	0	0	942	0	0.272	0	857
21987834	-100	0	0	0	-100	0	1.823	0	
16947431	32803727	0	0	0	1450	0	0.344	0	859
13176741	-100	0	0	0	-100	0	1.494	0	
12394855	-100	0	0	0	-100	0	0.533	0	
39024390	39171890	0	0	0	283	0	0.039	0	862
58593824	-100	0	0	0	-100	0	0.475	0	
14604820	-100	0	0	0	-100	0	0.6	0	
38308134	-100	0	0	0	-100	0	0.482	0	
27496127	27560225	0	0	0	2	0	0.054	0	866
26112990	26249385	0	0	0	2465	0	0.148	0	867
54298621	54472962	0	0	0	76	0	0.03	0	868
8935523	8947483	0	0	0	1	0	0.031	0	869
44239415	44242299	0	0	0	1	0	0.046	0	87
53931501	54038311	0	0	0	1453	0	0.113	0	872
26177565	35444968	0	0	0	1116	0	0.079	0	873
41133617	41190862	0	0	0	1	0	0.085	0	874
17266780	-100	0	0	0	-100	0	0.599	0	
42763280	-100	0	0	0	-100	0	0.486	0	
18355686	20602751	0	0	0	2674	0	0.143	0	878
51280568	51413841	0	0	0	2578	0	0.168	0	879
25102617	25102966	0	0	0	3192	0	0.167	0	88
28529823	28532172	0	0	0	24	0	0.039	0	880
6550510	-100	0	0	0	-100	0	0.524	0	
28370249	41324398	0	0	0	8	0	0.03	0	883
55345679	60285820	0	0	0	1	0	0.034	0	884
44335165	-100	0	0	0	-100	0	0.482	0	
3440373	-100	0	0	0	-100	0	0.628	0	
3094232	-100	0	0	0	-100	0	0.486	0	
45907614	46093719	0	0	0	87	0	0.188	0	889
52365579	52388444	0	0	0	1	0	0.117	0	89
44334535	47699146	0	0	0	2	0	0.261	0	890
18473382	-100	0	0	0	-100	0	1.212	0	
28605657	28656683	0	0	0	7	0	0.061	0	892
47644156	-100	0	0	0	-100	0	0.938	0	
60062311	-100	0	0	0	-100	0	0.609	0	
17107206	38364431	0	0	0	1	0	0.046	0	895
46298066	46430561	0	0	0	1	0	0.026	0	896
24701419	-100	0	0	0	-100	0	0.453	0	
37122216	37284287	0	0	0	112	0	0.049	0	898
13137912	28301188	0	0	0	1190	0	0.123	0	899
33530066	34579494	0	0	0	5205	0	0.256	0	9
38733571	-100	0	0	0	-100	0	0.568	0	
9035674	14547069	0	0	0	196	0	0.045	0	900
45119432	45185979	0	0	0	67	0	0.049	0	901
8251632	-100	0	0	0	-100	0	0.471	0	
33890896	-100	0	0	0	-100	0	0.468	0	
31142280	32912268	0	0	0	22	0	0.058	0	904
26244530	-100	0	0	0	-100	0	0.453	0	
14023423	37273149	0	0	0	28	0	0.07	0	906
60847460	61249692	0	0	0	669	0	0.069	0	907
53245233	-100	0	0	0	-100	0	0.539	0	
13189467	23413728	0	0	0	196	0	0.033	0	909
41879049	-100	0	0	0	-100	0	0.56	0	
8732461	60670097	0	0	0	1	0	0.033	0	910
13701347	-100	0	0	0	-100	0	0.498	0	
58020350	58026182	0	0	0	1	0	0.037	0	912
36205419	36208785	0	0	0	2	0	0.022	0	915
3796266	-100	0	0	0	-100	0	0.478	0	
34826602	-100	0	0	0	-100	0	0.47	0	
2535234	8158867	0	0	0	17	0	0.015	0	918
24356683	24873550	0	0	0	7641	0	0.925	0	919
61015431	-100	0	0	0	-100	0	1.117	0	
37393329	37515454	0	0	0	2	0	0.095	0	920
57438355	57442652	0	0	0	1	0	0.12	0	921
40461380	-100	0	0	0	-100	0	0.99	0	
38563885	-100	0	0	0	-100	0	0.651	0	
57914461	57962514	0	0	0	47	0	0.152	0	924
9465817	9534351	0	0	0	337	0	0.219	0	925
6025051	-100	0	0	0	-100	0	1.163	0	
22009871	34328105	0	0	0	12	0	0.16	0	927
60321495	60327158	0	0	0	714	0	0.092	0	929
4654181	4687879	0	0	0	1	0	0.044	0	93
35126517	-100	0	0	0	-100	0	0.823	0	
4951286	-100	0	0	0	-100	0	0.695	0	
5745886	-100	0	0	0	-100	0	0.977	0	
7680959	11261399	0	0	0	2124	0	0.367	0	933
12100856	-100	0	0	0	-100	0	1.742	0	
38102921	-100	0	0	0	-100	0	1.718	0	
15112440	30806577	0	0	0	4813	0	0.984	0	936
41010050	48000292	0	0	0	179	0	0.145	0	937
46239615	47475923	0	0	0	3	0	0.058	0	938
10806404	-100	0	0	0	-100	0	0.578	0	
28771018	-100	0	0	0	-100	0	0.473	0	
42604439	-100	0	0	0	-100	0	0.449	0	
27552810	27564299	0	0	0	1506	0	0.128	0	941
32106333	60661723	0	0	0	388	0	0.136	0	942
29125609	29128432	0	0	0	1	0	0.061	0	943
31746962	55201041	0	0	0	31	0	0.167	0	944
10207564	28190868	0	0	0	1115	0	0.21	0	945
32275113	49668265	0	0	0	1818	0	0.157	0	947
11366964	50883294	0	0	0	30	0	0.006	0	948
54132300	-100	0	0	0	-100	0	0.517	0	
9895811	-100	0	0	0	-100	0	0.977	0	
28233561	-100	0	0	0	-100	0	0.739	0	
13706188	-100	0	0	0	-100	0	1.144	0	
12609816	-100	0	0	0	-100	0	1.653	0	
20592886	20880558	0	0	0	1	0	0.154	0	953
10566473	-100	0	0	0	-100	0	1.016	0	
8204972	8231007	0	0	0	7	0	0.031	0	955
38822132	38823761	0	0	0	583	0	0.087	0	956
31075826	31221471	0	0	0	1	0	0.018	0	957
34158723	35677857	0	0	0	43	0	0.027	0	958
32092458	-100	0	0	0	-100	0	0.47	0	
59408283	59413766	0	0	0	1	0	0.037	0	96
43337147	-100	0	0	0	-100	0	0.854	0	
29648127	-100	0	0	0	-100	0	1.183	0	
23618813	23637902	0	0	0	1	0	0.062	0	962
18821862	-100	0	0	0	-100	0	0.495	0	
7666807	17395724	0	0	0	43	0	0.052	0	969
35585428	-100	0	0	0	-100	0	1.463	0	
14784302	-100	0	0	0	-100	0	1.909	0	
13281303	-100	0	0	0	-100	0	1.496	0	
30643213	31220677	0	0	0	1269	0	0.311	0	973
45638529	45642435	0	0	0	14	0	0.124	0	974
51929941	52074105	0	0	0	11	0	0.311	0	975
33925430	-100	0	0	0	-100	0	1.879	0	
55754330	55813859	0	0	0	66	0	0.245	0	978
6316459	32398127	0	0	0	39	0	0.282	0	979
6007883	6009222	0	0	0	1	0	0.077	0	98
42749447	42793833	0	0	0	3	0	0.167	0	980
6022898	-100	0	0	0	-100	0	2.148	0	
56659665	56660496	0	0	0	1	0	0.167	0	982
31979189	-100	0	0	0	-100	0	0.647	0	
38559429	38900796	0	0	0	3615	0	0.232	0	984
10620862	-100	0	0	0	-100	0	0.527	0	
61365720	-100	0	0	0	-100	0	0.544	0	
9422945	20150234	0	0	0	5	0	0.026	0	987
29593177	-100	0	0	0	-100	0	0.675	0	
42674516	42681880	0	0	0	1	0	0.062	0	99
17222942	-100	0	0	0	-100	0	0.539	0	
5916854	6325908	0	0	0	7	0	0.031	0	991
12840294	-100	0	0	0	-100	0	0.457	0	
50243929	50258307	0	0	0	76	0	0.054	0	993
12304963	39082724	0	0	0	1050	0	0.067	0	994
16963137	-100	0	0	0	-100	0	0.473	0	
2765374	7474943	0	0	0	348	0	0.113	0	996
26724124	-100	0	0	0	-100	0	0.553	0	
38295777	38297989	0	0	0	1	0	0.034	0	998
6123378	-100	0	0	0	-100	0	0.494	0	
