testPostId	trainPostId	TitleSim	BodySim	TagSim	LuceneHitRank	ProposedHitRank	lucene_hit_duration	Proposed_hit_duration	LuceneTestTrueLabel
6549791	-100	0	0	0	-100	0	128.123	0	
23063520	51892382	0	0	0	3484	0	3.046	0	10
61278669	-100	0	0	0	-100	0	1.838	0	
16376942	32612190	0	0	0	207	0	1.183	0	1000
38779944	-100	0	0	0	-100	0	2.015	0	
33344259	-100	0	0	0	-100	0	0.95	0	
41470590	41582286	0	0	0	505	0	0.384	0	1003
4508119	52127154	0	0	0	7	0	0.949	0	1004
41077828	41105621	0	0	0	1	0	0.418	0	1008
52303316	53651609	0	0	0	3	0	0.634	0	1009
29308174	-100	0	0	0	-100	0	1.079	0	
29269124	-100	0	0	0	-100	0	0.744	0	
33519285	33667049	0	0	0	12	0	0.245	0	1011
2849832	21022436	0	0	0	381	0	0.16	0	1012
31291004	31396977	0	0	0	39	0	0.169	0	1014
14676574	23970485	0	0	0	3464	0	0.279	0	1015
4769124	4769229	0	0	0	685	0	0.777	0	1016
25487373	25740313	0	0	0	2001	0	0.192	0	1017
4892108	-100	0	0	0	-100	0	0.659	0	
9243816	40179693	0	0	0	4333	0	0.333	0	1019
52627048	52648687	0	0	0	1	0	0.237	0	102
36696312	-100	0	0	0	-100	0	0.415	0	
3669315	30836009	0	0	0	97	0	0.14	0	1021
15277480	15303398	0	0	0	3	0	0.163	0	1022
2429485	10465805	0	0	0	61	0	0.076	0	1023
6722643	34652792	0	0	0	2673	0	0.166	0	1024
50381258	50401555	0	0	0	2747	0	0.329	0	1025
61653399	61676227	0	0	0	1	0	0.209	0	1026
18490942	-100	0	0	0	-100	0	0.499	0	
980149	981400	0	0	0	3764	0	0.353	0	1028
14170770	-100	0	0	0	-100	0	0.457	0	
29179035	29179208	0	0	0	89	0	0.172	0	103
3541529	13014145	0	0	0	1346	0	0.078	0	1033
31512485	-100	0	0	0	-100	0	0.688	0	
3641737	14232814	0	0	0	285	0	0.034	0	1035
48283026	-100	0	0	0	-100	0	0.553	0	
3560710	55098580	0	0	0	3	0	0.061	0	1037
48282811	48302501	0	0	0	2	0	0.076	0	1038
18666218	-100	0	0	0	-100	0	0.598	0	
14091203	-100	0	0	0	-100	0	0.528	0	
7912595	-100	0	0	0	-100	0	0.531	0	
46709752	46724902	0	0	0	691	0	0.201	0	1041
9223153	9223441	0	0	0	6	0	0.108	0	1042
11126547	11149134	0	0	0	311	0	0.13	0	1043
163962	-100	0	0	0	-100	0	0.517	0	
18701798	-100	0	0	0	-100	0	0.468	0	
3992874	5056645	0	0	0	1	0	0.078	0	1046
5396413	-100	0	0	0	-100	0	0.501	0	
893841	21590507	0	0	0	3568	0	0.25	0	1048
13954299	20232685	0	0	0	8472	0	0.427	0	1049
59267797	59268030	0	0	0	20	0	0.098	0	105
24688959	24706053	0	0	0	2	0	0.065	0	1050
11602136	-100	0	0	0	-100	0	0.437	0	
55955656	-100	0	0	0	-100	0	0.483	0	
9619774	-100	0	0	0	-100	0	0.463	0	
23377647	23389672	0	0	0	12	0	0.111	0	1054
20717180	-100	0	0	0	-100	0	0.549	0	
5345803	-100	0	0	0	-100	0	0.517	0	
51951195	-100	0	0	0	-100	0	0.46	0	
21089553	21110352	0	0	0	24	0	0.077	0	1058
7811656	7910666	0	0	0	940	0	0.168	0	1059
4129430	-100	0	0	0	-100	0	0.509	0	
4571355	-100	0	0	0	-100	0	0.462	0	
308364	-100	0	0	0	-100	0	0.464	0	
22852717	22898881	0	0	0	1	0	0.135	0	1062
2860722	-100	0	0	0	-100	0	0.462	0	
29762813	29762892	0	0	0	940	0	0.101	0	1064
36749923	-100	0	0	0	-100	0	0.513	0	
20114685	-100	0	0	0	-100	0	0.449	0	
4764048	4836344	0	0	0	1839	0	0.214	0	1067
24013832	-100	0	0	0	-100	0	0.508	0	
104952	-100	0	0	0	-100	0	0.56	0	
35586426	35587137	0	0	0	2	0	0.065	0	107
61869567	61873532	0	0	0	1	0	0.095	0	1070
32551089	32552353	0	0	0	2190	0	0.153	0	1071
40544480	40553609	0	0	0	1	0	0.126	0	1072
2847410	2847734	0	0	0	2	0	0.036	0	1073
2978096	2981724	0	0	0	12	0	0.052	0	1074
49590038	52581857	0	0	0	3	0	0.03	0	1075
8433421	-100	0	0	0	-100	0	0.444	0	
56598489	56649481	0	0	0	180	0	0.093	0	1078
31301369	-100	0	0	0	-100	0	0.466	0	
40566994	40570886	0	0	0	207	0	0.089	0	108
30886056	30977618	0	0	0	658	0	0.122	0	1080
38487653	40414721	0	0	0	103	0	0.091	0	1081
7646512	-100	0	0	0	-100	0	0.547	0	
14368525	15181579	0	0	0	1365	0	0.128	0	1083
5123361	36634632	0	0	0	2409	0	0.129	0	109
642213	-100	0	0	0	-100	0	0.414	0	
7492180	-100	0	0	0	-100	0	0.406	0	
33860576	-100	0	0	0	-100	0	0.438	0	
1092561	4537581	0	0	0	37	0	0.031	0	1095
19442400	26670147	0	0	0	706	0	0.066	0	1096
35553999	35572515	0	0	0	631	0	0.143	0	1097
2897317	3091484	0	0	0	938	0	0.107	0	1098
35901417	35902965	0	0	0	2797	0	0.206	0	11
8071851	-100	0	0	0	-100	0	0.47	0	
53151044	53151521	0	0	0	1	0	0.1	0	111
14738335	28955478	0	0	0	32	0	0.038	0	1119
17497801	17543093	0	0	0	540	0	0.072	0	112
25046418	-100	0	0	0	-100	0	0.439	0	
2506167	-100	0	0	0	-100	0	0.434	0	
26845249	26876967	0	0	0	8	0	0.089	0	1122
41463005	-100	0	0	0	-100	0	0.427	0	
30781811	30976131	0	0	0	283	0	0.064	0	1124
2770474	2771016	0	0	0	543	0	0.05	0	1125
22041699	-100	0	0	0	-100	0	0.427	0	
15826893	-100	0	0	0	-100	0	0.464	0	
13565594	13567029	0	0	0	21	0	0.086	0	113
9863610	36910918	0	0	0	2035	0	0.166	0	1131
43105753	43106069	0	0	0	130	0	0.059	0	1132
43558745	43562870	0	0	0	1115	0	0.085	0	1133
6783939	6784152	0	0	0	2	0	0.075	0	1134
6858524	-100	0	0	0	-100	0	0.498	0	
8169243	-100	0	0	0	-100	0	0.459	0	
57441890	62091548	0	0	0	2026	0	0.152	0	1137
26519082	39966190	0	0	0	3060	0	0.251	0	1138
10454150	16033266	0	0	0	13	0	0.066	0	1139
48167985	-100	0	0	0	-100	0	0.489	0	
13295089	14472359	0	0	0	985	0	0.097	0	1140
44960715	44977868	0	0	0	19	0	0.067	0	1141
16032789	16063402	0	0	0	41	0	0.033	0	1142
28405921	28408195	0	0	0	2008	0	0.145	0	1143
50897768	-100	0	0	0	-100	0	0.471	0	
58508771	-100	0	0	0	-100	0	0.492	0	
22746429	28918861	0	0	0	7203	0	0.329	0	1146
2663170	-100	0	0	0	-100	0	0.475	0	
5633784	11177580	0	0	0	118	0	0.016	0	1148
1459865	2925279	0	0	0	93	0	0.023	0	1149
58390998	-100	0	0	0	-100	0	0.446	0	
30993211	34644101	0	0	0	4792	0	0.243	0	1151
27041788	27490165	0	0	0	361	0	0.05	0	1152
1875830	1876179	0	0	0	9	0	0.04	0	1153
49289854	51834198	0	0	0	1010	0	0.071	0	1154
14730156	-100	0	0	0	-100	0	0.47	0	
61120228	-100	0	0	0	-100	0	0.444	0	
1613494	2259544	0	0	0	4	0	0.062	0	1157
10002082	10009132	0	0	0	346	0	0.058	0	1158
35701888	-100	0	0	0	-100	0	0.438	0	
32700265	32730915	0	0	0	1	0	0.102	0	116
41197021	-100	0	0	0	-100	0	0.464	0	
21143275	-100	0	0	0	-100	0	0.464	0	
18182016	21356302	0	0	0	3970	0	0.23	0	1162
15444418	15444503	0	0	0	1	0	0.097	0	1163
3726326	-100	0	0	0	-100	0	0.477	0	
14457724	-100	0	0	0	-100	0	0.455	0	
6123327	-100	0	0	0	-100	0	0.4	0	
15704276	15768405	0	0	0	6	0	0.244	0	1167
41720249	-100	0	0	0	-100	0	0.404	0	
7116610	-100	0	0	0	-100	0	0.447	0	
13586957	41628620	0	0	0	255	0	0.045	0	117
30385900	39590272	0	0	0	293	0	0.068	0	1170
27564257	27662074	0	0	0	363	0	0.067	0	1171
31814451	31866822	0	0	0	1246	0	0.093	0	1172
33855611	33857489	0	0	0	1237	0	0.101	0	1173
1693634	1694785	0	0	0	1	0	0.007	0	1174
34836104	34904049	0	0	0	12	0	0.059	0	1175
48273253	48341888	0	0	0	1212	0	0.082	0	1176
21185634	-100	0	0	0	-100	0	0.461	0	
4807286	22654422	0	0	0	44	0	0.045	0	1179
30110297	38466574	0	0	0	11	0	0.11	0	118
10578359	10579544	0	0	0	7	0	0.08	0	1180
5355163	-100	0	0	0	-100	0	0.441	0	
33280217	33283275	0	0	0	736	0	0.1	0	1183
46961749	46980595	0	0	0	5466	0	0.301	0	1184
21867222	-100	0	0	0	-100	0	0.451	0	
1212797	1213265	0	0	0	1	0	0.09	0	1186
33854388	38953523	0	0	0	6365	0	0.403	0	1187
24155026	24155571	0	0	0	1	0	0.035	0	1188
38021595	46437172	0	0	0	1	0	0.051	0	1189
29603018	-100	0	0	0	-100	0	0.452	0	
21936507	-100	0	0	0	-100	0	0.452	0	
4385806	4396754	0	0	0	1399	0	0.168	0	1191
48131712	-100	0	0	0	-100	0	0.464	0	
55045367	-100	0	0	0	-100	0	0.518	0	
25915607	25958491	0	0	0	4	0	0.062	0	1194
29135201	42184288	0	0	0	87	0	0.043	0	1195
5957134	-100	0	0	0	-100	0	0.511	0	
11833571	11860703	0	0	0	8549	0	0.61	0	1197
19269345	-100	0	0	0	-100	0	0.498	0	
39620802	39621098	0	0	0	188	0	0.051	0	1199
5109687	5109720	0	0	0	108	0	0.155	0	12
50892964	-100	0	0	0	-100	0	0.798	0	
51282912	51284346	0	0	0	1	0	0.047	0	1201
840081	-100	0	0	0	-100	0	0.502	0	
6969465	6969584	0	0	0	1	0	0.037	0	1203
17862383	17920081	0	0	0	5	0	0.072	0	1204
11833070	-100	0	0	0	-100	0	0.614	0	
45990714	-100	0	0	0	-100	0	0.553	0	
14412846	-100	0	0	0	-100	0	0.604	0	
48835628	49057387	0	0	0	13	0	0.088	0	1209
9848423	16813653	0	0	0	179	0	0.101	0	1210
822750	-100	0	0	0	-100	0	0.642	0	
17204487	-100	0	0	0	-100	0	0.853	0	
46960015	-100	0	0	0	-100	0	0.604	0	
5541256	5542443	0	0	0	1	0	0.038	0	1214
46435719	-100	0	0	0	-100	0	0.512	0	
23629126	23654693	0	0	0	332	0	0.22	0	1216
8427691	23122555	0	0	0	10	0	0.062	0	1217
229924	11981434	0	0	0	2	0	0.025	0	1218
511768	40273809	0	0	0	121	0	0.622	0	1219
59437118	59464455	0	0	0	1	0	0.111	0	122
33343188	-100	0	0	0	-100	0	0.839	0	
1047200	9912873	0	0	0	25	0	0.045	0	1221
4242469	32288601	0	0	0	5	0	0.354	0	1222
18648069	-100	0	0	0	-100	0	1.015	0	
728233	-100	0	0	0	-100	0	0.598	0	
1666802	23230003	0	0	0	158	0	0.091	0	1225
8424303	8424672	0	0	0	2	0	0.018	0	1226
2268478	-100	0	0	0	-100	0	1.638	0	
14578711	14582270	0	0	0	4	0	0.156	0	1228
33852194	33881027	0	0	0	1	0	0.063	0	1229
50261793	-100	0	0	0	-100	0	0.84	0	
21400254	42979325	0	0	0	583	0	0.113	0	1230
4276493	26611481	0	0	0	224	0	0.244	0	1231
6358375	23890539	0	0	0	23	0	0.067	0	1232
8891746	-100	0	0	0	-100	0	1.129	0	
46334463	-100	0	0	0	-100	0	0.883	0	
21556868	-100	0	0	0	-100	0	1.239	0	
46737054	50629016	0	0	0	620	0	0.228	0	1236
6850807	56050322	0	0	0	1	0	1.746	0	1237
1607748	1608733	0	0	0	1	0	1.763	0	1238
61376375	61599629	0	0	0	1	0	0.721	0	1239
53407371	-100	0	0	0	-100	0	0.616	0	
19841328	19864735	0	0	0	5064	0	0.41	0	1240
49317541	49325813	0	0	0	11	0	1.173	0	1241
1969579	13287963	0	0	0	137	0	0.135	0	1242
1274022	-100	0	0	0	-100	0	0.95	0	
17711655	21792347	0	0	0	2740	0	0.541	0	1244
43550191	43550249	0	0	0	1	0	0.152	0	1245
13141542	-100	0	0	0	-100	0	0.843	0	
6240894	-100	0	0	0	-100	0	1.209	0	
8640351	8640644	0	0	0	116	0	1.145	0	1248
17012941	28100863	0	0	0	409	0	0.246	0	1249
27977851	27979067	0	0	0	1	0	0.341	0	125
7038797	-100	0	0	0	-100	0	0.566	0	
16826585	-100	0	0	0	-100	0	1.728	0	
12049352	-100	0	0	0	-100	0	0.673	0	
27821106	-100	0	0	0	-100	0	0.992	0	
20632860	42701019	0	0	0	46	0	0.072	0	1256
927574	-100	0	0	0	-100	0	0.483	0	
18383698	18408363	0	0	0	24	0	0.682	0	1258
4752028	4753977	0	0	0	2114	0	0.296	0	1259
49117489	-100	0	0	0	-100	0	0.88	0	
43811345	-100	0	0	0	-100	0	1.007	0	
9482912	17334786	0	0	0	2626	0	1.473	0	1261
29561852	-100	0	0	0	-100	0	0.592	0	
56603575	-100	0	0	0	-100	0	1.023	0	
24286173	28606941	0	0	0	886	0	0.214	0	1264
16468189	35019687	0	0	0	27	0	0.65	0	1265
16214768	22016259	0	0	0	8822	0	0.69	0	1266
3615724	5393997	0	0	0	3108	0	1.997	0	1267
3440984	3441608	0	0	0	3	0	1.711	0	1268
2709124	-100	0	0	0	-100	0	1.358	0	
32504150	37458778	0	0	0	2010	0	1.139	0	127
42762424	44468507	0	0	0	565	0	0.087	0	1270
22942255	22951378	0	0	0	139	0	1.318	0	1271
7937602	-100	0	0	0	-100	0	0.547	0	
33254054	33263734	0	0	0	4	0	0.521	0	1273
5386477	-100	0	0	0	-100	0	0.912	0	
17400137	-100	0	0	0	-100	0	1.093	0	
39354086	39396028	0	0	0	1	0	0.347	0	1276
8945327	-100	0	0	0	-100	0	0.601	0	
23892018	23970565	0	0	0	594	0	0.587	0	1278
49839428	49870730	0	0	0	1553	0	0.604	0	1279
2287731	-100	0	0	0	-100	0	0.632	0	
55344174	55379852	0	0	0	117	0	0.092	0	1280
3439589	47906066	0	0	0	22	0	0.241	0	1281
35160909	-100	0	0	0	-100	0	1.886	0	
15235857	40409323	0	0	0	538	0	0.145	0	1285
25893828	33323701	0	0	0	3650	0	1.074	0	1286
20583531	36349360	0	0	0	3903	0	2.305	0	1287
32957830	32997699	0	0	0	128	0	1.374	0	1288
51883017	-100	0	0	0	-100	0	3.284	0	
50362849	59601840	0	0	0	5842	0	0.359	0	1290
4567875	4568057	0	0	0	550	0	0.025	0	1291
2043381	2128307	0	0	0	211	0	1.208	0	1292
6168107	-100	0	0	0	-100	0	1.42	0	
5656664	6936124	0	0	0	100	0	0.049	0	1294
6322245	6322364	0	0	0	167	0	0.237	0	1295
145573	5813954	0	0	0	4	0	1.043	0	1296
5797837	5846934	0	0	0	53	0	0.818	0	1297
34602748	-100	0	0	0	-100	0	0.653	0	
49793818	49800593	0	0	0	46	0	1.097	0	13
55502417	55502720	0	0	0	214	0	0.677	0	130
16773789	21268558	0	0	0	1084	0	0.096	0	1301
17440810	20813138	0	0	0	8531	0	0.868	0	1302
40039303	-100	0	0	0	-100	0	0.601	0	
8453546	8681001	0	0	0	2576	0	0.364	0	1304
28489762	-100	0	0	0	-100	0	0.502	0	
11826554	-100	0	0	0	-100	0	0.575	0	
1935964	-100	0	0	0	-100	0	0.82	0	
23454793	23455104	0	0	0	2311	0	0.306	0	1308
27342524	-100	0	0	0	-100	0	1.579	0	
41124382	-100	0	0	0	-100	0	1.196	0	
41448626	-100	0	0	0	-100	0	0.427	0	
11486622	11494403	0	0	0	1695	0	0.337	0	1311
684475	53854468	0	0	0	66	0	0.018	0	1312
179723	-100	0	0	0	-100	0	0.464	0	
36992039	36992569	0	0	0	1	0	0.078	0	1314
5988686	-100	0	0	0	-100	0	0.427	0	
2940367	-100	0	0	0	-100	0	0.413	0	
23622622	-100	0	0	0	-100	0	0.495	0	
10607215	-100	0	0	0	-100	0	0.698	0	
44593991	44629448	0	0	0	36	0	0.053	0	1319
31794709	49826523	0	0	0	161	0	0.024	0	132
37969114	-100	0	0	0	-100	0	0.443	0	
6105994	44267673	0	0	0	133	0	0.643	0	1323
954945	3543835	0	0	0	2949	0	2.906	0	1324
18552029	18589140	0	0	0	10	0	0.147	0	1325
24622472	-100	0	0	0	-100	0	0.645	0	
43192898	-100	0	0	0	-100	0	0.673	0	
13576055	20828907	0	0	0	2669	0	0.262	0	1328
235386	235664	0	0	0	4	0	0.462	0	1329
34792403	-100	0	0	0	-100	0	0.493	0	
32534940	32535874	0	0	0	301	0	0.109	0	1330
10724783	-100	0	0	0	-100	0	0.546	0	
2388196	-100	0	0	0	-100	0	0.712	0	
6873138	39648419	0	0	0	74	0	0.317	0	1333
28521188	34616086	0	0	0	8	0	0.108	0	1335
7443222	-100	0	0	0	-100	0	0.494	0	
11996801	-100	0	0	0	-100	0	0.433	0	
14915752	45539945	0	0	0	294	0	0.042	0	134
23621677	-100	0	0	0	-100	0	0.508	0	
57438217	57444893	0	0	0	3368	0	0.339	0	1341
19427196	48533080	0	0	0	5792	0	0.306	0	1342
15232758	-100	0	0	0	-100	0	0.475	0	
15756960	51015016	0	0	0	686	0	0.177	0	1344
11759725	29845527	0	0	0	124	0	0.222	0	1345
1804840	14503620	0	0	0	2849	0	0.15	0	1346
25694780	-100	0	0	0	-100	0	0.452	0	
17113619	-100	0	0	0	-100	0	0.48	0	
290034	7282853	0	0	0	2	0	0.046	0	1349
15392553	-100	0	0	0	-100	0	0.587	0	
256109	-100	0	0	0	-100	0	0.509	0	
49921271	-100	0	0	0	-100	0	0.46	0	
8274451	-100	0	0	0	-100	0	0.533	0	
14570347	17980387	0	0	0	45	0	0.389	0	1353
34277737	-100	0	0	0	-100	0	0.459	0	
4671900	-100	0	0	0	-100	0	0.498	0	
37311006	-100	0	0	0	-100	0	0.573	0	
44329583	-100	0	0	0	-100	0	1.464	0	
23970532	-100	0	0	0	-100	0	0.832	0	
7526853	-100	0	0	0	-100	0	0.528	0	
35315472	35315826	0	0	0	119	0	0.048	0	136
54188	-100	0	0	0	-100	0	0.481	0	
42317398	-100	0	0	0	-100	0	0.659	0	
18799904	19325552	0	0	0	1	0	0.356	0	137
8838095	8847504	0	0	0	1	0	0.069	0	138
61004055	61004727	0	0	0	1	0	0.076	0	139
6800824	-100	0	0	0	-100	0	0.431	0	
4972470	4973077	0	0	0	1	0	0.048	0	140
40089204	44034633	0	0	0	24	0	0.068	0	142
16701108	-100	0	0	0	-100	0	0.629	0	
60387132	-100	0	0	0	-100	0	0.593	0	
4483366	4532263	0	0	0	1	0	0.876	0	1445
31221990	-100	0	0	0	-100	0	0.425	0	
3172571	3172699	0	0	0	2	0	0.06	0	1447
37513384	37515821	0	0	0	2732	0	0.155	0	1448
40040998	40828845	0	0	0	1	0	0.049	0	1449
59430481	59431398	0	0	0	2356	0	0.228	0	145
34670375	34782217	0	0	0	1	0	0.096	0	1451
26663	153559	0	0	0	62	0	0.026	0	1452
1625105	-100	0	0	0	-100	0	0.581	0	
22821651	-100	0	0	0	-100	0	0.606	0	
9746748	9747406	0	0	0	834	0	0.081	0	1456
3317740	-100	0	0	0	-100	0	0.47	0	
26764813	26785787	0	0	0	62	0	0.089	0	1459
44750040	44764944	0	0	0	2	0	0.103	0	146
229069	4813947	0	0	0	1334	0	0.16	0	1460
3571250	-100	0	0	0	-100	0	0.539	0	
21900237	57318275	0	0	0	761	0	0.091	0	1462
51930334	-100	0	0	0	-100	0	0.441	0	
52038186	-100	0	0	0	-100	0	0.456	0	
57959602	58007793	0	0	0	16	0	0.05	0	1465
4158900	-100	0	0	0	-100	0	0.458	0	
3661041	3661106	0	0	0	6	0	0.151	0	1467
23356308	23384840	0	0	0	1	0	0.092	0	1468
11459928	12084040	0	0	0	74	0	0.057	0	1469
59954327	-100	0	0	0	-100	0	0.453	0	
1038482	1073958	0	0	0	3801	0	0.203	0	1470
35370901	35414755	0	0	0	1526	0	0.156	0	1471
22569535	-100	0	0	0	-100	0	0.47	0	
4048749	-100	0	0	0	-100	0	0.476	0	
46510531	46512248	0	0	0	1	0	0.094	0	1474
19903338	46721075	0	0	0	2843	0	0.159	0	1475
31186926	31294267	0	0	0	4842	0	0.695	0	1477
669818	969232	0	0	0	2	0	0.013	0	1478
4610232	-100	0	0	0	-100	0	0.466	0	
8574022	8581284	0	0	0	109	0	0.05	0	148
13918400	13922145	0	0	0	2335	0	0.165	0	1480
24442836	24443065	0	0	0	4874	0	0.265	0	1481
59779679	59793556	0	0	0	1	0	0.172	0	1482
2615162	2616107	0	0	0	2556	0	0.141	0	1483
11048657	11048946	0	0	0	21	0	0.041	0	1484
3119929	4129023	0	0	0	1483	0	0.081	0	1485
3318714	-100	0	0	0	-100	0	0.538	0	
19215027	-100	0	0	0	-100	0	0.464	0	
12272666	-100	0	0	0	-100	0	0.452	0	
16014736	42670137	0	0	0	1432	0	0.234	0	1489
29545214	29545315	0	0	0	1	0	0.049	0	149
9994421	9994789	0	0	0	2	0	0.097	0	1490
18663963	30694450	0	0	0	6490	0	0.339	0	1491
514420	7693484	0	0	0	8091	0	0.445	0	1492
6653789	6806637	0	0	0	14	0	0.098	0	1493
6416385	45689690	0	0	0	3530	0	0.233	0	1494
34301090	34301584	0	0	0	883	0	0.088	0	1495
13654927	48664631	0	0	0	65	0	0.013	0	1496
6180012	-100	0	0	0	-100	0	0.566	0	
5424042	-100	0	0	0	-100	0	0.571	0	
13842411	-100	0	0	0	-100	0	0.493	0	
31691130	43962398	0	0	0	16	0	0.112	0	150
4001736	4292352	0	0	0	2	0	0.157	0	1500
34054482	-100	0	0	0	-100	0	0.55	0	
60053973	61710818	0	0	0	4	0	0.102	0	1503
9580397	10850492	0	0	0	29	0	0.132	0	1504
35626511	-100	0	0	0	-100	0	0.463	0	
3692954	-100	0	0	0	-100	0	0.452	0	
3300525	-100	0	0	0	-100	0	0.517	0	
4741436	4741629	0	0	0	2	0	0.074	0	1508
10246444	-100	0	0	0	-100	0	0.593	0	
59428743	59435038	0	0	0	29	0	0.111	0	151
26160465	-100	0	0	0	-100	0	0.52	0	
26681873	-100	0	0	0	-100	0	0.533	0	
2319381	-100	0	0	0	-100	0	0.849	0	
31710681	-100	0	0	0	-100	0	0.703	0	
34101244	34101844	0	0	0	5722	0	0.73	0	1514
34215202	34300914	0	0	0	9524	0	0.467	0	1515
51347773	57431947	0	0	0	11	0	0.039	0	1516
53750460	53761899	0	0	0	63	0	0.103	0	1517
38463980	-100	0	0	0	-100	0	0.563	0	
35835368	35871758	0	0	0	3794	0	0.195	0	152
38402133	-100	0	0	0	-100	0	0.532	0	
42448274	-100	0	0	0	-100	0	0.452	0	
20207372	20226270	0	0	0	5474	0	0.317	0	1522
37976835	-100	0	0	0	-100	0	0.649	0	
6397501	6461621	0	0	0	39	0	0.056	0	1525
8935055	-100	0	0	0	-100	0	0.541	0	
4002757	23989823	0	0	0	16	0	0.054	0	1527
17772103	38682813	0	0	0	5764	0	0.328	0	1528
1594803	-100	0	0	0	-100	0	0.642	0	
13589435	20106407	0	0	0	356	0	0.086	0	153
55858425	55965469	0	0	0	34	0	0.184	0	1530
42892227	-100	0	0	0	-100	0	0.101	0	
41964745	41966731	0	0	0	8521	0	0.523	0	1532
7361736	7502644	0	0	0	1	0	0.047	0	1533
47207621	-100	0	0	0	-100	0	0.949	0	
14815274	43537587	0	0	0	293	0	0.112	0	1535
40813022	-100	0	0	0	-100	0	0.599	0	
40773463	40787731	0	0	0	1	0	0.439	0	1538
12251368	12259771	0	0	0	2845	0	0.216	0	1539
20436611	42005229	0	0	0	2	0	0.13	0	154
9458664	9476045	0	0	0	8025	0	0.537	0	1540
1129176	-100	0	0	0	-100	0	0.504	0	
26760052	26789417	0	0	0	3781	0	0.208	0	1542
32007188	-100	0	0	0	-100	0	0.573	0	
7238958	10774436	0	0	0	3390	0	0.235	0	1544
5977542	-100	0	0	0	-100	0	0.633	0	
7642614	-100	0	0	0	-100	0	0.46	0	
48255276	48255459	0	0	0	114	0	0.066	0	1548
7522949	7524249	0	0	0	798	0	0.119	0	155
6466010	-100	0	0	0	-100	0	0.563	0	
1487950	2904341	0	0	0	3	0	0.273	0	1551
1855704	-100	0	0	0	-100	0	0.507	0	
30841015	30843930	0	0	0	1406	0	0.181	0	1555
6016771	-100	0	0	0	-100	0	0.816	0	
55510	-100	0	0	0	-100	0	0.47	0	
14176320	-100	0	0	0	-100	0	0.448	0	
32426161	32426504	0	0	0	1	0	0.078	0	156
9842938	-100	0	0	0	-100	0	0.539	0	
2914666	-100	0	0	0	-100	0	0.55	0	
59287937	59291618	0	0	0	4	0	0.192	0	1562
14792016	-100	0	0	0	-100	0	0.607	0	
12290451	43798283	0	0	0	4012	0	0.223	0	1564
16456286	-100	0	0	0	-100	0	0.479	0	
4738768	55930726	0	0	0	9086	0	0.501	0	1566
8305863	-100	0	0	0	-100	0	0.455	0	
8304582	8581902	0	0	0	5976	0	0.348	0	1569
40028595	-100	0	0	0	-100	0	0.554	0	
30166644	30199249	0	0	0	3	0	0.047	0	1570
9944906	-100	0	0	0	-100	0	0.439	0	
7587595	-100	0	0	0	-100	0	0.464	0	
282176	26971660	0	0	0	4496	0	0.285	0	1573
52644921	-100	0	0	0	-100	0	0.454	0	
5527736	-100	0	0	0	-100	0	0.464	0	
756906	-100	0	0	0	-100	0	0.486	0	
33064955	37025383	0	0	0	1170	0	0.085	0	1577
671714	2251394	0	0	0	18	0	0.153	0	1579
54468330	-100	0	0	0	-100	0	0.502	0	
7863603	53758796	0	0	0	1736	0	0.2	0	1580
9920973	9921590	0	0	0	3736	0	0.294	0	1582
431469	14193620	0	0	0	26	0	0.023	0	1583
5369790	-100	0	0	0	-100	0	0.601	0	
2640446	-100	0	0	0	-100	0	0.486	0	
171213	-100	0	0	0	-100	0	0.432	0	
2143022	2144012	0	0	0	8770	0	0.386	0	1589
43174109	43484206	0	0	0	177	0	0.163	0	159
1155693	19941601	0	0	0	136	0	0.122	0	1590
24398102	-100	0	0	0	-100	0	0.448	0	
54947367	-100	0	0	0	-100	0	0.555	0	
13991909	14024228	0	0	0	441	0	0.1	0	1593
27573928	-100	0	0	0	-100	0	0.448	0	
1180325	31394260	0	0	0	79	0	0.154	0	1596
461836	10095591	0	0	0	136	0	0.047	0	1597
58679610	-100	0	0	0	-100	0	0.432	0	
43009867	-100	0	0	0	-100	0	0.455	0	
61324712	-100	0	0	0	-100	0	0.441	0	
35834026	-100	0	0	0	-100	0	0.423	0	
30189926	-100	0	0	0	-100	0	0.508	0	
57689726	-100	0	0	0	-100	0	1.599	0	
17076672	-100	0	0	0	-100	0	0.462	0	
3352838	-100	0	0	0	-100	0	0.478	0	
24725152	57953599	0	0	0	4239	0	0.248	0	1607
15746271	-100	0	0	0	-100	0	0.486	0	
29771146	29796264	0	0	0	212	0	0.069	0	1609
15648705	15656928	0	0	0	628	0	0.115	0	161
33154696	33576552	0	0	0	1	0	0.032	0	1610
42242202	49824962	0	0	0	261	0	0.1	0	1611
21185771	21251113	0	0	0	1	0	0.138	0	1612
33047452	-100	0	0	0	-100	0	0.548	0	
665509	2638654	0	0	0	314	0	0.038	0	1614
2847729	-100	0	0	0	-100	0	0.417	0	
6248044	-100	0	0	0	-100	0	0.401	0	
7823480	7823524	0	0	0	8	0	0.031	0	1618
9469968	-100	0	0	0	-100	0	0.455	0	
21415700	-100	0	0	0	-100	0	0.394	0	
4021981	-100	0	0	0	-100	0	0.417	0	
22561372	22587103	0	0	0	1	0	0.046	0	1621
3225386	-100	0	0	0	-100	0	0.455	0	
85122	13397571	0	0	0	979	0	0.078	0	1625
24776262	35470658	0	0	0	4974	0	0.307	0	1626
21166675	-100	0	0	0	-100	0	0.502	0	
7904132	-100	0	0	0	-100	0	0.432	0	
23036965	23347437	0	0	0	8128	0	0.834	0	1629
3201273	3726716	0	0	0	390	0	0.069	0	1630
38027418	-100	0	0	0	-100	0	0.486	0	
30375750	-100	0	0	0	-100	0	0.517	0	
93260	-100	0	0	0	-100	0	0.548	0	
2637700	2637714	0	0	0	1	0	0.069	0	1635
1588922	1592804	0	0	0	1	0	0.015	0	1636
27353026	27354200	0	0	0	1	0	0.038	0	1637
5625431	-100	0	0	0	-100	0	0.448	0	
11449617	18679838	0	0	0	355	0	0.031	0	1639
32986874	32990900	0	0	0	4150	0	0.201	0	164
52010883	-100	0	0	0	-100	0	0.486	0	
52357	-100	0	0	0	-100	0	0.492	0	
45787191	45891062	0	0	0	1376	0	0.109	0	1642
39075223	39106893	0	0	0	4503	0	0.267	0	1643
3663506	47960154	0	0	0	422	0	0.085	0	1644
48058545	48062346	0	0	0	44	0	0.085	0	1646
3161392	3667317	0	0	0	1443	0	0.084	0	1647
58035752	-100	0	0	0	-100	0	0.549	0	
41076212	-100	0	0	0	-100	0	0.554	0	
49422595	49424340	0	0	0	1	0	0.047	0	1650
2746855	2830622	0	0	0	1	0	0.085	0	1651
7245404	-100	0	0	0	-100	0	0.448	0	
9472880	9743605	0	0	0	180	0	0.038	0	1653
23171894	41708018	0	0	0	647	0	0.062	0	1654
4362831	-100	0	0	0	-100	0	0.517	0	
47725266	47726503	0	0	0	2	0	0.022	0	1656
16267984	16268433	0	0	0	766	0	0.063	0	1657
6251889	-100	0	0	0	-100	0	0.47	0	
53978098	53978389	0	0	0	2	0	0.016	0	1659
61785434	61819277	0	0	0	1	0	0.053	0	166
580922	-100	0	0	0	-100	0	0.417	0	
24030116	-100	0	0	0	-100	0	0.448	0	
2419928	2495420	0	0	0	7	0	0.069	0	1662
31600600	-100	0	0	0	-100	0	0.457	0	
13445688	55379591	0	0	0	852	0	0.065	0	1664
42030063	42031216	0	0	0	1	0	0.1	0	1665
12479663	-100	0	0	0	-100	0	0.432	0	
2529617	-100	0	0	0	-100	0	0.502	0	
28458616	-100	0	0	0	-100	0	0.47	0	
24131602	-100	0	0	0	-100	0	0.47	0	
1491362	-100	0	0	0	-100	0	0.448	0	
859304	5550838	0	0	0	58	0	0.053	0	1670
43005771	43006702	0	0	0	817	0	0.085	0	1671
33204020	-100	0	0	0	-100	0	0.479	0	
3046889	27049491	0	0	0	6681	0	0.27	0	1673
33872026	-100	0	0	0	-100	0	0.116	0	
2698145	-100	0	0	0	-100	0	0.401	0	
3431434	47482921	0	0	0	8816	0	0.37	0	1676
9507973	-100	0	0	0	-100	0	0.548	0	
13888368	22296058	0	0	0	98	0	0.053	0	1678
46746878	-100	0	0	0	-100	0	0.417	0	
5780918	-100	0	0	0	-100	0	0.454	0	
31146713	35141039	0	0	0	2	0	0.031	0	1686
92396	-100	0	0	0	-100	0	0.471	0	
902095	-100	0	0	0	-100	0	0.463	0	
32078762	33830208	0	0	0	1283	0	0.1	0	1689
57124571	57125253	0	0	0	11	0	0.054	0	169
29411486	29750946	0	0	0	83	0	0.047	0	1690
37490956	37500149	0	0	0	1797	0	0.116	0	1691
4298408	-100	0	0	0	-100	0	0.485	0	
7562096	-100	0	0	0	-100	0	0.539	0	
9671749	-100	0	0	0	-100	0	0.501	0	
15181424	26489837	0	0	0	499	0	0.044	0	1695
5979442	5997723	0	0	0	1	0	0.048	0	1696
6436257	-100	0	0	0	-100	0	0.661	0	
52105822	-100	0	0	0	-100	0	0.443	0	
31971586	-100	0	0	0	-100	0	0.468	0	
62110426	62110834	0	0	0	2381	0	0.124	0	17
4092747	4093095	0	0	0	1	0	0.018	0	170
23959595	25703149	0	0	0	1	0	0.034	0	1700
35402366	-100	0	0	0	-100	0	0.514	0	
4993650	47352663	0	0	0	7974	0	0.385	0	1702
4486609	-100	0	0	0	-100	0	0.548	0	
206106	206564	0	0	0	2821	0	0.238	0	1705
34762829	35402262	0	0	0	1077	0	0.085	0	1706
39842139	39858691	0	0	0	6	0	0.063	0	1707
7090623	8649828	0	0	0	302	0	0.053	0	1709
58899006	58900260	0	0	0	7406	0	0.348	0	171
98944	2271078	0	0	0	45	0	0.015	0	1710
18921979	52703630	0	0	0	1	0	0.022	0	1711
6613870	-100	0	0	0	-100	0	0.483	0	
26858034	-100	0	0	0	-100	0	0.488	0	
60830000	-100	0	0	0	-100	0	0.606	0	
9187538	-100	0	0	0	-100	0	0.536	0	
13225500	-100	0	0	0	-100	0	0.544	0	
10125140	33556511	0	0	0	7222	0	0.383	0	1717
50344063	50354325	0	0	0	2207	0	0.139	0	1718
6258559	50317010	0	0	0	7055	0	0.39	0	1719
37665206	-100	0	0	0	-100	0	0.484	0	
3006438	-100	0	0	0	-100	0	0.456	0	
2290429	23092910	0	0	0	1042	0	0.073	0	1723
9339829	-100	0	0	0	-100	0	0.474	0	
59256699	59271296	0	0	0	13	0	0.105	0	1726
11546478	11571512	0	0	0	4777	0	0.219	0	1727
48893928	48899131	0	0	0	3	0	0.025	0	1728
2074099	-100	0	0	0	-100	0	0.476	0	
38188848	-100	0	0	0	-100	0	0.449	0	
27746109	-100	0	0	0	-100	0	0.469	0	
32940847	33828350	0	0	0	493	0	0.072	0	1732
17313272	-100	0	0	0	-100	0	0.464	0	
57051494	57193038	0	0	0	1	0	0.074	0	1734
13057596	13130708	0	0	0	24	0	0.068	0	1735
2417065	-100	0	0	0	-100	0	0.407	0	
571394	-100	0	0	0	-100	0	0.609	0	
33469861	-100	0	0	0	-100	0	0.924	0	
1116493	-100	0	0	0	-100	0	0.627	0	
2633092	2634580	0	0	0	8362	0	0.592	0	1741
8115368	27000797	0	0	0	4	0	0.129	0	1742
43767260	43789582	0	0	0	1817	0	0.14	0	1743
14306642	-100	0	0	0	-100	0	0.51	0	
19709529	-100	0	0	0	-100	0	0.423	0	
35662995	35683456	0	0	0	4	0	0.142	0	1746
4417782	33807223	0	0	0	7651	0	0.413	0	1748
5819217	7613528	0	0	0	497	0	0.066	0	1749
11696739	-100	0	0	0	-100	0	0.463	0	
16377991	45503130	0	0	0	8197	0	0.428	0	1750
27536395	27537482	0	0	0	12	0	0.041	0	1751
3681265	-100	0	0	0	-100	0	0.48	0	
6830936	15266448	0	0	0	1144	0	0.069	0	1754
42216334	53378614	0	0	0	10	0	0.028	0	1755
60817890	60828520	0	0	0	4484	0	0.368	0	1756
357404	12539165	0	0	0	30	0	0.032	0	1757
60819236	60826588	0	0	0	687	0	0.067	0	1758
18724999	-100	0	0	0	-100	0	0.473	0	
45537965	45538993	0	0	0	1	0	0.037	0	176
653336	13819820	0	0	0	423	0	0.038	0	1760
8434762	9448076	0	0	0	3513	0	0.241	0	1761
48769662	-100	0	0	0	-100	0	0.473	0	
48045515	-100	0	0	0	-100	0	0.423	0	
10758664	21861148	0	0	0	157	0	0.044	0	1764
55751382	56750390	0	0	0	1538	0	0.101	0	177
47624731	47624759	0	0	0	41	0	0.035	0	178
11296854	-100	0	0	0	-100	0	0.436	0	
3426165	-100	0	0	0	-100	0	0.413	0	
45770089	-100	0	0	0	-100	0	0.466	0	
40608111	-100	0	0	0	-100	0	0.459	0	
3220009	3324898	0	0	0	161	0	0.073	0	1797
55060820	55068593	0	0	0	249	0	0.041	0	1798
6826310	55959865	0	0	0	24	0	0.09	0	1799
14327399	36168606	0	0	0	34	0	0.052	0	18
50244772	50245277	0	0	0	139	0	0.05	0	180
21554099	-100	0	0	0	-100	0	0.638	0	
164168	10220401	0	0	0	1012	0	0.085	0	1801
25920681	-100	0	0	0	-100	0	0.843	0	
58468574	58472449	0	0	0	129	0	0.146	0	1803
279854	-100	0	0	0	-100	0	0.975	0	
10695945	-100	0	0	0	-100	0	1.096	0	
17390605	17392621	0	0	0	717	0	0.136	0	1808
57157677	57176148	0	0	0	1	0	0.053	0	1809
10398852	10401321	0	0	0	650	0	0.187	0	181
6517231	6527917	0	0	0	1	0	0.034	0	1810
19016099	19019252	0	0	0	475	0	0.097	0	1811
2226291	-100	0	0	0	-100	0	0.482	0	
16063123	27496004	0	0	0	1521	0	0.195	0	1814
18581443	-100	0	0	0	-100	0	0.526	0	
44229676	44237528	0	0	0	781	0	0.116	0	1816
1259099	4484767	0	0	0	1304	0	0.088	0	1817
28163187	30404388	0	0	0	2709	0	0.19	0	1818
5164538	-100	0	0	0	-100	0	0.501	0	
6728805	6729977	0	0	0	8	0	0.051	0	182
59237684	59239085	0	0	0	1	0	0.078	0	1821
2631585	-100	0	0	0	-100	0	0.441	0	
17842827	36104433	0	0	0	1	0	0.046	0	1823
2033110	-100	0	0	0	-100	0	0.566	0	
45072486	-100	0	0	0	-100	0	0.537	0	
35476454	-100	0	0	0	-100	0	0.538	0	
34314193	-100	0	0	0	-100	0	0.514	0	
23193038	-100	0	0	0	-100	0	0.452	0	
4728555	4750707	0	0	0	2	0	0.026	0	1830
19629587	19688442	0	0	0	319	0	0.05	0	1831
1301277	3317536	0	0	0	12	0	0.06	0	1832
862093	-100	0	0	0	-100	0	0.448	0	
26386010	-100	0	0	0	-100	0	0.439	0	
9428456	-100	0	0	0	-100	0	0.429	0	
24650468	24651271	0	0	0	1	0	0.092	0	1838
37705923	37706549	0	0	0	156	0	0.057	0	184
60830	132738	0	0	0	339	0	0.124	0	1840
26713879	-100	0	0	0	-100	0	0.513	0	
34549603	34553835	0	0	0	27	0	0.085	0	1843
41262492	41319114	0	0	0	3254	0	0.2	0	1844
15311667	24288513	0	0	0	789	0	0.144	0	1845
3417314	-100	0	0	0	-100	0	0.52	0	
1830158	37005449	0	0	0	191	0	0.197	0	1847
55357639	58894345	0	0	0	225	0	0.108	0	1848
760777	-100	0	0	0	-100	0	0.443	0	
39724268	-100	0	0	0	-100	0	0.498	0	
5113365	27443532	0	0	0	3363	0	0.235	0	1852
58729516	-100	0	0	0	-100	0	0.426	0	
17483	4465686	0	0	0	4789	0	0.243	0	1854
700588	-100	0	0	0	-100	0	0.472	0	
3533589	-100	0	0	0	-100	0	0.442	0	
303562	-100	0	0	0	-100	0	0.743	0	
4989820	9410681	0	0	0	781	0	0.07	0	1858
51862149	51913588	0	0	0	2877	0	0.151	0	1859
35301733	-100	0	0	0	-100	0	0.482	0	
14131939	22074724	0	0	0	43	0	0.032	0	1861
16524138	-100	0	0	0	-100	0	0.439	0	
301330	-100	0	0	0	-100	0	0.622	0	
11637611	-100	0	0	0	-100	0	0.514	0	
43787056	-100	0	0	0	-100	0	0.442	0	
15703842	-100	0	0	0	-100	0	0.418	0	
22815477	22921728	0	0	0	24	0	0.075	0	1867
8194227	-100	0	0	0	-100	0	0.488	0	
11876128	11887104	0	0	0	17	0	0.087	0	1869
2009434	2014746	0	0	0	1	0	0.032	0	187
1514311	-100	0	0	0	-100	0	0.444	0	
17048072	32342285	0	0	0	1806	0	0.085	0	1871
4346742	-100	0	0	0	-100	0	0.449	0	
20162903	44551908	0	0	0	348	0	0.052	0	1873
31728098	41591224	0	0	0	2198	0	0.147	0	1874
17549906	-100	0	0	0	-100	0	0.475	0	
41689522	-100	0	0	0	-100	0	0.418	0	
28036732	-100	0	0	0	-100	0	0.471	0	
15737223	50401618	0	0	0	2839	0	0.248	0	1878
1226634	49045026	0	0	0	450	0	0.142	0	1879
3645896	-100	0	0	0	-100	0	0.576	0	
3771208	4144234	0	0	0	3672	0	0.229	0	1881
1552069	-100	0	0	0	-100	0	0.424	0	
20919935	28393195	0	0	0	8791	0	0.461	0	1884
21174593	58318716	0	0	0	1	0	0.077	0	1885
33824954	-100	0	0	0	-100	0	0.543	0	
43384887	47630402	0	0	0	136	0	0.07	0	1887
19941859	-100	0	0	0	-100	0	0.442	0	
1056879	1056921	0	0	0	1	0	0.015	0	1889
5069489	-100	0	0	0	-100	0	0.458	0	
441306	-100	0	0	0	-100	0	0.434	0	
4726768	8026170	0	0	0	8978	0	0.389	0	1892
58453021	58466245	0	0	0	44	0	0.095	0	1893
12328896	-100	0	0	0	-100	0	0.463	0	
4938875	-100	0	0	0	-100	0	0.457	0	
1154974	1155389	0	0	0	341	0	0.04	0	1896
12661648	-100	0	0	0	-100	0	0.489	0	
17708449	-100	0	0	0	-100	0	0.434	0	
14375558	14375965	0	0	0	1	0	0.102	0	1899
13087966	13096292	0	0	0	5	0	0.048	0	19
32132574	-100	0	0	0	-100	0	0.438	0	
2727834	40216965	0	0	0	23	0	0.058	0	1901
2911442	-100	0	0	0	-100	0	0.683	0	
47263793	47455800	0	0	0	160	0	0.077	0	1903
757059	19106342	0	0	0	1655	0	0.081	0	1904
269837	867724	0	0	0	3709	0	0.237	0	1905
4063146	16863937	0	0	0	584	0	0.065	0	1906
21010017	48504300	0	0	0	2	0	0.032	0	1907
19103244	-100	0	0	0	-100	0	0.452	0	
6540948	-100	0	0	0	-100	0	0.519	0	
609203	-100	0	0	0	-100	0	0.431	0	
15165502	-100	0	0	0	-100	0	0.419	0	
9685486	-100	0	0	0	-100	0	0.458	0	
12033188	31622059	0	0	0	6	0	0.062	0	1914
45882606	-100	0	0	0	-100	0	0.53	0	
3016956	-100	0	0	0	-100	0	0.492	0	
5484930	-100	0	0	0	-100	0	0.458	0	
2396576	6423729	0	0	0	45	0	0.016	0	1918
11635	9182912	0	0	0	7524	0	0.341	0	1919
50278663	-100	0	0	0	-100	0	0.593	0	
5221981	6377204	0	0	0	76	0	0.031	0	1920
461507	-100	0	0	0	-100	0	0.46	0	
7856453	17863079	0	0	0	514	0	0.083	0	1922
42411819	-100	0	0	0	-100	0	0.439	0	
6531543	-100	0	0	0	-100	0	0.45	0	
38026884	-100	0	0	0	-100	0	0.46	0	
438192	-100	0	0	0	-100	0	0.449	0	
6147866	6154204	0	0	0	1	0	0.035	0	1928
6773122	-100	0	0	0	-100	0	0.48	0	
13638408	-100	0	0	0	-100	0	0.459	0	
37231313	-100	0	0	0	-100	0	0.482	0	
52435630	-100	0	0	0	-100	0	0.428	0	
5553850	9444003	0	0	0	2998	0	0.17	0	1933
27430640	27460527	0	0	0	2837	0	0.194	0	1934
30581837	-100	0	0	0	-100	0	0.507	0	
6036086	6224121	0	0	0	94	0	0.05	0	1937
11601998	-100	0	0	0	-100	0	0.452	0	
48932540	48953421	0	0	0	178	0	0.038	0	194
3022552	-100	0	0	0	-100	0	0.452	0	
2254498	-100	0	0	0	-100	0	0.444	0	
15735208	15741101	0	0	0	2	0	0.077	0	1943
1174169	-100	0	0	0	-100	0	0.489	0	
47604606	-100	0	0	0	-100	0	0.529	0	
4672991	5025843	0	0	0	1080	0	0.082	0	1946
1483403	-100	0	0	0	-100	0	0.512	0	
9065081	9077612	0	0	0	6578	0	0.295	0	1948
41594595	41599226	0	0	0	115	0	0.039	0	1949
51289394	51291661	0	0	0	8	0	0.1	0	195
783212	-100	0	0	0	-100	0	0.424	0	
1413445	13687769	0	0	0	203	0	0.032	0	1951
9094422	14365595	0	0	0	59	0	0.06	0	1952
9587756	9705535	0	0	0	12	0	0.03	0	1953
2128321	-100	0	0	0	-100	0	0.411	0	
13840998	-100	0	0	0	-100	0	0.506	0	
539537	-100	0	0	0	-100	0	0.444	0	
11821158	53655187	0	0	0	2043	0	0.124	0	1957
28674543	28680634	0	0	0	1	0	0.077	0	1958
12546036	-100	0	0	0	-100	0	0.455	0	
28769788	-100	0	0	0	-100	0	0.44	0	
28699281	28724017	0	0	0	1645	0	0.125	0	1965
7000892	7013286	0	0	0	5551	0	0.324	0	1966
24530771	-100	0	0	0	-100	0	0.665	0	
14187647	-100	0	0	0	-100	0	0.67	0	
3873625	3874615	0	0	0	1940	0	0.155	0	197
7141260	-100	0	0	0	-100	0	0.592	0	
148403	-100	0	0	0	-100	0	0.599	0	
402283	11107608	0	0	0	6349	0	0.361	0	1972
15585267	-100	0	0	0	-100	0	0.453	0	
12761315	-100	0	0	0	-100	0	0.468	0	
3052788	8302231	0	0	0	146	0	0.065	0	1976
4539406	-100	0	0	0	-100	0	0.42	0	
52122996	52172457	0	0	0	3	0	0.025	0	1978
23049166	-100	0	0	0	-100	0	0.539	0	
20614282	-100	0	0	0	-100	0	0.469	0	
18700558	-100	0	0	0	-100	0	0.459	0	
1390913	-100	0	0	0	-100	0	0.469	0	
3517795	-100	0	0	0	-100	0	0.479	0	
7346634	-100	0	0	0	-100	0	0.47	0	
18001629	-100	0	0	0	-100	0	0.458	0	
4071456	-100	0	0	0	-100	0	0.442	0	
15128383	-100	0	0	0	-100	0	0.447	0	
477225	485649	0	0	0	3800	0	0.225	0	1989
14404904	14405837	0	0	0	21	0	0.064	0	199
35893937	35919228	0	0	0	1471	0	0.132	0	1990
4316442	-100	0	0	0	-100	0	0.448	0	
4279164	-100	0	0	0	-100	0	0.454	0	
16596422	-100	0	0	0	-100	0	0.434	0	
29488392	29490493	0	0	0	4078	0	0.223	0	1995
49538136	49550663	0	0	0	133	0	0.082	0	1996
2102582	-100	0	0	0	-100	0	0.457	0	
12692892	39327028	0	0	0	9399	0	0.388	0	1999
8121570	8125234	0	0	0	1	0	0.029	0	2
37210716	46356623	0	0	0	5	0	0.032	0	20
21141848	21144237	0	0	0	8046	0	0.384	0	200
7401269	7401521	0	0	0	8217	0	0.433	0	2000
8357955	8393990	0	0	0	8093	0	0.365	0	2001
56952305	-100	0	0	0	-100	0	0.428	0	
35703958	35722135	0	0	0	21	0	0.059	0	2005
29208668	-100	0	0	0	-100	0	0.536	0	
9407367	-100	0	0	0	-100	0	0.472	0	
17735852	-100	0	0	0	-100	0	0.476	0	
5467576	-100	0	0	0	-100	0	0.428	0	
174612	940087	0	0	0	1465	0	0.081	0	2011
4276207	-100	0	0	0	-100	0	0.442	0	
2725044	-100	0	0	0	-100	0	0.443	0	
25242556	-100	0	0	0	-100	0	0.479	0	
26533740	-100	0	0	0	-100	0	0.477	0	
4254059	4461562	0	0	0	197	0	0.056	0	2017
36534706	-100	0	0	0	-100	0	0.489	0	
28247137	-100	0	0	0	-100	0	0.47	0	
21763038	-100	0	0	0	-100	0	0.461	0	
1259272	-100	0	0	0	-100	0	0.485	0	
3539583	-100	0	0	0	-100	0	0.438	0	
19927952	37588408	0	0	0	476	0	0.047	0	2023
181624	15671536	0	0	0	6380	0	0.344	0	2024
47752997	47868671	0	0	0	1304	0	0.122	0	2026
2934904	-100	0	0	0	-100	0	0.436	0	
16782103	-100	0	0	0	-100	0	0.448	0	
22716560	-100	0	0	0	-100	0	0.405	0	
17228	24109	0	0	0	233	0	0.034	0	2030
11630321	-100	0	0	0	-100	0	0.464	0	
6880832	15148749	0	0	0	1162	0	0.078	0	2032
8936549	-100	0	0	0	-100	0	0.515	0	
2481654	-100	0	0	0	-100	0	0.458	0	
1255559	26285254	0	0	0	8218	0	0.367	0	2039
38706879	-100	0	0	0	-100	0	0.464	0	
9183993	-100	0	0	0	-100	0	0.444	0	
5530505	38209120	0	0	0	2030	0	0.133	0	2041
15513453	15733390	0	0	0	1	0	0.054	0	2042
5771868	6326907	0	0	0	405	0	0.041	0	2043
5430022	-100	0	0	0	-100	0	0.507	0	
6114067	-100	0	0	0	-100	0	0.467	0	
11337494	-100	0	0	0	-100	0	0.461	0	
7724448	47283908	0	0	0	5	0	0.032	0	2049
42379391	45260216	0	0	0	346	0	0.06	0	205
9573748	9584641	0	0	0	776	0	0.065	0	2050
1185252	-100	0	0	0	-100	0	0.532	0	
47878888	47963081	0	0	0	3	0	0.049	0	2053
14147705	-100	0	0	0	-100	0	0.529	0	
1657883	-100	0	0	0	-100	0	0.53	0	
7788639	17813423	0	0	0	750	0	0.069	0	2056
24116817	-100	0	0	0	-100	0	0.467	0	
27492435	-100	0	0	0	-100	0	0.503	0	
7557179	27276555	0	0	0	1064	0	0.08	0	2060
667634	-100	0	0	0	-100	0	0.455	0	
3134183	-100	0	0	0	-100	0	0.554	0	
30021274	-100	0	0	0	-100	0	0.463	0	
5572464	-100	0	0	0	-100	0	0.457	0	
32510183	-100	0	0	0	-100	0	0.456	0	
2212776	-100	0	0	0	-100	0	0.448	0	
790687	-100	0	0	0	-100	0	0.428	0	
17024143	-100	0	0	0	-100	0	0.408	0	
8706356	12598029	0	0	0	1248	0	0.096	0	2070
5088460	-100	0	0	0	-100	0	0.455	0	
306533	31051317	0	0	0	2830	0	0.133	0	2073
4403726	-100	0	0	0	-100	0	0.409	0	
4410790	4411320	0	0	0	92	0	0.06	0	2075
5346836	-100	0	0	0	-100	0	0.491	0	
30487064	30489891	0	0	0	2335	0	0.143	0	2077
38705842	38707459	0	0	0	3	0	0.094	0	208
318398	-100	0	0	0	-100	0	0.462	0	
2616011	-100	0	0	0	-100	0	0.451	0	
486099	-100	0	0	0	-100	0	0.438	0	
9510514	11019232	0	0	0	2329	0	0.147	0	2084
4702732	4984612	0	0	0	149	0	0.047	0	2085
4984600	-100	0	0	0	-100	0	0.47	0	
1727881	-100	0	0	0	-100	0	0.447	0	
30329235	38443452	0	0	0	1421	0	0.165	0	209
2551775	-100	0	0	0	-100	0	0.496	0	
11511510	-100	0	0	0	-100	0	0.469	0	
11538124	23153445	0	0	0	83	0	0.194	0	2097
29074892	29077121	0	0	0	1	0	0.065	0	21
24048022	45599509	0	0	0	495	0	0.061	0	210
1448467	-100	0	0	0	-100	0	0.446	0	
9131763	13635079	0	0	0	419	0	0.06	0	2101
8654327	-100	0	0	0	-100	0	0.44	0	
13017946	13029299	0	0	0	29	0	0.084	0	2104
34688926	-100	0	0	0	-100	0	0.474	0	
32712057	-100	0	0	0	-100	0	0.432	0	
3092198	3095856	0	0	0	8	0	0.095	0	2107
124856	124880	0	0	0	5981	0	0.264	0	2109
11985604	-100	0	0	0	-100	0	0.438	0	
7265157	-100	0	0	0	-100	0	0.471	0	
39912	-100	0	0	0	-100	0	0.441	0	
3310737	-100	0	0	0	-100	0	0.481	0	
3582608	-100	0	0	0	-100	0	0.48	0	
37029541	37031805	0	0	0	453	0	0.031	0	2115
11814536	-100	0	0	0	-100	0	0.476	0	
21805674	37614714	0	0	0	1425	0	0.139	0	2118
5539249	37482246	0	0	0	615	0	0.112	0	2119
56006786	56029329	0	0	0	1	0	0.068	0	212
103512	1609163	0	0	0	2	0	0.026	0	2120
573294	16499683	0	0	0	5659	0	0.352	0	2122
16540725	50025862	0	0	0	65	0	0.057	0	2123
226061	-100	0	0	0	-100	0	0.458	0	
24498894	-100	0	0	0	-100	0	0.451	0	
809227	-100	0	0	0	-100	0	0.574	0	
14158896	14170746	0	0	0	46	0	0.085	0	2127
3069950	-100	0	0	0	-100	0	0.453	0	
11955859	11972818	0	0	0	6829	0	0.391	0	213
6006527	-100	0	0	0	-100	0	0.479	0	
4265167	-100	0	0	0	-100	0	0.441	0	
989795	-100	0	0	0	-100	0	0.453	0	
38271718	38276005	0	0	0	4	0	0.063	0	2134
3716277	42441791	0	0	0	5406	0	0.338	0	2135
34520013	-100	0	0	0	-100	0	0.656	0	
25078285	-100	0	0	0	-100	0	0.64	0	
776508	-100	0	0	0	-100	0	0.432	0	
5698002	40152967	0	0	0	9530	0	0.459	0	2139
2004419	34686972	0	0	0	6700	0	0.285	0	214
2505328	-100	0	0	0	-100	0	0.418	0	
962132	-100	0	0	0	-100	0	0.534	0	
4155847	-100	0	0	0	-100	0	0.547	0	
2804893	45751856	0	0	0	3485	0	0.213	0	2145
5093460	-100	0	0	0	-100	0	0.456	0	
9640256	-100	0	0	0	-100	0	0.468	0	
38213088	53806687	0	0	0	124	0	0.025	0	215
5279051	13813007	0	0	0	1233	0	0.115	0	2154
7592129	9459035	0	0	0	1607	0	0.128	0	2155
199333	3944505	0	0	0	14	0	0.051	0	2156
22682513	22707814	0	0	0	25	0	0.11	0	2157
862858	-100	0	0	0	-100	0	0.433	0	
8123776	-100	0	0	0	-100	0	0.511	0	
49791664	-100	0	0	0	-100	0	0.479	0	
6486432	8514633	0	0	0	4454	0	0.249	0	2160
13880205	39932391	0	0	0	1	0	0.067	0	2161
53742062	-100	0	0	0	-100	0	0.419	0	
31445800	-100	0	0	0	-100	0	0.483	0	
5760774	-100	0	0	0	-100	0	0.489	0	
3673998	-100	0	0	0	-100	0	0.449	0	
1172939	14589346	0	0	0	2	0	0.046	0	2167
3681188	-100	0	0	0	-100	0	0.441	0	
3682049	3683881	0	0	0	6739	0	0.328	0	2169
57577372	-100	0	0	0	-100	0	0.451	0	
18437875	18458663	0	0	0	1	0	0.049	0	2170
216823	-100	0	0	0	-100	0	0.467	0	
51120541	-100	0	0	0	-100	0	0.434	0	
13827973	-100	0	0	0	-100	0	0.443	0	
37924996	51839698	0	0	0	24	0	0.084	0	2176
23737449	-100	0	0	0	-100	0	0.43	0	
5803953	17500821	0	0	0	8888	0	0.371	0	2178
9963798	9963974	0	0	0	8797	0	0.427	0	2179
17730333	17731366	0	0	0	8	0	0.014	0	218
7949229	18553210	0	0	0	24	0	0.071	0	2180
7965262	-100	0	0	0	-100	0	0.446	0	
3179494	-100	0	0	0	-100	0	0.416	0	
1978709	-100	0	0	0	-100	0	0.445	0	
4230602	8046097	0	0	0	29	0	0.026	0	2185
54142	12824378	0	0	0	17	0	0.063	0	2186
40673080	41404001	0	0	0	3	0	0.025	0	2187
5009869	-100	0	0	0	-100	0	0.46	0	
5598487	-100	0	0	0	-100	0	0.463	0	
43158839	43160533	0	0	0	2022	0	0.184	0	219
1837024	-100	0	0	0	-100	0	0.441	0	
23591075	23594969	0	0	0	1	0	0.083	0	2191
6089231	9188126	0	0	0	968	0	0.127	0	2193
7593086	8452130	0	0	0	1	0	0.084	0	2194
988069	-100	0	0	0	-100	0	0.512	0	
55026916	55028330	0	0	0	1	0	0.081	0	22
26643602	26645035	0	0	0	3116	0	0.161	0	220
9701276	10159236	0	0	0	9049	0	0.378	0	2200
9135144	9233358	0	0	0	1968	0	0.129	0	2201
17388771	-100	0	0	0	-100	0	0.459	0	
205945	32487575	0	0	0	3538	0	0.188	0	2203
181630	40809926	0	0	0	542	0	0.052	0	2204
570669	-100	0	0	0	-100	0	0.508	0	
35129135	36028302	0	0	0	5649	0	0.26	0	2206
32507684	32508952	0	0	0	1	0	0.085	0	2207
197675	703691	0	0	0	609	0	0.062	0	2208
24042774	-100	0	0	0	-100	0	0.44	0	
26111162	-100	0	0	0	-100	0	0.445	0	
839765	-100	0	0	0	-100	0	0.454	0	
30048533	45055402	0	0	0	22	0	0.081	0	2214
6995310	7007403	0	0	0	185	0	0.092	0	2219
41664138	41665036	0	0	0	1	0	0.043	0	222
27333311	27807118	0	0	0	2355	0	0.135	0	2221
4437527	-100	0	0	0	-100	0	0.414	0	
201593	-100	0	0	0	-100	0	0.455	0	
410823	-100	0	0	0	-100	0	0.441	0	
1525764	1833356	0	0	0	1	0	0.109	0	2228
1600399	-100	0	0	0	-100	0	0.433	0	
26119212	-100	0	0	0	-100	0	0.434	0	
18880654	-100	0	0	0	-100	0	0.444	0	
8530080	-100	0	0	0	-100	0	0.467	0	
7341607	-100	0	0	0	-100	0	0.45	0	
12015195	-100	0	0	0	-100	0	0.499	0	
22798558	-100	0	0	0	-100	0	0.464	0	
4875289	-100	0	0	0	-100	0	0.469	0	
1642028	-100	0	0	0	-100	0	0.431	0	
2046228	3778799	0	0	0	297	0	0.052	0	2237
18939882	-100	0	0	0	-100	0	0.447	0	
12372531	-100	0	0	0	-100	0	0.423	0	
42920777	-100	0	0	0	-100	0	0.481	0	
8996385	8997000	0	0	0	1639	0	0.101	0	2240
3729515	-100	0	0	0	-100	0	0.438	0	
3695174	-100	0	0	0	-100	0	0.465	0	
240212	-100	0	0	0	-100	0	0.418	0	
7546620	-100	0	0	0	-100	0	0.435	0	
478898	52164723	0	0	0	4720	0	0.251	0	2247
2790346	12207684	0	0	0	6754	0	0.291	0	2248
4192170	41670800	0	0	0	129	0	0.027	0	2249
10207490	-100	0	0	0	-100	0	0.416	0	
25953601	-100	0	0	0	-100	0	0.473	0	
778378	-100	0	0	0	-100	0	0.433	0	
6447819	-100	0	0	0	-100	0	0.454	0	
8642363	14681349	0	0	0	3	0	0.053	0	2254
9314534	-100	0	0	0	-100	0	0.468	0	
179105	327573	0	0	0	8503	0	0.38	0	2256
3496982	-100	0	0	0	-100	0	0.449	0	
1051379	35962647	0	0	0	9620	0	0.471	0	2259
48924449	48985041	0	0	0	16	0	0.046	0	226
333889	1945846	0	0	0	560	0	0.036	0	2260
6181464	-100	0	0	0	-100	0	0.477	0	
321068	2571831	0	0	0	2899	0	0.168	0	2262
38392092	38393302	0	0	0	2500	0	0.184	0	2263
1010106	-100	0	0	0	-100	0	0.446	0	
348833	-100	0	0	0	-100	0	0.435	0	
691719	4636456	0	0	0	650	0	0.059	0	2267
3899870	-100	0	0	0	-100	0	0.433	0	
3355683	11665829	0	0	0	150	0	0.06	0	2269
22509876	-100	0	0	0	-100	0	0.466	0	
1732011	1855459	0	0	0	232	0	0.047	0	2270
213907	-100	0	0	0	-100	0	0.454	0	
25680461	58588748	0	0	0	1723	0	0.131	0	2272
50321788	50333246	0	0	0	1	0	0.121	0	2273
13632507	13636949	0	0	0	2513	0	0.139	0	2274
13061979	-100	0	0	0	-100	0	0.43	0	
671703	1239938	0	0	0	6	0	0.057	0	2276
10604794	-100	0	0	0	-100	0	0.444	0	
33690697	-100	0	0	0	-100	0	0.449	0	
42777424	43410631	0	0	0	6295	0	0.284	0	2279
54166888	-100	0	0	0	-100	0	0.421	0	
4557009	-100	0	0	0	-100	0	0.428	0	
180516	-100	0	0	0	-100	0	0.451	0	
11404710	-100	0	0	0	-100	0	0.441	0	
4332164	-100	0	0	0	-100	0	0.517	0	
8060025	12530406	0	0	0	342	0	0.109	0	2285
5153908	13059091	0	0	0	914	0	0.066	0	2287
12015156	57672592	0	0	0	1	0	0.028	0	2288
2402579	-100	0	0	0	-100	0	0.473	0	
29838574	31622153	0	0	0	50	0	0.047	0	229
8335430	-100	0	0	0	-100	0	0.465	0	
375913	-100	0	0	0	-100	0	0.423	0	
5739937	21567291	0	0	0	3957	0	0.188	0	2297
3703658	-100	0	0	0	-100	0	0.513	0	
24901	-100	0	0	0	-100	0	0.471	0	
21733836	-100	0	0	0	-100	0	0.451	0	
56263432	56283794	0	0	0	218	0	0.086	0	230
381621	54973981	0	0	0	113	0	0.032	0	2300
21943621	-100	0	0	0	-100	0	0.47	0	
936687	-100	0	0	0	-100	0	0.414	0	
1041866	13694605	0	0	0	6455	0	0.297	0	2304
118547	23406033	0	0	0	14	0	0.036	0	2305
59756738	59758453	0	0	0	5068	0	0.252	0	2306
72010	411103	0	0	0	1725	0	0.135	0	2307
2354210	-100	0	0	0	-100	0	0.422	0	
13772567	-100	0	0	0	-100	0	0.488	0	
26882023	31739792	0	0	0	1702	0	0.138	0	2312
24296571	-100	0	0	0	-100	0	0.466	0	
4990462	5002055	0	0	0	5309	0	0.289	0	2314
1861912	-100	0	0	0	-100	0	0.43	0	
933850	1023306	0	0	0	6161	0	0.29	0	2316
3734247	-100	0	0	0	-100	0	0.419	0	
21502017	27744079	0	0	0	163	0	0.087	0	2321
22176777	22182432	0	0	0	133	0	0.066	0	2322
5563000	-100	0	0	0	-100	0	0.457	0	
24370732	24371868	0	0	0	18	0	0.087	0	2324
106508	-100	0	0	0	-100	0	0.425	0	
57483	-100	0	0	0	-100	0	0.402	0	
3593687	-100	0	0	0	-100	0	0.42	0	
19554841	54504247	0	0	0	304	0	0.052	0	2330
1898524	-100	0	0	0	-100	0	0.398	0	
3025421	9084671	0	0	0	1718	0	0.115	0	2333
614794	-100	0	0	0	-100	0	0.485	0	
2351148	-100	0	0	0	-100	0	0.423	0	
120876	21395395	0	0	0	106	0	0.035	0	2338
54827950	-100	0	0	0	-100	0	0.462	0	
40579342	-100	0	0	0	-100	0	0.439	0	
38447226	-100	0	0	0	-100	0	0.488	0	
8891067	-100	0	0	0	-100	0	0.451	0	
23971761	-100	0	0	0	-100	0	0.44	0	
27689105	-100	0	0	0	-100	0	0.521	0	
9553591	12346487	0	0	0	855	0	0.072	0	2350
15445758	-100	0	0	0	-100	0	0.432	0	
9954518	42416776	0	0	0	177	0	0.06	0	2352
6012157	9020372	0	0	0	3252	0	0.182	0	2355
7038357	-100	0	0	0	-100	0	0.442	0	
1878285	-100	0	0	0	-100	0	0.476	0	
5930985	-100	0	0	0	-100	0	0.442	0	
26986570	-100	0	0	0	-100	0	0.452	0	
20815921	-100	0	0	0	-100	0	0.421	0	
18841747	-100	0	0	0	-100	0	0.465	0	
311166	-100	0	0	0	-100	0	0.421	0	
43777837	43778590	0	0	0	1	0	0.085	0	2364
6320995	-100	0	0	0	-100	0	0.443	0	
185844	-100	0	0	0	-100	0	0.43	0	
747470	-100	0	0	0	-100	0	0.46	0	
6255445	6255682	0	0	0	8193	0	0.369	0	237
26189166	26190364	0	0	0	205	0	0.062	0	2370
10962290	-100	0	0	0	-100	0	0.455	0	
8114276	-100	0	0	0	-100	0	0.477	0	
5481539	7153991	0	0	0	428	0	0.114	0	2373
3582001	-100	0	0	0	-100	0	0.464	0	
1897675	-100	0	0	0	-100	0	0.451	0	
1120140	26979013	0	0	0	4654	0	0.232	0	2376
1494399	3418231	0	0	0	1977	0	0.138	0	2377
54465850	54466591	0	0	0	2582	0	0.158	0	238
4767925	43471071	0	0	0	71	0	0.039	0	2380
1686204	-100	0	0	0	-100	0	0.475	0	
4185350	-100	0	0	0	-100	0	0.433	0	
111478	8630552	0	0	0	9445	0	0.384	0	2383
7823990	8851670	0	0	0	5665	0	0.248	0	2384
17775390	-100	0	0	0	-100	0	0.474	0	
3229883	-100	0	0	0	-100	0	0.468	0	
824157	2062956	0	0	0	2	0	0.044	0	2387
7765239	7766771	0	0	0	1	0	0.097	0	239
332030	-100	0	0	0	-100	0	0.428	0	
471432	-100	0	0	0	-100	0	0.441	0	
28573215	28574069	0	0	0	95	0	0.112	0	2392
3498444	-100	0	0	0	-100	0	0.433	0	
4486326	4486442	0	0	0	1	0	0.06	0	2394
14595992	-100	0	0	0	-100	0	0.429	0	
14442894	-100	0	0	0	-100	0	0.448	0	
6399615	-100	0	0	0	-100	0	0.444	0	
2602013	-100	0	0	0	-100	0	0.462	0	
4430835	-100	0	0	0	-100	0	0.497	0	
8634234	-100	0	0	0	-100	0	0.477	0	
116038	-100	0	0	0	-100	0	0.492	0	
15952412	-100	0	0	0	-100	0	0.472	0	
7689406	-100	0	0	0	-100	0	0.425	0	
15097783	21028299	0	0	0	2787	0	0.183	0	2406
2409504	-100	0	0	0	-100	0	0.431	0	
41840608	-100	0	0	0	-100	0	0.438	0	
18467624	22253355	0	0	0	1300	0	0.073	0	2411
6438086	6440392	0	0	0	7	0	0.026	0	2412
5205491	7482567	0	0	0	7	0	0.03	0	2413
30114397	-100	0	0	0	-100	0	0.475	0	
37378199	-100	0	0	0	-100	0	0.446	0	
53849	236129	0	0	0	9272	0	0.415	0	2418
28998697	-100	0	0	0	-100	0	0.454	0	
37209725	-100	0	0	0	-100	0	0.487	0	
1553382	-100	0	0	0	-100	0	0.428	0	
9330561	9331036	0	0	0	587	0	0.06	0	2423
4084777	-100	0	0	0	-100	0	0.422	0	
437150	-100	0	0	0	-100	0	0.468	0	
28311795	29293394	0	0	0	1673	0	0.122	0	2428
11016220	29764869	0	0	0	89	0	0.082	0	2429
5751737	5754228	0	0	0	1917	0	0.108	0	243
8454329	-100	0	0	0	-100	0	0.487	0	
38043442	-100	0	0	0	-100	0	0.411	0	
177437	-100	0	0	0	-100	0	0.458	0	
6264249	-100	0	0	0	-100	0	0.426	0	
24017636	36132402	0	0	0	1879	0	0.101	0	244
272900	-100	0	0	0	-100	0	0.432	0	
22444415	-100	0	0	0	-100	0	0.446	0	
4422507	4726570	0	0	0	718	0	0.067	0	2455
29765961	-100	0	0	0	-100	0	0.49	0	
2744181	-100	0	0	0	-100	0	0.458	0	
11433978	11434180	0	0	0	1	0	0.036	0	246
245742	1024361	0	0	0	564	0	0.109	0	2460
405039	7248627	0	0	0	5891	0	0.313	0	2466
18764094	27341944	0	0	0	60	0	0.04	0	247
1133739	1134388	0	0	0	1	0	0.054	0	2471
2273330	-100	0	0	0	-100	0	0.493	0	
1567082	-100	0	0	0	-100	0	0.562	0	
12573816	-100	0	0	0	-100	0	0.572	0	
115703	-100	0	0	0	-100	0	0.615	0	
4866425	33483623	0	0	0	345	0	0.064	0	2478
46921042	-100	0	0	0	-100	0	0.475	0	
92859	34906229	0	0	0	4611	0	0.245	0	2481
7627098	-100	0	0	0	-100	0	0.431	0	
395123	-100	0	0	0	-100	0	0.423	0	
161177	7779652	0	0	0	100	0	0.021	0	2484
10270328	-100	0	0	0	-100	0	0.476	0	
2687392	8644707	0	0	0	5	0	0.064	0	2486
75538	-100	0	0	0	-100	0	0.43	0	
8808732	-100	0	0	0	-100	0	0.459	0	
4030959	4031228	0	0	0	2	0	0.069	0	2490
4421706	-100	0	0	0	-100	0	0.433	0	
7149461	7194127	0	0	0	1	0	0.059	0	2494
2830272	2835416	0	0	0	7160	0	0.346	0	2495
11373203	-100	0	0	0	-100	0	0.421	0	
25311011	28994148	0	0	0	3297	0	0.177	0	2498
7011238	10901905	0	0	0	120	0	0.061	0	2499
28545184	28551380	0	0	0	163	0	0.093	0	25
29938796	30045690	0	0	0	1	0	0.023	0	250
14294271	14309245	0	0	0	11	0	0.035	0	2503
2558153	-100	0	0	0	-100	0	0.454	0	
228005	-100	0	0	0	-100	0	0.45	0	
14856344	-100	0	0	0	-100	0	0.448	0	
1861294	23615776	0	0	0	27	0	0.089	0	2508
2808398	-100	0	0	0	-100	0	0.445	0	
56260017	-100	0	0	0	-100	0	0.463	0	
21060574	21072058	0	0	0	629	0	0.056	0	2510
14768951	-100	0	0	0	-100	0	0.47	0	
137038	38552116	0	0	0	3185	0	0.157	0	2513
3828192	-100	0	0	0	-100	0	0.437	0	
317450	-100	0	0	0	-100	0	0.416	0	
979759	-100	0	0	0	-100	0	0.45	0	
6218812	-100	0	0	0	-100	0	0.507	0	
2080281	-100	0	0	0	-100	0	0.433	0	
3279543	-100	0	0	0	-100	0	0.434	0	
4986673	10476665	0	0	0	340	0	0.021	0	2523
670734	-100	0	0	0	-100	0	0.443	0	
13292237	15858141	0	0	0	2162	0	0.157	0	2526
4850473	-100	0	0	0	-100	0	0.459	0	
54872975	54902244	0	0	0	1	0	0.068	0	253
320798	21384604	0	0	0	86	0	0.043	0	2532
257288	-100	0	0	0	-100	0	0.469	0	
1005476	-100	0	0	0	-100	0	0.446	0	
610245	56411114	0	0	0	7527	0	0.388	0	2538
6166337	-100	0	0	0	-100	0	0.439	0	
4782757	12306226	0	0	0	968	0	0.069	0	2544
1272680	28529416	0	0	0	249	0	0.017	0	2545
10231349	10315041	0	0	0	625	0	0.111	0	2546
10972577	52589094	0	0	0	4380	0	0.208	0	255
2712076	-100	0	0	0	-100	0	0.471	0	
8193102	13957166	0	0	0	27	0	0.053	0	2553
8468774	-100	0	0	0	-100	0	0.576	0	
3457967	-100	0	0	0	-100	0	0.543	0	
4638364	-100	0	0	0	-100	0	0.551	0	
11170012	-100	0	0	0	-100	0	0.547	0	
38501587	-100	0	0	0	-100	0	0.594	0	
596162	598148	0	0	0	75	0	0.137	0	2561
10653903	-100	0	0	0	-100	0	0.548	0	
3601602	-100	0	0	0	-100	0	0.437	0	
22009008	-100	0	0	0	-100	0	0.428	0	
620137	-100	0	0	0	-100	0	0.431	0	
906734	-100	0	0	0	-100	0	0.506	0	
33988297	-100	0	0	0	-100	0	0.465	0	
37121425	37139784	0	0	0	1	0	0.082	0	257
146452	-100	0	0	0	-100	0	0.427	0	
2894891	-100	0	0	0	-100	0	0.431	0	
449436	-100	0	0	0	-100	0	0.443	0	
222916	-100	0	0	0	-100	0	0.43	0	
86582	1008019	0	0	0	3188	0	0.161	0	2580
612328	-100	0	0	0	-100	0	0.417	0	
27683855	27684721	0	0	0	15	0	0.027	0	259
52399753	-100	0	0	0	-100	0	0.436	0	
15100515	15110526	0	0	0	1412	0	0.131	0	260
61237796	-100	0	0	0	-100	0	0.468	0	
8279964	-100	0	0	0	-100	0	0.462	0	
4876253	4885161	0	0	0	13	0	0.058	0	263
21391299	21393164	0	0	0	1051	0	0.068	0	264
11167483	11219159	0	0	0	49	0	0.077	0	265
9331404	9432499	0	0	0	1	0	0.049	0	266
2008707	-100	0	0	0	-100	0	0.425	0	
38692288	38721084	0	0	0	24	0	0.082	0	268
38429078	38429908	0	0	0	2	0	0.016	0	269
39813866	39814446	0	0	0	28	0	0.043	0	27
22919759	-100	0	0	0	-100	0	0.44	0	
8595087	8597039	0	0	0	945	0	0.083	0	271
23231012	35074830	0	0	0	30	0	0.046	0	272
30003891	-100	0	0	0	-100	0	0.423	0	
8542611	8542752	0	0	0	115	0	0.063	0	274
35556450	35633531	0	0	0	1	0	0.08	0	275
53630837	53632120	0	0	0	189	0	0.05	0	276
6444876	6449198	0	0	0	54	0	0.046	0	277
39998793	40001901	0	0	0	1	0	0.06	0	278
53629760	-100	0	0	0	-100	0	0.488	0	
6523292	6523878	0	0	0	148	0	0.089	0	28
45765087	-100	0	0	0	-100	0	0.442	0	
4346240	4353894	0	0	0	5208	0	0.236	0	281
34492720	34494559	0	0	0	951	0	0.091	0	282
25908414	26103828	0	0	0	6469	0	0.308	0	283
30800772	38468644	0	0	0	190	0	0.032	0	284
32854765	32919083	0	0	0	5096	0	0.264	0	285
61760083	61768725	0	0	0	850	0	0.084	0	286
15355048	-100	0	0	0	-100	0	0.419	0	
48647161	48696645	0	0	0	193	0	0.113	0	288
23287222	38597274	0	0	0	4205	0	0.207	0	289
8620383	-100	0	0	0	-100	0	0.453	0	
15879071	15881735	0	0	0	3321	0	0.182	0	290
50222760	50244264	0	0	0	8843	0	0.403	0	291
55986995	55987832	0	0	0	880	0	0.113	0	292
49695508	-100	0	0	0	-100	0	0.414	0	
27430864	27675026	0	0	0	1	0	0.026	0	294
30563673	37380430	0	0	0	439	0	0.097	0	295
15984453	15984499	0	0	0	1	0	0.079	0	296
48120268	48121671	0	0	0	1	0	0.038	0	297
59655911	-100	0	0	0	-100	0	0.45	0	
25094989	25146997	0	0	0	6909	0	0.358	0	299
5761041	5761204	0	0	0	1	0	0.041	0	3
54233187	-100	0	0	0	-100	0	0.441	0	
38171543	-100	0	0	0	-100	0	0.451	0	
61752890	-100	0	0	0	-100	0	0.429	0	
29997142	31381563	0	0	0	1	0	0.049	0	302
10634603	-100	0	0	0	-100	0	0.431	0	
13255826	13257103	0	0	0	2108	0	0.121	0	304
14830908	27411379	0	0	0	1	0	0.021	0	305
60441437	-100	0	0	0	-100	0	0.485	0	
30294294	30298467	0	0	0	1605	0	0.11	0	307
10697991	-100	0	0	0	-100	0	0.431	0	
34487014	34488323	0	0	0	219	0	0.046	0	309
46307266	46630386	0	0	0	1138	0	0.083	0	31
10108720	10122219	0	0	0	1	0	0.035	0	310
22166767	22167235	0	0	0	1	0	0.051	0	311
30030925	30032332	0	0	0	1375	0	0.082	0	312
31079297	31081551	0	0	0	1183	0	0.118	0	313
18774522	29506426	0	0	0	1	0	0.023	0	314
6184658	6201759	0	0	0	33	0	0.029	0	315
31077823	-100	0	0	0	-100	0	0.518	0	
3217441	22951260	0	0	0	1234	0	0.144	0	317
44718664	-100	0	0	0	-100	0	0.431	0	
50311966	50322241	0	0	0	50	0	0.068	0	319
45843428	45861479	0	0	0	1	0	0.03	0	32
726456	16607426	0	0	0	29	0	0.044	0	320
43375114	43397349	0	0	0	1232	0	0.084	0	322
53882498	53885538	0	0	0	53	0	0.075	0	323
8268687	-100	0	0	0	-100	0	0.438	0	
35854686	-100	0	0	0	-100	0	0.471	0	
19325258	-100	0	0	0	-100	0	0.451	0	
38414951	38415131	0	0	0	3107	0	0.172	0	327
49546754	49568858	0	0	0	799	0	0.085	0	328
49162554	-100	0	0	0	-100	0	0.51	0	
19366503	52539331	0	0	0	244	0	0.042	0	33
50210908	-100	0	0	0	-100	0	0.489	0	
39725067	-100	0	0	0	-100	0	0.616	0	
58861467	58862280	0	0	0	1265	0	0.107	0	332
16954974	-100	0	0	0	-100	0	0.487	0	
710604	15674177	0	0	0	5249	0	0.299	0	334
33510086	33534162	0	0	0	9	0	0.059	0	335
3810269	3810281	0	0	0	3	0	0.035	0	336
20602734	20603707	0	0	0	2346	0	0.128	0	337
5790514	-100	0	0	0	-100	0	0.425	0	
42437697	42578008	0	0	0	1	0	0.031	0	339
48724815	48727627	0	0	0	1	0	0.014	0	34
28708497	-100	0	0	0	-100	0	0.484	0	
41557421	41558092	0	0	0	8146	0	0.377	0	341
5643923	59729491	0	0	0	1390	0	0.097	0	342
3808708	3809103	0	0	0	458	0	0.077	0	343
29272497	-100	0	0	0	-100	0	0.478	0	
5642819	5644448	0	0	0	1	0	0.062	0	345
57540155	57547273	0	0	0	350	0	0.048	0	346
6167017	6167515	0	0	0	2156	0	0.118	0	347
399792	-100	0	0	0	-100	0	0.468	0	
23015482	23033043	0	0	0	3855	0	0.208	0	349
18576986	18577584	0	0	0	1	0	0.061	0	35
26351963	-100	0	0	0	-100	0	0.453	0	
15193108	-100	0	0	0	-100	0	0.485	0	
57811230	57811424	0	0	0	1	0	0.052	0	352
30133364	30143148	0	0	0	1	0	0.037	0	353
32118485	32120691	0	0	0	480	0	0.059	0	354
25392935	-100	0	0	0	-100	0	0.468	0	
29313296	29316665	0	0	0	1	0	0.021	0	356
13071037	13089110	0	0	0	8004	0	0.368	0	36
21685426	-100	0	0	0	-100	0	0.458	0	
5116642	5118115	0	0	0	3	0	0.031	0	362
3543725	-100	0	0	0	-100	0	0.436	0	
29759105	-100	0	0	0	-100	0	0.432	0	
37620642	-100	0	0	0	-100	0	0.43	0	
15653199	15663805	0	0	0	1	0	0.03	0	367
39194295	39195955	0	0	0	3182	0	0.193	0	368
40028124	45485671	0	0	0	94	0	0.052	0	369
13406987	-100	0	0	0	-100	0	0.431	0	
61476419	-100	0	0	0	-100	0	0.446	0	
8274083	49653102	0	0	0	264	0	0.046	0	371
39791941	42077459	0	0	0	34	0	0.05	0	372
23061113	32115766	0	0	0	214	0	0.055	0	373
21727015	-100	0	0	0	-100	0	0.633	0	
16124663	16126160	0	0	0	3937	0	0.184	0	375
37095624	37116423	0	0	0	7948	0	0.37	0	376
61999188	-100	0	0	0	-100	0	0.462	0	
52561764	-100	0	0	0	-100	0	0.519	0	
29512112	54557611	0	0	0	3898	0	0.182	0	379
36687185	36697711	0	0	0	342	0	0.045	0	38
23725631	23729016	0	0	0	7	0	0.069	0	380
41552514	41554125	0	0	0	1	0	0.056	0	382
1990032	1990135	0	0	0	16	0	0.096	0	383
7754713	-100	0	0	0	-100	0	0.48	0	
32737268	-100	0	0	0	-100	0	0.475	0	
45666043	46107312	0	0	0	4122	0	0.259	0	386
55967949	55969287	0	0	0	21	0	0.07	0	387
4390112	-100	0	0	0	-100	0	0.493	0	
4974617	-100	0	0	0	-100	0	0.457	0	
6841263	-100	0	0	0	-100	0	0.458	0	
12487923	-100	0	0	0	-100	0	0.567	0	
54132563	54135026	0	0	0	439	0	0.125	0	392
17432233	17432707	0	0	0	157	0	0.031	0	393
28277715	-100	0	0	0	-100	0	0.547	0	
1326510	59899540	0	0	0	2991	0	0.175	0	395
7292588	-100	0	0	0	-100	0	0.505	0	
27687751	29032658	0	0	0	2385	0	0.177	0	397
60060462	-100	0	0	0	-100	0	0.565	0	
1659614	46792046	0	0	0	31	0	0.033	0	399
54656017	55047561	0	0	0	1	0	0.145	0	4
34316306	48990136	0	0	0	22	0	0.065	0	40
13331610	55442633	0	0	0	310	0	0.035	0	400
61318092	61452913	0	0	0	1	0	0.039	0	401
31063055	40843719	0	0	0	33	0	0.038	0	402
6999845	-100	0	0	0	-100	0	0.475	0	
7305614	-100	0	0	0	-100	0	0.483	0	
24770397	-100	0	0	0	-100	0	0.468	0	
8621052	-100	0	0	0	-100	0	0.461	0	
19896142	24769623	0	0	0	9547	0	0.534	0	407
33157910	33280524	0	0	0	118	0	0.052	0	408
2748866	-100	0	0	0	-100	0	0.536	0	
14952141	14952504	0	0	0	5043	0	0.257	0	41
29825352	-100	0	0	0	-100	0	0.427	0	
15856027	15865627	0	0	0	2377	0	0.113	0	412
17428841	-100	0	0	0	-100	0	0.434	0	
35843485	35847567	0	0	0	1	0	0.048	0	414
22538802	-100	0	0	0	-100	0	0.448	0	
30797762	30837891	0	0	0	7130	0	0.399	0	416
33444814	-100	0	0	0	-100	0	0.455	0	
61493830	-100	0	0	0	-100	0	0.463	0	
9048883	-100	0	0	0	-100	0	0.438	0	
46362227	46364828	0	0	0	1	0	0.073	0	42
34018144	-100	0	0	0	-100	0	0.432	0	
26919664	27388068	0	0	0	2577	0	0.164	0	421
34203588	34223547	0	0	0	1	0	0.098	0	422
5038305	-100	0	0	0	-100	0	0.463	0	
24901772	-100	0	0	0	-100	0	0.465	0	
56223084	-100	0	0	0	-100	0	0.508	0	
30008658	-100	0	0	0	-100	0	0.451	0	
38293708	42719326	0	0	0	2114	0	0.151	0	427
2483227	2483260	0	0	0	43	0	0.049	0	428
57003010	-100	0	0	0	-100	0	0.487	0	
10186102	10192651	0	0	0	2	0	0.066	0	43
26600136	26621813	0	0	0	3	0	0.038	0	430
18963580	28267484	0	0	0	1751	0	0.13	0	431
55524140	-100	0	0	0	-100	0	0.442	0	
57167890	59949212	0	0	0	318	0	0.084	0	433
18997021	25325891	0	0	0	1	0	0.083	0	434
26540615	26541667	0	0	0	1	0	0.081	0	435
32103323	32141754	0	0	0	1268	0	0.155	0	436
1432336	16945930	0	0	0	315	0	0.038	0	437
3529449	3529674	0	0	0	2661	0	0.255	0	438
20825039	20830773	0	0	0	156	0	0.131	0	439
34842547	-100	0	0	0	-100	0	0.24	0	
38656443	-100	0	0	0	-100	0	0.466	0	
44500144	47569145	0	0	0	6047	0	0.295	0	441
9123022	-100	0	0	0	-100	0	0.425	0	
21958189	26597542	0	0	0	1407	0	0.09	0	443
6415186	-100	0	0	0	-100	0	0.462	0	
42326130	42360760	0	0	0	82	0	0.119	0	446
17457862	17476526	0	0	0	1	0	0.052	0	447
20599721	-100	0	0	0	-100	0	0.615	0	
60151358	60153693	0	0	0	1	0	0.085	0	449
3114997	3136586	0	0	0	1	0	0.039	0	45
48617011	61000033	0	0	0	1961	0	0.142	0	450
10343177	10343741	0	0	0	5	0	0.03	0	451
12122317	12276668	0	0	0	14	0	0.02	0	452
59626494	59651328	0	0	0	15	0	0.025	0	453
27464190	42062557	0	0	0	2683	0	0.159	0	454
30266009	30277865	0	0	0	253	0	0.081	0	455
31969547	40227333	0	0	0	6336	0	0.37	0	456
20981540	-100	0	0	0	-100	0	0.485	0	
5099967	-100	0	0	0	-100	0	0.461	0	
17945003	18035286	0	0	0	5347	0	0.274	0	459
20932939	20933134	0	0	0	1	0	0.037	0	46
8247552	48603877	0	0	0	6979	0	0.391	0	460
16110898	-100	0	0	0	-100	0	0.442	0	
31605012	-100	0	0	0	-100	0	0.438	0	
36818877	-100	0	0	0	-100	0	0.496	0	
13561693	-100	0	0	0	-100	0	0.574	0	
179684	4610671	0	0	0	47	0	0.021	0	465
5722942	12701170	0	0	0	246	0	0.051	0	466
15060372	27645319	0	0	0	1	0	0.021	0	467
23004941	23005241	0	0	0	11	0	0.04	0	468
4610073	18205234	0	0	0	1966	0	0.111	0	469
52388910	52394125	0	0	0	513	0	0.077	0	47
35506712	-100	0	0	0	-100	0	0.444	0	
51235025	51244047	0	0	0	2	0	0.085	0	471
29329860	29331315	0	0	0	2	0	0.054	0	472
22213452	22214272	0	0	0	314	0	0.041	0	473
30263007	-100	0	0	0	-100	0	0.444	0	
29729049	-100	0	0	0	-100	0	0.447	0	
2999952	-100	0	0	0	-100	0	0.466	0	
47668769	47678870	0	0	0	5198	0	0.256	0	48
39690503	-100	0	0	0	-100	0	0.461	0	
45204856	45264761	0	0	0	1	0	0.026	0	481
2868673	19703835	0	0	0	9276	0	0.476	0	482
41622896	46253990	0	0	0	555	0	0.084	0	483
11387564	16769758	0	0	0	20	0	0.023	0	486
7979640	8028526	0	0	0	1674	0	0.112	0	487
30523825	-100	0	0	0	-100	0	0.442	0	
55765938	-100	0	0	0	-100	0	0.436	0	
60246132	60250900	0	0	0	127	0	0.048	0	49
55492141	-100	0	0	0	-100	0	0.463	0	
5223789	29571936	0	0	0	9401	0	0.41	0	491
13935357	-100	0	0	0	-100	0	0.414	0	
5094960	-100	0	0	0	-100	0	0.459	0	
1417121	37448198	0	0	0	2885	0	0.132	0	494
11910558	11938359	0	0	0	6205	0	0.286	0	495
28511802	33930037	0	0	0	240	0	0.102	0	496
48347642	55214156	0	0	0	3135	0	0.153	0	497
37861410	-100	0	0	0	-100	0	0.508	0	
59761144	59788946	0	0	0	255	0	0.042	0	499
4187850	4191253	0	0	0	3	0	0.021	0	5
52538669	52667937	0	0	0	2	0	0.051	0	50
14034478	-100	0	0	0	-100	0	0.466	0	
13743357	-100	0	0	0	-100	0	0.462	0	
9864328	-100	0	0	0	-100	0	0.443	0	
10106936	43365382	0	0	0	89	0	0.044	0	503
10605469	10606462	0	0	0	4913	0	0.238	0	504
46510891	46515831	0	0	0	1	0	0.045	0	505
12432084	-100	0	0	0	-100	0	0.448	0	
15053173	15065543	0	0	0	3722	0	0.188	0	507
11263396	21378938	0	0	0	21	0	0.036	0	509
38491608	38494276	0	0	0	1	0	0.053	0	51
34559607	34566179	0	0	0	114	0	0.034	0	510
4829437	-100	0	0	0	-100	0	0.471	0	
25538776	-100	0	0	0	-100	0	0.435	0	
23529563	23530206	0	0	0	5	0	0.034	0	513
43141124	43364596	0	0	0	2	0	0.063	0	514
13065271	-100	0	0	0	-100	0	0.536	0	
12516584	-100	0	0	0	-100	0	0.529	0	
59616117	-100	0	0	0	-100	0	0.486	0	
14066120	14067547	0	0	0	855	0	0.076	0	518
13343874	13360783	0	0	0	4	0	0.021	0	519
43989414	43995946	0	0	0	77	0	0.059	0	52
42976708	43100934	0	0	0	67	0	0.068	0	520
2206270	-100	0	0	0	-100	0	0.479	0	
22653233	22657386	0	0	0	1	0	0.082	0	522
48356152	-100	0	0	0	-100	0	0.414	0	
10962044	-100	0	0	0	-100	0	0.451	0	
11989319	-100	0	0	0	-100	0	0.451	0	
52541086	53190412	0	0	0	4	0	0.059	0	526
54476881	-100	0	0	0	-100	0	0.436	0	
51332851	51374558	0	0	0	1720	0	0.102	0	528
34185286	-100	0	0	0	-100	0	0.461	0	
4149229	-100	0	0	0	-100	0	0.448	0	
10854274	10855534	0	0	0	102	0	0.025	0	530
41556257	-100	0	0	0	-100	0	0.497	0	
45980501	-100	0	0	0	-100	0	0.453	0	
1191240	1191349	0	0	0	671	0	0.076	0	534
29991889	-100	0	0	0	-100	0	0.439	0	
26321728	-100	0	0	0	-100	0	0.47	0	
16622398	16626840	0	0	0	187	0	0.103	0	537
28680879	-100	0	0	0	-100	0	0.459	0	
14000715	-100	0	0	0	-100	0	0.453	0	
7555545	7556636	0	0	0	99	0	0.036	0	54
37855794	37874287	0	0	0	486	0	0.083	0	540
58302970	58306832	0	0	0	1	0	0.042	0	541
51749081	51752143	0	0	0	7806	0	0.356	0	542
39665300	39690166	0	0	0	2477	0	0.158	0	543
18456450	18456695	0	0	0	130	0	0.043	0	544
7860480	40738263	0	0	0	5269	0	0.268	0	545
13020695	-100	0	0	0	-100	0	0.477	0	
32160401	32349157	0	0	0	1395	0	0.094	0	547
27630523	27632805	0	0	0	118	0	0.07	0	548
36281187	36675012	0	0	0	7	0	0.044	0	549
57886451	57886648	0	0	0	1	0	0.039	0	55
32348660	-100	0	0	0	-100	0	0.446	0	
4975394	22724064	0	0	0	2	0	0.043	0	551
37911950	53320015	0	0	0	6621	0	0.292	0	552
56727833	56728061	0	0	0	548	0	0.092	0	553
35231982	35276564	0	0	0	204	0	0.065	0	554
54546367	59726288	0	0	0	2	0	0.046	0	555
15832631	-100	0	0	0	-100	0	0.457	0	
25576363	25917473	0	0	0	3	0	0.049	0	557
28547419	28564029	0	0	0	1	0	0.07	0	558
56988898	56989756	0	0	0	151	0	0.104	0	559
32720478	32741319	0	0	0	1	0	0.059	0	56
16880645	16888827	0	0	0	4146	0	0.224	0	560
17404683	-100	0	0	0	-100	0	0.491	0	
57250160	57264084	0	0	0	1	0	0.026	0	562
11637063	11660758	0	0	0	547	0	0.111	0	563
52006987	52024492	0	0	0	1	0	0.011	0	564
52060862	52069804	0	0	0	693	0	0.056	0	565
29504070	29614410	0	0	0	266	0	0.138	0	566
7704526	-100	0	0	0	-100	0	0.402	0	
50705571	51219755	0	0	0	5291	0	0.299	0	568
1149764	2256945	0	0	0	2372	0	0.106	0	569
58448071	58449034	0	0	0	1	0	0.071	0	57
507884	-100	0	0	0	-100	0	0.464	0	
13298793	13310496	0	0	0	55	0	0.033	0	571
27363861	27383949	0	0	0	240	0	0.052	0	572
43878810	43891849	0	0	0	5792	0	0.324	0	573
7703358	27965722	0	0	0	1106	0	0.114	0	574
25622109	58810888	0	0	0	81	0	0.074	0	575
16365826	16404173	0	0	0	1116	0	0.1	0	576
16090612	16092347	0	0	0	67	0	0.029	0	578
37062120	37078753	0	0	0	2739	0	0.148	0	579
15155237	15173692	0	0	0	34	0	0.043	0	58
35012814	-100	0	0	0	-100	0	0.485	0	
41867111	-100	0	0	0	-100	0	0.468	0	
7439175	-100	0	0	0	-100	0	0.511	0	
12157137	12182551	0	0	0	548	0	0.101	0	583
26895238	-100	0	0	0	-100	0	0.474	0	
218747	1150464	0	0	0	5	0	0.056	0	585
34438946	34440316	0	0	0	928	0	0.113	0	586
8245909	8299107	0	0	0	6	0	0.042	0	587
11632203	11649104	0	0	0	138	0	0.077	0	588
23709529	-100	0	0	0	-100	0	0.431	0	
1022487	-100	0	0	0	-100	0	0.435	0	
405953	6203015	0	0	0	87	0	0.006	0	590
1408361	-100	0	0	0	-100	0	0.408	0	
39681190	39681349	0	0	0	3856	0	0.191	0	592
3844010	13728425	0	0	0	175	0	0.077	0	593
13280921	13281089	0	0	0	1	0	0.04	0	594
23165475	41667653	0	0	0	2852	0	0.162	0	595
11630823	14878938	0	0	0	30	0	0.03	0	596
26310824	26311379	0	0	0	2	0	0.056	0	597
27621522	-100	0	0	0	-100	0	0.442	0	
709146	3874624	0	0	0	1803	0	0.111	0	599
53205907	-100	0	0	0	-100	0	0.46	0	
62077796	-100	0	0	0	-100	0	0.482	0	
24739986	-100	0	0	0	-100	0	0.454	0	
10915568	-100	0	0	0	-100	0	0.562	0	
7904281	-100	0	0	0	-100	0	0.454	0	
53842888	55292768	0	0	0	2443	0	0.149	0	603
7179062	7181153	0	0	0	2620	0	0.211	0	604
39821244	-100	0	0	0	-100	0	0.441	0	
3240609	-100	0	0	0	-100	0	0.433	0	
29381290	-100	0	0	0	-100	0	0.463	0	
5337370	-100	0	0	0	-100	0	0.433	0	
25377341	25396281	0	0	0	5	0	0.045	0	61
14657092	-100	0	0	0	-100	0	0.457	0	
50163959	50164588	0	0	0	6415	0	0.332	0	611
15036633	-100	0	0	0	-100	0	0.458	0	
17657761	-100	0	0	0	-100	0	0.424	0	
23162398	23172567	0	0	0	2	0	0.03	0	614
6759560	-100	0	0	0	-100	0	0.425	0	
42044116	42046021	0	0	0	3447	0	0.195	0	616
44914938	-100	0	0	0	-100	0	0.431	0	
49638281	-100	0	0	0	-100	0	0.464	0	
33647458	-100	0	0	0	-100	0	0.436	0	
37697155	37710525	0	0	0	1	0	0.077	0	62
23161514	23162091	0	0	0	8405	0	0.373	0	620
11935689	27726049	0	0	0	2	0	0.022	0	621
29190790	29201599	0	0	0	25	0	0.04	0	622
58550903	58595394	0	0	0	1	0	0.067	0	623
40462612	40470650	0	0	0	176	0	0.078	0	624
733717	27879680	0	0	0	1	0	0.051	0	625
45751978	-100	0	0	0	-100	0	0.485	0	
2837854	2838107	0	0	0	3270	0	0.183	0	627
37840682	37879781	0	0	0	156	0	0.036	0	628
49267066	49287221	0	0	0	2	0	0.049	0	629
52376111	59996751	0	0	0	3	0	0.05	0	63
4810026	5679764	0	0	0	358	0	0.065	0	630
1664262	1681327	0	0	0	24	0	0.072	0	631
3647331	-100	0	0	0	-100	0	0.41	0	
4285346	4294629	0	0	0	663	0	0.061	0	633
27393985	45179671	0	0	0	261	0	0.087	0	634
7168484	47649507	0	0	0	1	0	0.053	0	635
25518171	-100	0	0	0	-100	0	0.479	0	
53305408	53306863	0	0	0	1	0	0.053	0	637
56463341	-100	0	0	0	-100	0	0.476	0	
59808321	59828544	0	0	0	225	0	0.086	0	639
23802209	41119365	0	0	0	645	0	0.042	0	64
11362002	-100	0	0	0	-100	0	0.436	0	
10051221	10060748	0	0	0	394	0	0.057	0	641
22371789	60771584	0	0	0	1	0	0.024	0	642
19176029	32857449	0	0	0	8550	0	0.441	0	643
36265109	-100	0	0	0	-100	0	0.522	0	
29245312	29287610	0	0	0	494	0	0.069	0	645
6642050	6642721	0	0	0	556	0	0.061	0	646
30051662	-100	0	0	0	-100	0	0.458	0	
46272628	48061343	0	0	0	9056	0	0.476	0	648
18701018	-100	0	0	0	-100	0	0.439	0	
55784120	-100	0	0	0	-100	0	0.539	0	
12933790	13009694	0	0	0	10	0	0.073	0	650
7776022	-100	0	0	0	-100	0	0.499	0	
8476975	-100	0	0	0	-100	0	0.436	0	
34167067	-100	0	0	0	-100	0	0.442	0	
4806848	4807643	0	0	0	2198	0	0.147	0	654
3495422	3495984	0	0	0	1	0	0.021	0	655
29851098	29867841	0	0	0	3	0	0.083	0	656
27176432	27200350	0	0	0	1	0	0.049	0	657
30096963	-100	0	0	0	-100	0	0.458	0	
18308866	-100	0	0	0	-100	0	0.454	0	
28746372	52384571	0	0	0	1	0	0.099	0	660
18975512	34952381	0	0	0	3192	0	0.244	0	661
14939242	16077809	0	0	0	1	0	0.018	0	662
50777836	50783053	0	0	0	1	0	0.039	0	663
14883128	-100	0	0	0	-100	0	0.447	0	
31806336	31809625	0	0	0	88	0	0.041	0	665
1659641	-100	0	0	0	-100	0	0.427	0	
5847480	5853855	0	0	0	1	0	0.06	0	667
16355634	-100	0	0	0	-100	0	0.476	0	
10156044	-100	0	0	0	-100	0	0.449	0	
53161886	-100	0	0	0	-100	0	0.509	0	
46223437	-100	0	0	0	-100	0	0.462	0	
31407210	32329516	0	0	0	2832	0	0.162	0	671
2209929	6377160	0	0	0	3	0	0.029	0	672
15203541	32067213	0	0	0	37	0	0.11	0	673
2182408	6505963	0	0	0	202	0	0.036	0	674
12764696	12765186	0	0	0	6	0	0.024	0	675
56446068	56468171	0	0	0	8342	0	0.392	0	676
9136734	15814328	0	0	0	58	0	0.064	0	678
4279023	-100	0	0	0	-100	0	0.461	0	
14139265	14934911	0	0	0	3274	0	0.168	0	68
1919626	-100	0	0	0	-100	0	0.505	0	
52180744	-100	0	0	0	-100	0	0.505	0	
1977742	1980145	0	0	0	213	0	0.054	0	682
38767653	-100	0	0	0	-100	0	0.466	0	
9783512	9783866	0	0	0	9	0	0.059	0	684
39422973	-100	0	0	0	-100	0	0.467	0	
34134252	34162446	0	0	0	732	0	0.073	0	686
14302834	14314410	0	0	0	414	0	0.061	0	687
48842016	-100	0	0	0	-100	0	0.435	0	
57390595	-100	0	0	0	-100	0	0.551	0	
9903718	-100	0	0	0	-100	0	0.589	0	
221185	13714436	0	0	0	1	0	0.024	0	690
21316374	-100	0	0	0	-100	0	0.506	0	
32696870	35996386	0	0	0	255	0	0.035	0	692
31762923	43074272	0	0	0	2633	0	0.16	0	693
13189650	-100	0	0	0	-100	0	0.458	0	
42828859	43073800	0	0	0	6220	0	0.285	0	696
48705742	-100	0	0	0	-100	0	0.482	0	
8039896	8067038	0	0	0	124	0	0.045	0	698
59588564	-100	0	0	0	-100	0	0.463	0	
36950532	-100	0	0	0	-100	0	0.545	0	
7023539	-100	0	0	0	-100	0	0.518	0	
53821315	-100	0	0	0	-100	0	0.573	0	
32849257	32892908	0	0	0	3945	0	0.337	0	701
15611089	15648681	0	0	0	724	0	0.121	0	702
28130531	35370984	0	0	0	2069	0	0.134	0	703
30489754	30500236	0	0	0	5	0	0.046	0	704
3925836	16333783	0	0	0	1	0	0.036	0	705
15611024	15611487	0	0	0	469	0	0.05	0	706
27391205	-100	0	0	0	-100	0	0.523	0	
36256242	36323932	0	0	0	326	0	0.079	0	708
3488048	-100	0	0	0	-100	0	0.464	0	
8635981	-100	0	0	0	-100	0	0.446	0	
4275050	5585195	0	0	0	7926	0	0.372	0	710
4274386	-100	0	0	0	-100	0	0.434	0	
30388453	-100	0	0	0	-100	0	0.436	0	
40343663	40356990	0	0	0	9	0	0.047	0	713
22400980	-100	0	0	0	-100	0	0.469	0	
3989111	3992548	0	0	0	61	0	0.088	0	715
20264616	-100	0	0	0	-100	0	0.454	0	
1913541	1914342	0	0	0	1	0	0.058	0	717
20002029	22521324	0	0	0	942	0	0.063	0	718
4272939	-100	0	0	0	-100	0	0.454	0	
2828738	2843796	0	0	0	144	0	0.031	0	72
5583646	5644670	0	0	0	15	0	0.032	0	722
12923657	58614226	0	0	0	2569	0	0.11	0	723
11164982	-100	0	0	0	-100	0	0.444	0	
13131803	13185457	0	0	0	1	0	0.048	0	725
57992892	58011898	0	0	0	917	0	0.082	0	726
35116327	-100	0	0	0	-100	0	0.485	0	
57515813	-100	0	0	0	-100	0	0.426	0	
2828637	2850157	0	0	0	1	0	0.029	0	73
2437283	53586667	0	0	0	151	0	0.026	0	730
14138360	-100	0	0	0	-100	0	0.434	0	
14118775	14120131	0	0	0	1	0	0.039	0	732
33939687	33988934	0	0	0	1	0	0.076	0	733
24194631	24196949	0	0	0	4368	0	0.207	0	734
38861985	-100	0	0	0	-100	0	0.489	0	
45505477	45506372	0	0	0	1293	0	0.139	0	736
34559984	-100	0	0	0	-100	0	0.523	0	
35204104	-100	0	0	0	-100	0	0.471	0	
9843177	9934790	0	0	0	2042	0	0.166	0	739
40050243	40052857	0	0	0	1	0	0.038	0	74
33039199	-100	0	0	0	-100	0	0.443	0	
31378816	31533512	0	0	0	1	0	0.047	0	741
14821846	-100	0	0	0	-100	0	0.463	0	
6741050	6754778	0	0	0	61	0	0.042	0	743
24459495	45258052	0	0	0	156	0	0.068	0	744
42796710	-100	0	0	0	-100	0	0.448	0	
11425576	25503851	0	0	0	17	0	0.086	0	746
39397254	39400018	0	0	0	1378	0	0.092	0	747
3378520	3541632	0	0	0	61	0	0.048	0	748
46474889	46502745	0	0	0	1	0	0.074	0	749
48965685	48967213	0	0	0	20	0	0.081	0	75
8087438	58417324	0	0	0	64	0	0.025	0	750
55387656	-100	0	0	0	-100	0	0.455	0	
55258304	55297953	0	0	0	1	0	0.122	0	752
28910892	-100	0	0	0	-100	0	0.472	0	
30745837	31297745	0	0	0	3	0	0.044	0	754
5985273	23289157	0	0	0	16	0	0.043	0	755
19491626	-100	0	0	0	-100	0	0.431	0	
5841992	5842583	0	0	0	3	0	0.035	0	757
50930693	51020354	0	0	0	2	0	0.065	0	758
8805521	-100	0	0	0	-100	0	0.47	0	
53421559	-100	0	0	0	-100	0	0.496	0	
4531085	4531201	0	0	0	1	0	0.025	0	760
49261221	-100	0	0	0	-100	0	0.431	0	
24213942	36774770	0	0	0	7	0	0.04	0	762
14037656	-100	0	0	0	-100	0	0.564	0	
40601894	40706705	0	0	0	2	0	0.063	0	764
9511499	17488259	0	0	0	511	0	0.044	0	765
28267104	28306704	0	0	0	3	0	0.046	0	766
9116036	-100	0	0	0	-100	0	0.488	0	
2957759	-100	0	0	0	-100	0	0.545	0	
20701397	-100	0	0	0	-100	0	0.487	0	
59712985	59765650	0	0	0	4482	0	0.251	0	77
7938373	7939770	0	0	0	612	0	0.072	0	770
7676223	7711682	0	0	0	1810	0	0.229	0	771
8619133	-100	0	0	0	-100	0	0.471	0	
46735324	55225535	0	0	0	4	0	0.086	0	774
32317370	-100	0	0	0	-100	0	0.557	0	
56434495	-100	0	0	0	-100	0	0.559	0	
40705852	-100	0	0	0	-100	0	0.451	0	
56696510	56709825	0	0	0	8330	0	0.522	0	778
44396538	-100	0	0	0	-100	0	0.467	0	
9162001	16308861	0	0	0	345	0	0.037	0	78
5840529	-100	0	0	0	-100	0	0.449	0	
29312444	-100	0	0	0	-100	0	0.509	0	
17035464	-100	0	0	0	-100	0	0.599	0	
55385298	-100	0	0	0	-100	0	0.549	0	
9771868	12276683	0	0	0	3	0	0.022	0	784
37296785	58870100	0	0	0	250	0	0.112	0	785
32577466	32692176	0	0	0	2	0	0.064	0	786
52762511	-100	0	0	0	-100	0	0.478	0	
11065606	-100	0	0	0	-100	0	0.457	0	
326487	-100	0	0	0	-100	0	0.464	0	
54858938	54895996	0	0	0	1790	0	0.093	0	790
2501737	-100	0	0	0	-100	0	0.478	0	
57132337	57151379	0	0	0	5123	0	0.253	0	792
23401376	-100	0	0	0	-100	0	0.452	0	
594782	614492	0	0	0	297	0	0.086	0	794
19469145	19469878	0	0	0	1	0	0.066	0	795
15191103	17736337	0	0	0	358	0	0.042	0	796
332554	-100	0	0	0	-100	0	0.438	0	
40178332	40195129	0	0	0	2099	0	0.216	0	798
40059618	40059902	0	0	0	1	0	0.048	0	799
6803918	6804029	0	0	0	26	0	0.035	0	8
41100523	-100	0	0	0	-100	0	0.477	0	
19808054	34047732	0	0	0	100	0	0.055	0	800
4715829	32073454	0	0	0	690	0	0.068	0	801
11596959	-100	0	0	0	-100	0	0.446	0	
5312773	5326564	0	0	0	2	0	0.028	0	803
21333990	24081405	0	0	0	2904	0	0.162	0	804
30420182	-100	0	0	0	-100	0	0.432	0	
43445184	44109929	0	0	0	2	0	0.096	0	806
38181357	-100	0	0	0	-100	0	0.448	0	
19213084	-100	0	0	0	-100	0	0.504	0	
44511121	44511401	0	0	0	602	0	0.043	0	81
8903400	8903811	0	0	0	822	0	0.067	0	810
5923702	-100	0	0	0	-100	0	0.475	0	
16322465	-100	0	0	0	-100	0	0.438	0	
24973123	26971680	0	0	0	877	0	0.062	0	813
24750218	31154429	0	0	0	823	0	0.078	0	814
54857347	54858015	0	0	0	2	0	0.023	0	815
53546616	-100	0	0	0	-100	0	0.489	0	
8373783	-100	0	0	0	-100	0	0.481	0	
36163846	-100	0	0	0	-100	0	0.477	0	
8070098	8081735	0	0	0	1	0	0.04	0	82
711770	-100	0	0	0	-100	0	0.514	0	
13280932	15272971	0	0	0	7470	0	0.365	0	821
41487287	-100	0	0	0	-100	0	0.427	0	
2689963	-100	0	0	0	-100	0	0.556	0	
7820145	-100	0	0	0	-100	0	0.43	0	
52317134	52318110	0	0	0	6886	0	0.362	0	825
44632652	-100	0	0	0	-100	0	0.495	0	
18507518	-100	0	0	0	-100	0	0.456	0	
30937987	-100	0	0	0	-100	0	0.45	0	
43724903	43726871	0	0	0	8567	0	0.484	0	83
593403	-100	0	0	0	-100	0	0.431	0	
32049360	-100	0	0	0	-100	0	0.413	0	
51741014	51747719	0	0	0	2	0	0.031	0	832
35250198	-100	0	0	0	-100	0	0.457	0	
6357394	6358882	0	0	0	177	0	0.054	0	834
33097558	45525377	0	0	0	19	0	0.03	0	835
31000399	31000677	0	0	0	1	0	0.044	0	836
37124192	-100	0	0	0	-100	0	0.468	0	
29165104	-100	0	0	0	-100	0	0.44	0	
19450536	-100	0	0	0	-100	0	0.43	0	
3648797	32976919	0	0	0	1	0	0.035	0	84
56425276	-100	0	0	0	-100	0	0.493	0	
8312328	-100	0	0	0	-100	0	0.434	0	
2688043	2690851	0	0	0	222	0	0.053	0	842
23699731	28931487	0	0	0	1802	0	0.101	0	843
60621606	-100	0	0	0	-100	0	0.463	0	
46827433	52499568	0	0	0	945	0	0.069	0	845
13011532	-100	0	0	0	-100	0	0.434	0	
32866306	32868136	0	0	0	2	0	0.119	0	847
7451442	-100	0	0	0	-100	0	0.443	0	
12262019	-100	0	0	0	-100	0	0.416	0	
50274433	50282452	0	0	0	2033	0	0.125	0	85
70880	-100	0	0	0	-100	0	0.468	0	
36021322	36024325	0	0	0	4	0	0.074	0	851
41483552	41485042	0	0	0	5624	0	0.253	0	852
17628207	19205531	0	0	0	81	0	0.06	0	856
18938845	-100	0	0	0	-100	0	0.421	0	
42007362	42008967	0	0	0	17	0	0.126	0	858
2506119	-100	0	0	0	-100	0	0.419	0	
6238216	-100	0	0	0	-100	0	0.497	0	
26831382	-100	0	0	0	-100	0	0.457	0	
55995817	59308422	0	0	0	8	0	0.025	0	861
39908634	39909688	0	0	0	145	0	0.139	0	862
7665912	7666665	0	0	0	3	0	0.073	0	863
12677711	51619955	0	0	0	1	0	0.06	0	864
5908961	-100	0	0	0	-100	0	0.451	0	
55637772	55714406	0	0	0	27	0	0.036	0	866
52753902	-100	0	0	0	-100	0	0.432	0	
55375221	55378196	0	0	0	1711	0	0.098	0	868
11631777	-100	0	0	0	-100	0	0.435	0	
40574918	40575482	0	0	0	225	0	0.038	0	87
44102989	-100	0	0	0	-100	0	0.405	0	
37656076	37682392	0	0	0	329	0	0.099	0	872
17489857	57210107	0	0	0	8196	0	0.387	0	873
28374185	28421319	0	0	0	754	0	0.062	0	874
16566771	-100	0	0	0	-100	0	0.437	0	
29160601	29806039	0	0	0	78	0	0.036	0	876
48063162	-100	0	0	0	-100	0	0.441	0	
21894450	-100	0	0	0	-100	0	0.459	0	
37953246	-100	0	0	0	-100	0	0.452	0	
17363886	-100	0	0	0	-100	0	0.438	0	
9761158	9761392	0	0	0	364	0	0.042	0	881
49117293	49118587	0	0	0	5	0	0.02	0	882
5078387	16590329	0	0	0	1	0	0.03	0	883
11269678	-100	0	0	0	-100	0	0.476	0	
44625665	-100	0	0	0	-100	0	0.445	0	
56855059	-100	0	0	0	-100	0	0.451	0	
42171663	42172395	0	0	0	9	0	0.027	0	887
8855000	-100	0	0	0	-100	0	0.409	0	
4113845	-100	0	0	0	-100	0	0.466	0	
3558609	12905951	0	0	0	314	0	0.051	0	893
19362455	19383427	0	0	0	260	0	0.024	0	894
20126354	20245865	0	0	0	694	0	0.097	0	895
12419603	24286209	0	0	0	211	0	0.068	0	896
12171377	-100	0	0	0	-100	0	0.526	0	
49814895	49817446	0	0	0	61	0	0.087	0	898
18581560	-100	0	0	0	-100	0	0.433	0	
14143730	-100	0	0	0	-100	0	0.505	0	
33495839	33496137	0	0	0	12	0	0.042	0	90
13429656	13438512	0	0	0	4	0	0.02	0	900
17373210	-100	0	0	0	-100	0	0.501	0	
14825427	-100	0	0	0	-100	0	0.446	0	
33876647	-100	0	0	0	-100	0	0.445	0	
12984861	-100	0	0	0	-100	0	0.47	0	
59828513	-100	0	0	0	-100	0	0.521	0	
32317266	40167670	0	0	0	4148	0	0.275	0	909
20127204	20131671	0	0	0	127	0	0.055	0	91
31254767	-100	0	0	0	-100	0	0.515	0	
58254685	58255579	0	0	0	209	0	0.037	0	911
9336209	-100	0	0	0	-100	0	0.438	0	
39381076	-100	0	0	0	-100	0	0.508	0	
25831085	-100	0	0	0	-100	0	0.49	0	
36666368	36667957	0	0	0	1	0	0.049	0	915
29681515	29865367	0	0	0	1	0	0.093	0	916
10020653	-100	0	0	0	-100	0	0.469	0	
11331314	11340223	0	0	0	10	0	0.046	0	918
13530054	13534723	0	0	0	2110	0	0.146	0	919
47913054	47944348	0	0	0	91	0	0.029	0	92
60876410	-100	0	0	0	-100	0	0.441	0	
36759124	36809025	0	0	0	1	0	0.105	0	921
5453361	-100	0	0	0	-100	0	0.438	0	
29251038	-100	0	0	0	-100	0	0.434	0	
19719317	19719617	0	0	0	40	0	0.022	0	924
5127600	5129788	0	0	0	8009	0	0.382	0	925
48030786	48030795	0	0	0	3	0	0.024	0	926
883498	883536	0	0	0	15	0	0.031	0	927
4082065	30466949	0	0	0	188	0	0.112	0	928
4514679	27473463	0	0	0	42	0	0.019	0	929
41122518	-100	0	0	0	-100	0	0.439	0	
10543987	-100	0	0	0	-100	0	0.466	0	
32301783	35940136	0	0	0	6	0	0.107	0	931
35709648	35731217	0	0	0	184	0	0.072	0	932
2941491	-100	0	0	0	-100	0	0.435	0	
1787752	-100	0	0	0	-100	0	0.455	0	
12778463	-100	0	0	0	-100	0	0.451	0	
40819566	-100	0	0	0	-100	0	0.536	0	
3097593	-100	0	0	0	-100	0	0.53	0	
33380402	-100	0	0	0	-100	0	0.482	0	
24958270	24960909	0	0	0	7525	0	0.327	0	939
35591510	-100	0	0	0	-100	0	0.435	0	
44883810	-100	0	0	0	-100	0	0.52	0	
10451585	10462806	0	0	0	109	0	0.058	0	941
52393148	-100	0	0	0	-100	0	0.453	0	
4534679	-100	0	0	0	-100	0	0.451	0	
8059673	8067329	0	0	0	790	0	0.075	0	944
18407083	18407320	0	0	0	1	0	0.02	0	945
12826887	12902021	0	0	0	27	0	0.032	0	946
19347004	-100	0	0	0	-100	0	0.439	0	
39604917	-100	0	0	0	-100	0	0.457	0	
8492761	28630530	0	0	0	170	0	0.075	0	949
12724887	-100	0	0	0	-100	0	0.443	0	
9820027	-100	0	0	0	-100	0	0.43	0	
36756336	-100	0	0	0	-100	0	0.426	0	
15396193	27620277	0	0	0	47	0	0.072	0	953
17001780	-100	0	0	0	-100	0	0.414	0	
51510308	51520697	0	0	0	13	0	0.06	0	955
1061152	-100	0	0	0	-100	0	0.413	0	
18406369	33254272	0	0	0	4111	0	0.196	0	957
56679102	56683185	0	0	0	5	0	0.039	0	959
61803664	61813929	0	0	0	350	0	0.072	0	96
3299834	-100	0	0	0	-100	0	0.45	0	
17205700	-100	0	0	0	-100	0	0.456	0	
36491006	36512643	0	0	0	1	0	0.064	0	962
46457449	46458363	0	0	0	445	0	0.075	0	963
39938409	58513592	0	0	0	1	0	0.041	0	964
5397782	-100	0	0	0	-100	0	0.443	0	
38417190	38417413	0	0	0	17	0	0.029	0	966
12906970	-100	0	0	0	-100	0	0.45	0	
28925143	-100	0	0	0	-100	0	0.514	0	
6083948	-100	0	0	0	-100	0	0.465	0	
24377720	30084109	0	0	0	125	0	0.068	0	97
23757166	23758399	0	0	0	1	0	0.044	0	970
11064670	-100	0	0	0	-100	0	0.453	0	
14210378	-100	0	0	0	-100	0	0.469	0	
4579574	-100	0	0	0	-100	0	0.468	0	
40656857	40685032	0	0	0	1	0	0.038	0	974
22336015	-100	0	0	0	-100	0	0.547	0	
13685262	13687607	0	0	0	7	0	0.085	0	976
3668128	54311116	0	0	0	900	0	0.078	0	977
7401888	33058340	0	0	0	5352	0	0.259	0	978
9851188	16136461	0	0	0	200	0	0.041	0	979
58395488	-100	0	0	0	-100	0	0.454	0	
33870219	-100	0	0	0	-100	0	0.466	0	
21692406	-100	0	0	0	-100	0	0.72	0	
8623657	40685771	0	0	0	413	0	0.105	0	982
7302053	-100	0	0	0	-100	0	0.475	0	
2674649	2681446	0	0	0	4343	0	0.212	0	984
3416728	34139882	0	0	0	4714	0	0.332	0	985
53530497	-100	0	0	0	-100	0	0.521	0	
21303	-100	0	0	0	-100	0	0.419	0	
2674462	2685636	0	0	0	1	0	0.044	0	988
1275852	-100	0	0	0	-100	0	0.465	0	
28809958	28827006	0	0	0	1	0	0.022	0	99
40160904	-100	0	0	0	-100	0	0.419	0	
35966588	-100	0	0	0	-100	0	0.432	0	
48188737	48189026	0	0	0	1	0	0.027	0	993
11565255	29694490	0	0	0	2	0	0.052	0	995
27232053	27315687	0	0	0	28	0	0.049	0	996
416345	41704561	0	0	0	6452	0	0.3	0	997
4770918	-100	0	0	0	-100	0	0.427	0	
