testPostId	trainPostId	TitleSim	BodySim	TagSim	LuceneHitRank	ProposedHitRank	lucene_hit_duration	Proposed_hit_duration	LuceneTestTrueLabel
28308632	28310753	0	0	0	3	0	0.487	0	1
22512025	22513000	0	0	0	43	0	0.208	0	10
14573553	-100	0	0	0	-100	0	1.587	0	
32686497	37673634	0	0	0	216	0	1.156	0	1000
25075616	30910162	0	0	0	180	0	0.448	0	1001
13101211	21044229	0	0	0	5097	0	14.422	0	1002
5463029	-100	0	0	0	-100	0	20.233	0	
2756978	5315524	0	0	0	425	0	0.649	0	1004
24478879	24499295	0	0	0	426	0	0.386	0	1005
8638352	-100	0	0	0	-100	0	7.516	0	
1860490	-100	0	0	0	-100	0	2.826	0	
46745365	60716326	0	0	0	297	0	0.331	0	1008
6263105	-100	0	0	0	-100	0	1.43	0	
52366455	55467742	0	0	0	318	0	1.752	0	101
16849023	41013889	0	0	0	455	0	0.116	0	1010
37093480	40441937	0	0	0	1074	0	0.533	0	1011
6726219	-100	0	0	0	-100	0	0.322	0	
9889403	38868833	0	0	0	2052	0	0.285	0	1014
22778202	32052772	0	0	0	4913	0	0.179	0	1015
2693428	2759548	0	0	0	1	0	0.037	0	1017
18187165	18200251	0	0	0	40	0	0.079	0	1018
40965522	52575108	0	0	0	1	0	0.037	0	1019
2513859	-100	0	0	0	-100	0	0.301	0	
9917631	-100	0	0	0	-100	0	0.548	0	
2692481	17455043	0	0	0	5	0	0.101	0	1021
273970	8325784	0	0	0	1	0	0.138	0	1022
26285311	34901910	0	0	0	5055	0	0.232	0	1023
7395977	7410739	0	0	0	1216	0	0.203	0	1024
4824503	12018747	0	0	0	2	0	0.393	0	1025
55120791	-100	0	0	0	-100	0	0.43	0	
1118994	-100	0	0	0	-100	0	0.659	0	
48828671	51829609	0	0	0	398	0	0.718	0	1028
43061074	44235172	0	0	0	64	0	0.169	0	1029
7756593	-100	0	0	0	-100	0	0.332	0	
50925212	-100	0	0	0	-100	0	0.254	0	
6884846	8369807	0	0	0	14	0	0.085	0	1031
44109242	44258214	0	0	0	1	0	0.062	0	1032
19681854	-100	0	0	0	-100	0	0.286	0	
25124761	26443242	0	0	0	7656	0	0.263	0	1034
26493762	29402642	0	0	0	3207	0	0.138	0	1035
2793797	-100	0	0	0	-100	0	0.289	0	
32049115	32065072	0	0	0	6	0	0.0	0	1037
2942523	15279301	0	0	0	576	0	0.015	0	1038
5834537	37618679	0	0	0	101	0	0.054	0	1039
13522671	14092105	0	0	0	142	0	0.047	0	104
29416581	-100	0	0	0	-100	0	0.247	0	
51971808	52009122	0	0	0	6993	0	0.223	0	1041
9071094	9088603	0	0	0	1	0	0.15	0	1042
27661322	28378460	0	0	0	1	0	0.034	0	1043
47252728	47409734	0	0	0	328	0	0.047	0	1044
20171050	-100	0	0	0	-100	0	0.154	0	
30475501	30477453	0	0	0	1	0	0.062	0	1046
5309287	12663544	0	0	0	332	0	0.101	0	1047
7406297	7406717	0	0	0	111	0	0.015	0	1048
12786605	18416321	0	0	0	2314	0	0.123	0	1049
4142426	16141590	0	0	0	42	0	0.078	0	105
31704032	41150864	0	0	0	699	0	0.138	0	1050
8982025	12196958	0	0	0	265	0	0.031	0	1051
9190044	9205289	0	0	0	8048	0	0.27	0	1052
12165456	17367325	0	0	0	1819	0	0.116	0	1053
11075301	11090034	0	0	0	2294	0	0.269	0	1054
5065039	61302366	0	0	0	18	0	0.032	0	1057
16714362	23133601	0	0	0	1	0	0.169	0	1058
2282051	-100	0	0	0	-100	0	0.501	0	
18762963	-100	0	0	0	-100	0	0.379	0	
23133068	-100	0	0	0	-100	0	0.291	0	
3278757	11598363	0	0	0	60	0	0.094	0	1061
2161079	-100	0	0	0	-100	0	0.232	0	
33411455	-100	0	0	0	-100	0	0.254	0	
19135959	27851024	0	0	0	484	0	0.116	0	1064
30679915	30798178	0	0	0	1	0	0.038	0	1065
6355154	-100	0	0	0	-100	0	0.247	0	
2264840	-100	0	0	0	-100	0	0.248	0	
9500573	-100	0	0	0	-100	0	0.288	0	
5922762	16587341	0	0	0	1	0	0.069	0	1069
4605590	4610651	0	0	0	1839	0	0.084	0	107
32044430	32092750	0	0	0	8	0	0.016	0	1070
16435318	-100	0	0	0	-100	0	0.247	0	
25338295	46672070	0	0	0	183	0	0.022	0	1072
890068	995925	0	0	0	30	0	0.016	0	1073
11144100	11457342	0	0	0	2710	0	0.085	0	1074
10547982	10549087	0	0	0	12	0	0.031	0	1075
1106955	1110655	0	0	0	654	0	0.053	0	1076
36091062	-100	0	0	0	-100	0	0.232	0	
21243704	27537617	0	0	0	2	0	0.047	0	1078
7401852	7414503	0	0	0	1	0	0.041	0	1079
17710871	17756439	0	0	0	1	0	0.047	0	108
25227451	25228901	0	0	0	3929	0	0.101	0	1080
32516110	32563830	0	0	0	56	0	0.057	0	1081
10877369	36761669	0	0	0	3	0	0.031	0	1082
20508619	23848434	0	0	0	8	0	0.069	0	1083
36223693	36237070	0	0	0	14	0	0.062	0	1084
3731171	3755268	0	0	0	660	0	0.022	0	1085
27323915	43093902	0	0	0	56	0	0.047	0	1086
39382458	-100	0	0	0	-100	0	0.217	0	
11070682	-100	0	0	0	-100	0	0.269	0	
28234273	30193861	0	0	0	12	0	0.047	0	1089
3554724	3555461	0	0	0	3	0	0.022	0	109
3479130	-100	0	0	0	-100	0	0.295	0	
58018514	58031237	0	0	0	1	0	0.069	0	1091
24897838	28267526	0	0	0	865	0	0.071	0	1092
33521051	34138345	0	0	0	1007	0	0.085	0	1093
23128169	-100	0	0	0	-100	0	0.263	0	
7187631	8945879	0	0	0	39	0	0.038	0	1095
22636826	36097824	0	0	0	36	0	0.046	0	1096
7399084	30095209	0	0	0	800	0	0.038	0	1097
10678325	-100	0	0	0	-100	0	0.232	0	
8188729	8379829	0	0	0	36	0	0.031	0	1099
5732331	5733253	0	0	0	1	0	0.016	0	11
46545629	46560272	0	0	0	9990	0	0.238	0	110
42652606	43049985	0	0	0	1	0	0.016	0	1100
9537502	18163449	0	0	0	888	0	0.062	0	1101
33695149	-100	0	0	0	-100	0	0.323	0	
28893474	-100	0	0	0	-100	0	0.448	0	
54282847	54583343	0	0	0	1	0	0.038	0	1104
21556945	44097359	0	0	0	518	0	0.047	0	1105
11373363	14982921	0	0	0	3	0	0.069	0	1106
23008830	23009979	0	0	0	4157	0	0.242	0	1107
21712710	-100	0	0	0	-100	0	0.344	0	
34285413	34843206	0	0	0	2305	0	0.078	0	1109
10368980	-100	0	0	0	-100	0	0.301	0	
319788	15537950	0	0	0	3778	0	0.184	0	1112
24173244	30301030	0	0	0	6	0	0.069	0	1113
12114532	37946705	0	0	0	26	0	0.016	0	1114
47802738	52363715	0	0	0	87	0	0.031	0	1118
4353739	-100	0	0	0	-100	0	0.223	0	
27669265	27686210	0	0	0	105	0	0.047	0	112
33665994	-100	0	0	0	-100	0	0.247	0	
609064	631871	0	0	0	115	0	0.038	0	1121
1396501	1941541	0	0	0	106	0	0.069	0	1122
25220619	-100	0	0	0	-100	0	0.347	0	
47240635	52855025	0	0	0	223	0	0.358	0	1124
3200272	-100	0	0	0	-100	0	0.216	0	
3199771	10954803	0	0	0	1	0	0.016	0	1127
29629287	30660847	0	0	0	6	0	0.015	0	1128
9491091	-100	0	0	0	-100	0	0.286	0	
27144737	52901448	0	0	0	5	0	0.0	0	113
2711261	19624664	0	0	0	9	0	0.116	0	1130
25622760	36229145	0	0	0	52	0	0.1	0	1132
16873448	23427098	0	0	0	81	0	0.016	0	1133
3321228	-100	0	0	0	-100	0	0.44	0	
1258294	1625895	0	0	0	3414	0	0.116	0	1135
56094984	-100	0	0	0	-100	0	0.334	0	
11062923	11392624	0	0	0	1	0	0.249	0	1137
1157996	9104698	0	0	0	4449	0	0.169	0	1138
7276304	35642474	0	0	0	2	0	0.17	0	1139
17706817	17707738	0	0	0	1	0	0.1	0	114
576908	32188034	0	0	0	345	0	0.069	0	1140
51138463	-100	0	0	0	-100	0	0.45	0	
16305190	31627208	0	0	0	34	0	0.755	0	1142
1948686	-100	0	0	0	-100	0	0.266	0	
14776097	14898669	0	0	0	1343	0	2.197	0	1144
41994806	-100	0	0	0	-100	0	0.997	0	
32549129	-100	0	0	0	-100	0	0.533	0	
2594211	38551401	0	0	0	7	0	0.007	0	1147
3209836	12424787	0	0	0	238	0	0.06	0	1148
2653017	3401850	0	0	0	1558	0	0.155	0	1149
11415314	11415355	0	0	0	30	0	0.145	0	115
282683	1182002	0	0	0	2151	0	0.24	0	1150
30770072	33605120	0	0	0	1	0	0.09	0	1151
8699228	13232551	0	0	0	3	0	0.099	0	1153
5754811	5817601	0	0	0	342	0	0.089	0	1154
8287581	13105373	0	0	0	2	0	0.263	0	1155
6341613	-100	0	0	0	-100	0	0.829	0	
36883268	39505288	0	0	0	1370	0	0.282	0	1157
6864110	-100	0	0	0	-100	0	0.565	0	
56670536	56672664	0	0	0	4	0	0.131	0	1159
45493112	45499897	0	0	0	1	0	0.018	0	116
48235352	48284022	0	0	0	204	0	0.078	0	1160
2276759	-100	0	0	0	-100	0	0.484	0	
30981819	30993682	0	0	0	1	0	0.062	0	1162
16826026	16826223	0	0	0	3211	0	0.185	0	1163
10855462	11001158	0	0	0	1	0	0.138	0	1164
39063958	52765303	0	0	0	45	0	0.047	0	1165
47718180	56406909	0	0	0	1	0	0.016	0	1166
13692473	15928650	0	0	0	1835	0	0.116	0	1167
38265685	38280852	0	0	0	1	0	0.069	0	1168
5701985	13325698	0	0	0	87	0	0.084	0	1169
24538109	24539756	0	0	0	6345	0	0.317	0	117
12453968	32672016	0	0	0	2690	0	0.169	0	1170
56073857	-100	0	0	0	-100	0	0.464	0	
32256642	32552450	0	0	0	194	0	0.138	0	1172
18546045	36527152	0	0	0	45	0	0.046	0	1173
408032	11427398	0	0	0	3356	0	0.085	0	1174
46263626	50164552	0	0	0	1	0	0.1	0	1175
34352305	34648714	0	0	0	4368	0	0.286	0	1176
36221146	36278462	0	0	0	1	0	0.047	0	1177
5504384	5505124	0	0	0	3558	0	0.1	0	1178
7913086	17986481	0	0	0	692	0	0.069	0	1179
53879687	-100	0	0	0	-100	0	0.316	0	
11698861	11700617	0	0	0	6	0	0.132	0	1180
10530385	11243612	0	0	0	1	0	0.022	0	1181
26002552	26073309	0	0	0	76	0	0.016	0	1182
40938725	-100	0	0	0	-100	0	0.216	0	
26718843	32035566	0	0	0	248	0	0.047	0	1186
11272405	-100	0	0	0	-100	0	0.238	0	
35451153	43559841	0	0	0	1	0	0.116	0	1188
17434102	-100	0	0	0	-100	0	0.523	0	
44440613	-100	0	0	0	-100	0	0.564	0	
1046614	-100	0	0	0	-100	0	0.401	0	
32244717	-100	0	0	0	-100	0	0.292	0	
8431694	15378534	0	0	0	6981	0	0.213	0	1193
8431577	8441723	0	0	0	504	0	0.022	0	1194
20728839	33441697	0	0	0	39	0	0.016	0	1195
26458654	51947319	0	0	0	393	0	0.052	0	1196
2524151	47998817	0	0	0	105	0	0.048	0	1197
2027069	8431327	0	0	0	1	0	0.062	0	1198
23635430	23656173	0	0	0	320	0	0.022	0	1199
39284949	39286071	0	0	0	2509	0	0.085	0	12
18242012	-100	0	0	0	-100	0	0.332	0	
45131018	45134858	0	0	0	1	0	0.015	0	1200
3264889	13607241	0	0	0	99	0	0.047	0	1201
15799171	-100	0	0	0	-100	0	0.286	0	
7808021	26230210	0	0	0	41	0	0.0	0	1204
31756318	31821512	0	0	0	2	0	0.022	0	1205
413928	-100	0	0	0	-100	0	0.278	0	
33071345	33088935	0	0	0	25	0	0.023	0	1207
19295746	-100	0	0	0	-100	0	0.3	0	
4697751	4697787	0	0	0	15	0	0.0	0	121
4374345	4377191	0	0	0	709	0	0.101	0	1210
11575345	11851197	0	0	0	8160	0	0.316	0	1211
3445953	-100	0	0	0	-100	0	0.263	0	
950518	12539011	0	0	0	152	0	0.038	0	1213
1929108	-100	0	0	0	-100	0	0.232	0	
33070424	33084148	0	0	0	390	0	0.016	0	1215
6680408	-100	0	0	0	-100	0	0.238	0	
30973153	30974543	0	0	0	220	0	0.063	0	1217
3758377	11387113	0	0	0	7	0	0.037	0	1218
10884624	-100	0	0	0	-100	0	0.301	0	
7775611	7904439	0	0	0	180	0	0.016	0	1220
8437076	-100	0	0	0	-100	0	0.247	0	
1966154	-100	0	0	0	-100	0	0.217	0	
15244227	-100	0	0	0	-100	0	0.269	0	
6416763	12194205	0	0	0	85	0	0.031	0	1225
2352779	-100	0	0	0	-100	0	0.239	0	
4233636	4238086	0	0	0	1	0	0.015	0	1227
62042685	-100	0	0	0	-100	0	0.263	0	
14074299	-100	0	0	0	-100	0	0.254	0	
56496813	-100	0	0	0	-100	0	0.332	0	
5144583	-100	0	0	0	-100	0	0.223	0	
59861053	59862704	0	0	0	490	0	0.094	0	1231
5104065	-100	0	0	0	-100	0	0.238	0	
30883403	30884693	0	0	0	1	0	0.016	0	1234
27826066	27826936	0	0	0	664	0	0.053	0	1235
11454158	11495103	0	0	0	4	0	0.063	0	1236
3194875	-100	0	0	0	-100	0	0.254	0	
2822774	18039765	0	0	0	227	0	0.015	0	1239
3018824	-100	0	0	0	-100	0	0.216	0	
43324605	50574699	0	0	0	1615	0	0.069	0	1241
47756783	52303818	0	0	0	359	0	0.016	0	1243
827435	2278297	0	0	0	160	0	0.069	0	1245
3826474	-100	0	0	0	-100	0	0.0	0	
6398887	-100	0	0	0	-100	0	0.232	0	
8187429	42505200	0	0	0	5167	0	0.169	0	1248
12553160	25958564	0	0	0	587	0	0.047	0	1249
6427786	55347251	0	0	0	2718	0	0.116	0	1250
9956901	11883378	0	0	0	28	0	0.015	0	1251
594112	7951061	0	0	0	3	0	0.038	0	1252
1416980	12851261	0	0	0	368	0	0.078	0	1253
11672011	12095553	0	0	0	6506	0	0.207	0	1254
12223176	-100	0	0	0	-100	0	0.232	0	
2133964	51599485	0	0	0	9165	0	0.401	0	1256
216478	2790952	0	0	0	483	0	0.069	0	1257
30914127	-100	0	0	0	-100	0	0.417	0	
7067007	24210689	0	0	0	19	0	0.248	0	1259
30991992	-100	0	0	0	-100	0	0.315	0	
17337372	17338533	0	0	0	1	0	0.069	0	1261
3185779	32898857	0	0	0	47	0	0.031	0	1262
25813780	-100	0	0	0	-100	0	0.254	0	
4229534	-100	0	0	0	-100	0	0.047	0	
26893988	-100	0	0	0	-100	0	0.323	0	
14714848	-100	0	0	0	-100	0	0.263	0	
10520464	13722125	0	0	0	2	0	0.016	0	1267
51901859	51939116	0	0	0	9492	0	0.222	0	1268
12344741	23282160	0	0	0	112	0	0.016	0	1269
1483163	1967831	0	0	0	4	0	0.031	0	127
16311939	36173440	0	0	0	2	0	0.032	0	1270
18831863	28870315	0	0	0	2	0	0.022	0	1271
507436	-100	0	0	0	-100	0	0.263	0	
51938763	52598329	0	0	0	1	0	0.031	0	1273
10763280	-100	0	0	0	-100	0	0.238	0	
31512970	37505809	0	0	0	9	0	0.016	0	1275
4752579	-100	0	0	0	-100	0	0.232	0	
1606798	1609167	0	0	0	1	0	0.069	0	1277
753853	2452305	0	0	0	6	0	0.031	0	1278
43040967	43243732	0	0	0	298	0	0.073	0	1279
12561337	-100	0	0	0	-100	0	0.216	0	
52462239	52564637	0	0	0	1	0	0.015	0	1280
10519108	10765706	0	0	0	2601	0	0.069	0	1281
7116796	9635968	0	0	0	7062	0	0.201	0	1283
5820586	-100	0	0	0	-100	0	0.254	0	
11172644	-100	0	0	0	-100	0	0.216	0	
15474121	15474421	0	0	0	1	0	0.016	0	1286
1738865	3837924	0	0	0	9355	0	0.232	0	1287
8291366	-100	0	0	0	-100	0	0.238	0	
38667310	38673236	0	0	0	1690	0	0.052	0	129
13139723	13531987	0	0	0	372	0	0.011	0	1293
30328215	-100	0	0	0	-100	0	0.252	0	
2253170	-100	0	0	0	-100	0	0.211	0	
3531857	-100	0	0	0	-100	0	0.315	0	
49083573	50026939	0	0	0	1	0	0.038	0	1297
1193500	-100	0	0	0	-100	0	0.247	0	
3177716	3272037	0	0	0	6669	0	0.217	0	1299
8351929	8355062	0	0	0	536	0	0.053	0	13
49272339	49279477	0	0	0	27	0	0.047	0	130
5592994	6636491	0	0	0	232	0	0.022	0	1300
3602207	15272726	0	0	0	948	0	0.063	0	1302
5696412	35168463	0	0	0	4508	0	0.153	0	1304
41037932	41074461	0	0	0	30	0	0.016	0	1305
15925997	32537243	0	0	0	4	0	0.047	0	1306
39190457	39281483	0	0	0	768	0	0.038	0	131
4444475	11653677	0	0	0	838	0	0.047	0	1313
38899453	49314061	0	0	0	531	0	0.06	0	1314
409913	-100	0	0	0	-100	0	0.24	0	
1569202	1603637	0	0	0	7	0	0.053	0	1317
27858575	38415388	0	0	0	4	0	0.01	0	1318
58696135	58698346	0	0	0	1	0	0.028	0	132
1883421	7225070	0	0	0	2989	0	0.078	0	1321
15656776	15759119	0	0	0	8	0	0.022	0	1322
34109055	36952785	0	0	0	7	0	0.047	0	1323
6932438	18338915	0	0	0	8	0	0.031	0	1324
54556117	54557998	0	0	0	1744	0	0.038	0	1325
54555093	54556064	0	0	0	5	0	0.031	0	1326
6221816	-100	0	0	0	-100	0	0.286	0	
22049860	22074954	0	0	0	41	0	0.031	0	1328
9466936	-100	0	0	0	-100	0	0.241	0	
23460416	23460695	0	0	0	3803	0	0.11	0	133
45985488	53280800	0	0	0	37	0	0.015	0	1330
49550127	57579852	0	0	0	1	0	0.016	0	1331
151660	2385047	0	0	0	1	0	0.038	0	1332
27029277	-100	0	0	0	-100	0	0.216	0	
2588666	9315856	0	0	0	31	0	0.016	0	1334
49805943	49836358	0	0	0	279	0	0.047	0	1335
3787002	18046637	0	0	0	5000	0	0.153	0	1337
2510457	32534801	0	0	0	1	0	0.016	0	1338
6837892	6844646	0	0	0	195	0	0.0	0	1339
2488498	10971871	0	0	0	2827	0	0.116	0	134
14147144	14148981	0	0	0	1	0	0.038	0	1340
3126324	13492759	0	0	0	264	0	0.046	0	1341
42609445	60654151	0	0	0	5949	0	0.185	0	1342
29008082	37614576	0	0	0	1	0	0.016	0	135
28701331	-100	0	0	0	-100	0	0.236	0	
29388723	29486804	0	0	0	6224	0	0.205	0	1362
5988616	10954107	0	0	0	1	0	0.02	0	1363
19614589	20475650	0	0	0	1513	0	0.05	0	1364
15065387	-100	0	0	0	-100	0	0.26	0	
309615	464317	0	0	0	1	0	0.051	0	1366
45182654	45641050	0	0	0	738	0	0.057	0	1367
37768329	37776675	0	0	0	279	0	0.031	0	1368
9362165	9465095	0	0	0	112	0	0.022	0	1369
35516778	-100	0	0	0	-100	0	0.217	0	
8416477	-100	0	0	0	-100	0	0.247	0	
13134882	-100	0	0	0	-100	0	0.254	0	
12500129	-100	0	0	0	-100	0	0.311	0	
2823600	9464618	0	0	0	9	0	0.032	0	1373
8956839	-100	0	0	0	-100	0	0.136	0	
18747500	33651063	0	0	0	484	0	0.069	0	1375
5097973	-100	0	0	0	-100	0	0.254	0	
2648533	5050426	0	0	0	2905	0	0.1	0	1377
35154354	-100	0	0	0	-100	0	0.232	0	
14182741	16357933	0	0	0	3	0	0.031	0	1379
46002338	-100	0	0	0	-100	0	0.223	0	
15755584	15756139	0	0	0	48	0	0.063	0	1380
20451719	36128558	0	0	0	220	0	0.037	0	1381
8537148	11188563	0	0	0	7811	0	0.194	0	1382
1279081	3354628	0	0	0	163	0	0.038	0	1383
13097945	13133752	0	0	0	1	0	0.047	0	1384
2580807	3992311	0	0	0	213	0	0.038	0	1385
12914744	13875961	0	0	0	601	0	0.047	0	1386
1497497	1951707	0	0	0	803	0	0.079	0	1387
2325338	8414520	0	0	0	222	0	0.059	0	1388
12972130	12974224	0	0	0	1	0	0.047	0	139
29549525	47518333	0	0	0	5	0	0.015	0	1399
49801237	49801840	0	0	0	7531	0	0.185	0	14
2013848	34467743	0	0	0	51	0	0.031	0	140
4044996	-100	0	0	0	-100	0	0.287	0	
46581165	56124509	0	0	0	8427	0	0.2	0	1401
38822898	38912122	0	0	0	1	0	0.0	0	1402
6371226	6579908	0	0	0	4	0	0.038	0	1403
59269827	59290352	0	0	0	89	0	0.031	0	1404
742764	-100	0	0	0	-100	0	0.248	0	
6316570	6318699	0	0	0	12	0	0.1	0	1406
34566942	-100	0	0	0	-100	0	0.254	0	
26214398	26238997	0	0	0	1	0	0.016	0	1408
44501237	59375780	0	0	0	105	0	0.069	0	1409
27608404	27650302	0	0	0	2	0	0.031	0	141
482631	-100	0	0	0	-100	0	0.254	0	
3808002	5588639	0	0	0	150	0	0.031	0	1411
14180233	-100	0	0	0	-100	0	0.285	0	
1098156	14644353	0	0	0	3	0	0.032	0	1418
42908301	42930618	0	0	0	16	0	0.046	0	1419
7202784	-100	0	0	0	-100	0	0.254	0	
38412951	38565712	0	0	0	255	0	0.0	0	1420
44588828	44593868	0	0	0	274	0	0.047	0	1421
3169805	6557805	0	0	0	1	0	0.055	0	1422
10806038	18414229	0	0	0	8412	0	0.214	0	1423
4995540	7764170	0	0	0	84	0	0.038	0	1425
37772504	-100	0	0	0	-100	0	0.263	0	
9815208	10762370	0	0	0	9927	0	0.301	0	1427
8949768	23092216	0	0	0	54	0	0.069	0	1428
28135572	29907901	0	0	0	1164	0	0.031	0	1429
2963027	5504152	0	0	0	558	0	0.038	0	1430
1531391	17613726	0	0	0	35	0	0.0	0	1431
5790230	5799655	0	0	0	1	0	0.062	0	1432
53500320	54923401	0	0	0	47	0	0.022	0	1433
58742894	-100	0	0	0	-100	0	0.248	0	
29269836	29382639	0	0	0	1	0	0.015	0	1435
4741033	61997156	0	0	0	1301	0	0.038	0	1436
44908210	44928982	0	0	0	7	0	0.002	0	1437
8327431	13964327	0	0	0	45	0	0.039	0	1438
5972516	-100	0	0	0	-100	0	0.239	0	
39721251	-100	0	0	0	-100	0	0.209	0	
3691943	12693553	0	0	0	2971	0	0.076	0	1440
2921469	-100	0	0	0	-100	0	0.171	0	
16799028	24387209	0	0	0	36	0	0.0	0	1442
45257981	45522428	0	0	0	11	0	0.04	0	1443
13613594	26760331	0	0	0	2515	0	0.089	0	1444
9458652	29421414	0	0	0	13	0	0.0	0	1445
5788314	5788527	0	0	0	16	0	0.0	0	1446
50805550	-100	0	0	0	-100	0	0.289	0	
2118000	-100	0	0	0	-100	0	0.238	0	
17687461	17687920	0	0	0	1	0	0.047	0	145
14141212	14155603	0	0	0	1	0	0.038	0	1450
54886638	-100	0	0	0	-100	0	0.216	0	
11555084	11555424	0	0	0	1597	0	0.084	0	1452
26452755	26763737	0	0	0	1	0	0.047	0	1455
3130605	-100	0	0	0	-100	0	0.254	0	
7841213	7841342	0	0	0	130	0	0.032	0	146
3166405	4072927	0	0	0	1139	0	0.079	0	1460
255941	880458	0	0	0	578	0	0.04	0	1461
834875	-100	0	0	0	-100	0	0.23	0	
5473981	5483750	0	0	0	93	0	0.053	0	1463
3819398	-100	0	0	0	-100	0	0.232	0	
4738850	27742321	0	0	0	702	0	0.047	0	1465
25668156	-100	0	0	0	-100	0	0.254	0	
1239068	8030789	0	0	0	5167	0	0.147	0	1467
3690155	-100	0	0	0	-100	0	0.207	0	
34098828	-100	0	0	0	-100	0	0.248	0	
5627327	-100	0	0	0	-100	0	0.269	0	
13981670	18894362	0	0	0	1346	0	0.047	0	1470
1592665	7717227	0	0	0	1	0	0.016	0	1471
15748380	-100	0	0	0	-100	0	0.216	0	
48778405	-100	0	0	0	-100	0	0.238	0	
10505165	10505576	0	0	0	8037	0	0.217	0	1474
6007225	-100	0	0	0	-100	0	0.231	0	
1848945	9744192	0	0	0	764	0	0.054	0	1476
4113200	-100	0	0	0	-100	0	0.269	0	
21661218	48439130	0	0	0	7	0	0.032	0	1478
28854585	35246487	0	0	0	1357	0	0.069	0	1479
38682984	-100	0	0	0	-100	0	0.231	0	
1939609	38064372	0	0	0	130	0	0.047	0	1480
47728732	47768006	0	0	0	718	0	0.038	0	1481
12314300	-100	0	0	0	-100	0	0.201	0	
2736784	15302469	0	0	0	2609	0	0.084	0	1484
48161526	54189121	0	0	0	21	0	0.032	0	1485
1183788	2616123	0	0	0	59	0	0.031	0	1486
2255158	4400980	0	0	0	270	0	0.053	0	1487
4587425	-100	0	0	0	-100	0	0.248	0	
61359793	-100	0	0	0	-100	0	0.238	0	
31838842	-100	0	0	0	-100	0	0.232	0	
7357984	7358187	0	0	0	20	0	0.015	0	1490
17804181	-100	0	0	0	-100	0	0.217	0	
4419499	-100	0	0	0	-100	0	0.216	0	
2720488	-100	0	0	0	-100	0	0.238	0	
13372305	23519983	0	0	0	6127	0	0.132	0	1494
5150001	43932648	0	0	0	14	0	0.031	0	1496
1401317	-100	0	0	0	-100	0	0.238	0	
31474878	31508577	0	0	0	4	0	0.047	0	1499
51867240	51867996	0	0	0	9983	0	0.238	0	15
8340210	8340377	0	0	0	9	0	0.032	0	150
44912300	47618510	0	0	0	7	0	0.015	0	1501
26461966	-100	0	0	0	-100	0	0.232	0	
24764212	-100	0	0	0	-100	0	0.223	0	
40582161	58581568	0	0	0	46	0	0.015	0	1505
1921421	3687358	0	0	0	693	0	0.047	0	1506
2638640	2646240	0	0	0	4974	0	0.116	0	1507
17318598	17334919	0	0	0	270	0	0.022	0	1508
21797528	41960048	0	0	0	21	0	0.063	0	1509
25148662	42324438	0	0	0	109	0	0.038	0	151
16700960	-100	0	0	0	-100	0	0.247	0	
20107147	34999905	0	0	0	2727	0	0.085	0	1511
8144061	48156555	0	0	0	8240	0	0.216	0	1512
6596316	12538165	0	0	0	466	0	0.031	0	1515
399250	2679618	0	0	0	1780	0	0.069	0	1516
13648117	13653537	0	0	0	13	0	0.016	0	1517
44479864	44487549	0	0	0	1	0	0.038	0	1518
31473760	31478610	0	0	0	5230	0	0.147	0	1519
10867001	-100	0	0	0	-100	0	0.254	0	
41435212	41490713	0	0	0	831	0	0.047	0	1520
9881092	18853783	0	0	0	2	0	0.015	0	1522
4409426	-100	0	0	0	-100	0	0.254	0	
2113263	-100	0	0	0	-100	0	0.279	0	
138374	3270414	0	0	0	113	0	0.022	0	1525
5512327	-100	0	0	0	-100	0	0.263	0	
26653946	26668450	0	0	0	1	0	0.038	0	1527
41274829	52444600	0	0	0	2238	0	0.1	0	1528
2668854	3984983	0	0	0	54	0	0.016	0	1529
57137532	57210890	0	0	0	1	0	0.047	0	153
5292937	13832626	0	0	0	47	0	0.037	0	1530
9804100	-100	0	0	0	-100	0	0.301	0	
25705398	-100	0	0	0	-100	0	0.286	0	
2510434	11807115	0	0	0	454	0	0.015	0	1533
4879946	26565172	0	0	0	1344	0	0.047	0	1536
8193327	-100	0	0	0	-100	0	0.27	0	
7213825	8466473	0	0	0	43	0	0.031	0	1539
45468750	-100	0	0	0	-100	0	0.285	0	
1343619	1530868	0	0	0	1526	0	0.069	0	1540
13453778	40372642	0	0	0	8029	0	0.216	0	1541
303488	323561	0	0	0	18	0	0.047	0	1542
4208030	-100	0	0	0	-100	0	0.285	0	
5139127	-100	0	0	0	-100	0	0.254	0	
23506286	56306043	0	0	0	3343	0	0.101	0	1545
190421	-100	0	0	0	-100	0	0.263	0	
2036654	4717167	0	0	0	8025	0	0.2	0	1547
1586389	42760794	0	0	0	10	0	0.038	0	1548
7638090	28325064	0	0	0	61	0	0.031	0	1549
30263799	-100	0	0	0	-100	0	0.232	0	
1643431	-100	0	0	0	-100	0	0.235	0	
2390275	-100	0	0	0	-100	0	0.252	0	
19658239	-100	0	0	0	-100	0	0.222	0	
29373288	-100	0	0	0	-100	0	0.269	0	
9183178	43770246	0	0	0	1	0	0.163	0	1554
1157104	4778865	0	0	0	3	0	0.053	0	1555
2747791	14847010	0	0	0	1069	0	0.085	0	1556
6213509	-100	0	0	0	-100	0	0.301	0	
2524680	3377537	0	0	0	8848	0	0.232	0	1558
8290537	-100	0	0	0	-100	0	0.232	0	
17680754	-100	0	0	0	-100	0	0.3	0	
5928611	28995579	0	0	0	1648	0	0.069	0	1560
41431558	46448208	0	0	0	1	0	0.047	0	1561
19336610	-100	0	0	0	-100	0	0.239	0	
16775206	16789863	0	0	0	87	0	0.031	0	1563
47180058	55603766	0	0	0	34	0	0.053	0	1564
39580489	-100	0	0	0	-100	0	0.263	0	
8883974	10182684	0	0	0	3	0	0.016	0	1566
240660	308703	0	0	0	1292	0	0.085	0	1567
48763989	48771178	0	0	0	1	0	0.015	0	1568
17386469	-100	0	0	0	-100	0	0.239	0	
18587673	19386241	0	0	0	11	0	0.015	0	157
2037316	17242346	0	0	0	18	0	0.032	0	1570
1279774	16563421	0	0	0	2531	0	0.084	0	1572
3392993	10404752	0	0	0	23	0	0.031	0	1574
9594943	11438544	0	0	0	4	0	0.038	0	1575
2936467	9973520	0	0	0	7	0	0.016	0	1576
3111406	6403525	0	0	0	62	0	0.015	0	1577
4206240	4206500	0	0	0	60	0	0.032	0	1578
584960	20230626	0	0	0	903	0	0.053	0	1579
33472573	54902336	0	0	0	1	0	0.0	0	158
10626277	-100	0	0	0	-100	0	0.201	0	
4684023	5029409	0	0	0	1	0	0.046	0	1581
15192553	-100	0	0	0	-100	0	0.223	0	
25984623	-100	0	0	0	-100	0	0.263	0	
49279952	49294704	0	0	0	5724	0	0.154	0	1584
4800459	-100	0	0	0	-100	0	0.247	0	
16080086	-100	0	0	0	-100	0	0.249	0	
23080188	23113521	0	0	0	1	0	0.012	0	1587
20763744	-100	0	0	0	-100	0	0.32	0	
32517231	-100	0	0	0	-100	0	0.27	0	
32882097	32900328	0	0	0	2	0	0.016	0	159
17296992	17312874	0	0	0	240	0	0.046	0	1590
8502610	-100	0	0	0	-100	0	0.252	0	
9986804	36543053	0	0	0	7	0	0.04	0	1592
13850693	31947364	0	0	0	1269	0	0.041	0	1593
778564	39374921	0	0	0	409	0	0.02	0	1594
335205	-100	0	0	0	-100	0	0.316	0	
21880511	22677501	0	0	0	1	0	0.015	0	1596
8862540	-100	0	0	0	-100	0	0.301	0	
4793997	4796007	0	0	0	4	0	0.038	0	1598
16788169	-100	0	0	0	-100	0	0.216	0	
4680060	-100	0	0	0	-100	0	0.285	0	
44940474	-100	0	0	0	-100	0	0.217	0	
4817651	-100	0	0	0	-100	0	0.231	0	
7434272	-100	0	0	0	-100	0	0.217	0	
4407854	10855682	0	0	0	260	0	0.037	0	1602
5777877	-100	0	0	0	-100	0	0.194	0	
26041382	-100	0	0	0	-100	0	0.238	0	
7771586	11088390	0	0	0	1340	0	0.071	0	1605
13117488	-100	0	0	0	-100	0	0.234	0	
2378268	4080456	0	0	0	21	0	0.008	0	1607
3115388	17234259	0	0	0	7	0	0.022	0	1608
5055418	-100	0	0	0	-100	0	0.211	0	
31874410	32177532	0	0	0	584	0	0.031	0	161
37679022	37758886	0	0	0	11	0	0.0	0	1610
2354609	9848295	0	0	0	10	0	0.02	0	1611
24672629	48768670	0	0	0	2432	0	0.091	0	1613
10307744	16611362	0	0	0	229	0	0.028	0	1615
7522149	11061543	0	0	0	7001	0	0.163	0	1616
43525560	-100	0	0	0	-100	0	0.242	0	
13431905	-100	0	0	0	-100	0	0.262	0	
4567492	-100	0	0	0	-100	0	0.252	0	
12030810	19271381	0	0	0	4739	0	0.134	0	1620
3353745	3797239	0	0	0	195	0	0.032	0	1621
4166762	9754047	0	0	0	7	0	0.031	0	1623
6825161	6825736	0	0	0	1	0	0.04	0	1624
1379277	15195750	0	0	0	2	0	0.011	0	1625
124462	962915	0	0	0	64	0	0.047	0	1626
1949259	2008866	0	0	0	346	0	0.04	0	1627
8102221	-100	0	0	0	-100	0	0.263	0	
4609127	-100	0	0	0	-100	0	0.205	0	
1946002	1946490	0	0	0	4	0	0.052	0	163
19907294	-100	0	0	0	-100	0	0.221	0	
110575	-100	0	0	0	-100	0	0.253	0	
1581049	57829977	0	0	0	18	0	0.01	0	1632
255312	19786402	0	0	0	2710	0	0.1	0	1633
231057	1642614	0	0	0	1	0	0.039	0	1634
7789045	-100	0	0	0	-100	0	0.223	0	
10029838	14649645	0	0	0	2	0	0.031	0	1636
17710897	19878319	0	0	0	753	0	0.04	0	1637
34497428	42752133	0	0	0	10	0	0.02	0	1638
3840094	46775489	0	0	0	1	0	0.01	0	1639
15636739	15646757	0	0	0	130	0	0.03	0	164
2000092	2104655	0	0	0	4336	0	0.121	0	1640
29891813	-100	0	0	0	-100	0	0.242	0	
35596490	42189245	0	0	0	2	0	0.059	0	1643
10493001	20251224	0	0	0	17	0	0.078	0	1644
5250118	5251478	0	0	0	116	0	0.038	0	1645
12493438	38804404	0	0	0	4	0	0.031	0	1646
871431	15508850	0	0	0	11	0	0.069	0	1647
2045875	-100	0	0	0	-100	0	0.285	0	
31415213	36332005	0	0	0	3863	0	0.132	0	1649
21868551	-100	0	0	0	-100	0	0.285	0	
5383471	-100	0	0	0	-100	0	0.301	0	
33970348	46143764	0	0	0	1843	0	0.062	0	1652
54463196	54532369	0	0	0	4	0	0.069	0	1653
4724971	-100	0	0	0	-100	0	0.27	0	
530649	3620659	0	0	0	477	0	0.046	0	1655
2627645	-100	0	0	0	-100	0	0.317	0	
5048849	5968206	0	0	0	6707	0	0.169	0	1657
3729497	-100	0	0	0	-100	0	0.27	0	
6549561	18880448	0	0	0	57	0	0.015	0	1659
40218472	40299505	0	0	0	23	0	0.032	0	166
2119686	-100	0	0	0	-100	0	0.216	0	
38973024	39129295	0	0	0	179	0	0.022	0	1663
981954	4437223	0	0	0	1000	0	0.062	0	1666
5611	1041509	0	0	0	2130	0	0.085	0	1667
38278594	38303757	0	0	0	22	0	0.031	0	1668
9276756	-100	0	0	0	-100	0	0.239	0	
4041968	-100	0	0	0	-100	0	0.216	0	
13500816	-100	0	0	0	-100	0	0.216	0	
583336	4015198	0	0	0	28	0	0.031	0	1671
4724564	4727191	0	0	0	56	0	0.038	0	1674
12026842	-100	0	0	0	-100	0	0.248	0	
666811	-100	0	0	0	-100	0	0.25	0	
11533705	11539505	0	0	0	307	0	0.03	0	1677
29257894	-100	0	0	0	-100	0	0.242	0	
27929875	48931260	0	0	0	14	0	0.03	0	1679
1459739	2297403	0	0	0	76	0	0.044	0	1681
6474783	10350602	0	0	0	1	0	0.016	0	1682
5032645	-100	0	0	0	-100	0	0.263	0	
7223896	-100	0	0	0	-100	0	0.239	0	
2257973	24870910	0	0	0	273	0	0.031	0	1688
1022994	-100	0	0	0	-100	0	0.247	0	
3454993	12543361	0	0	0	3	0	0.022	0	1690
5449395	-100	0	0	0	-100	0	0.232	0	
45953	-100	0	0	0	-100	0	0.254	0	
22188974	41423343	0	0	0	4387	0	0.116	0	1693
11369360	-100	0	0	0	-100	0	0.232	0	
7220830	-100	0	0	0	-100	0	0.254	0	
4293775	8656089	0	0	0	710	0	0.031	0	1696
70855	-100	0	0	0	-100	0	0.248	0	
251485	-100	0	0	0	-100	0	0.238	0	
45093081	45094345	0	0	0	588	0	0.016	0	1699
14115570	-100	0	0	0	-100	0	0.259	0	
4564577	5668901	0	0	0	16	0	0.033	0	170
9252793	-100	0	0	0	-100	0	0.209	0	
415801	561066	0	0	0	275	0	0.033	0	1702
2681548	-100	0	0	0	-100	0	0.241	0	
12301358	36938223	0	0	0	4632	0	0.129	0	1704
9519588	-100	0	0	0	-100	0	0.232	0	
38277102	-100	0	0	0	-100	0	0.224	0	
11538409	11609348	0	0	0	23	0	0.029	0	1707
3726721	-100	0	0	0	-100	0	0.234	0	
20426378	-100	0	0	0	-100	0	0.221	0	
391005	9851278	0	0	0	228	0	0.021	0	1712
27222	-100	0	0	0	-100	0	0.191	0	
1914242	10385582	0	0	0	567	0	0.031	0	1714
7818667	-100	0	0	0	-100	0	0.242	0	
2699086	-100	0	0	0	-100	0	0.232	0	
96759	36784955	0	0	0	5039	0	0.151	0	1719
27105077	-100	0	0	0	-100	0	0.246	0	
1310649	3668702	0	0	0	46	0	0.02	0	1720
1835177	-100	0	0	0	-100	0	0.242	0	
10511478	11013665	0	0	0	8420	0	0.217	0	1722
6086267	44607229	0	0	0	7384	0	0.201	0	1724
2336573	2338641	0	0	0	604	0	0.053	0	1725
2511410	-100	0	0	0	-100	0	0.262	0	
6132515	6212983	0	0	0	738	0	0.078	0	173
25570086	-100	0	0	0	-100	0	0.234	0	
11394323	11794101	0	0	0	15	0	0.02	0	1740
5830387	15147993	0	0	0	615	0	0.049	0	1741
15454220	19245205	0	0	0	5	0	0.0	0	1742
6269693	-100	0	0	0	-100	0	0.172	0	
262351	-100	0	0	0	-100	0	0.254	0	
5246114	32861261	0	0	0	37	0	0.032	0	1749
9317836	33917688	0	0	0	888	0	0.046	0	175
10152904	-100	0	0	0	-100	0	0.378	0	
1251582	-100	0	0	0	-100	0	0.397	0	
1575807	1892607	0	0	0	717	0	0.04	0	1754
38275940	38283252	0	0	0	56	0	0.041	0	1755
1066625	9166914	0	0	0	117	0	0.052	0	1756
3022185	-100	0	0	0	-100	0	0.645	0	
5127424	8336308	0	0	0	4157	0	0.3	0	1758
2602612	36761377	0	0	0	128	0	0.04	0	1759
13994457	14002626	0	0	0	1	0	0.042	0	176
1902187	3894653	0	0	0	291	0	0.078	0	1760
941537	12755268	0	0	0	2	0	0.038	0	1761
3229905	9387193	0	0	0	293	0	0.078	0	1762
11157749	30645705	0	0	0	2	0	0.037	0	177
4737199	6812948	0	0	0	361	0	0.016	0	1774
2203430	7880619	0	0	0	1111	0	0.063	0	1775
13620	-100	0	0	0	-100	0	0.338	0	
445235	4030427	0	0	0	1452	0	0.085	0	1779
28148887	-100	0	0	0	-100	0	0.316	0	
14084222	17066034	0	0	0	1248	0	0.069	0	1780
907806	-100	0	0	0	-100	0	0.348	0	
1182584	1550947	0	0	0	235	0	0.053	0	1785
9993909	43329513	0	0	0	15	0	0.0	0	1787
2418473	3633900	0	0	0	6	0	0.016	0	1788
3451906	3815234	0	0	0	1320	0	0.078	0	1789
34440220	54444220	0	0	0	2	0	0.022	0	179
10487909	10496267	0	0	0	147	0	0.016	0	1790
1050709	-100	0	0	0	-100	0	0.363	0	
4345554	-100	0	0	0	-100	0	0.238	0	
3243900	35350585	0	0	0	9312	0	0.216	0	1793
2840912	10486107	0	0	0	5919	0	0.154	0	1794
12584991	-100	0	0	0	-100	0	0.216	0	
8390677	56445688	0	0	0	1	0	0.032	0	1796
2306132	5592739	0	0	0	22	0	0.015	0	1798
3108775	6161128	0	0	0	8807	0	0.201	0	1799
23551451	-100	0	0	0	-100	0	0.254	0	
13101302	23429683	0	0	0	9	0	0.031	0	180
28875788	32118400	0	0	0	103	0	0.016	0	1800
16424117	-100	0	0	0	-100	0	0.254	0	
29886181	29887034	0	0	0	1	0	0.047	0	1803
1770765	-100	0	0	0	-100	0	0.037	0	
52412946	52430551	0	0	0	4	0	0.032	0	1805
34757122	-100	0	0	0	-100	0	0.247	0	
12146282	12951792	0	0	0	1	0	0.038	0	1807
8914506	-100	0	0	0	-100	0	0.247	0	
15040979	15050497	0	0	0	1777	0	0.054	0	181
4914750	-100	0	0	0	-100	0	0.263	0	
3338123	11267086	0	0	0	1274	0	0.069	0	1814
38255659	-100	0	0	0	-100	0	0.232	0	
514673	2808583	0	0	0	1	0	0.053	0	1817
34604602	34645470	0	0	0	656	0	0.069	0	1818
8615422	-100	0	0	0	-100	0	0.263	0	
33177674	33949758	0	0	0	14	0	0.057	0	182
14140447	14142488	0	0	0	1	0	0.015	0	1820
6976355	-100	0	0	0	-100	0	0.266	0	
147821	-100	0	0	0	-100	0	0.263	0	
3506120	-100	0	0	0	-100	0	0.016	0	
55768	3003145	0	0	0	123	0	0.069	0	1831
2482033	3699454	0	0	0	9279	0	0.232	0	1832
1788202	6249707	0	0	0	1408	0	0.053	0	1834
18070154	-100	0	0	0	-100	0	0.216	0	
9953157	22252904	0	0	0	10	0	0.047	0	1837
90982	-100	0	0	0	-100	0	0.239	0	
4282507	4719939	0	0	0	93	0	0.015	0	1839
37580925	37581837	0	0	0	3427	0	0.132	0	184
1319903	7011451	0	0	0	35	0	0.053	0	1842
36849325	36903392	0	0	0	1	0	0.016	0	1845
39664801	46640455	0	0	0	835	0	0.053	0	1846
367711	38228335	0	0	0	391	0	0.047	0	1847
29361203	-100	0	0	0	-100	0	0.254	0	
40726156	-100	0	0	0	-100	0	0.234	0	
2915864	11481737	0	0	0	1671	0	0.071	0	1850
1416697	-100	0	0	0	-100	0	0.251	0	
3476538	-100	0	0	0	-100	0	0.304	0	
520237	-100	0	0	0	-100	0	0.262	0	
13108157	61444541	0	0	0	2700	0	0.109	0	1856
3602405	-100	0	0	0	-100	0	0.254	0	
54566	-100	0	0	0	-100	0	0.239	0	
3173501	3961456	0	0	0	1	0	0.033	0	1859
23579701	23580157	0	0	0	7238	0	0.211	0	186
2750580	8684609	0	0	0	96	0	0.029	0	1860
3075174	-100	0	0	0	-100	0	0.264	0	
2676368	49970767	0	0	0	124	0	0.04	0	1862
3189040	17575954	0	0	0	914	0	0.059	0	1863
5416301	6292164	0	0	0	511	0	0.022	0	1865
4343596	29308898	0	0	0	3908	0	0.131	0	1866
17364127	-100	0	0	0	-100	0	0.262	0	
15458221	29712374	0	0	0	540	0	0.04	0	187
3240532	10333016	0	0	0	960	0	0.068	0	1870
6041741	-100	0	0	0	-100	0	0.275	0	
2348152	17219916	0	0	0	358	0	0.05	0	1872
7671905	7673044	0	0	0	356	0	0.02	0	1873
15662729	15663874	0	0	0	505	0	0.041	0	1876
4795385	11481199	0	0	0	2766	0	0.098	0	1877
2596837	54857520	0	0	0	109	0	0.033	0	1878
20274123	20301743	0	0	0	679	0	0.062	0	188
80646	-100	0	0	0	-100	0	0.247	0	
3577641	-100	0	0	0	-100	0	0.254	0	
14950589	42467791	0	0	0	661	0	0.047	0	1886
1465573	10934022	0	0	0	328	0	0.069	0	1888
920353	-100	0	0	0	-100	0	0.242	0	
1197005	-100	0	0	0	-100	0	0.262	0	
307674	-100	0	0	0	-100	0	0.282	0	
2269840	18005593	0	0	0	55	0	0.02	0	1893
136899	-100	0	0	0	-100	0	0.241	0	
888	4640421	0	0	0	4296	0	0.142	0	1896
15204674	15205771	0	0	0	128	0	0.03	0	1897
16959576	-100	0	0	0	-100	0	0.242	0	
22662488	40700799	0	0	0	573	0	0.07	0	1899
5724999	-100	0	0	0	-100	0	0.27	0	
47164116	-100	0	0	0	-100	0	0.262	0	
45706007	48565643	0	0	0	13	0	0.02	0	1903
33230871	43071337	0	0	0	1941	0	0.098	0	1904
33526391	-100	0	0	0	-100	0	0.264	0	
11847124	11861081	0	0	0	6877	0	0.202	0	1907
27088913	27091585	0	0	0	2	0	0.018	0	191
597159	-100	0	0	0	-100	0	0.273	0	
2167916	2487921	0	0	0	16	0	0.041	0	1911
1557787	5166087	0	0	0	1004	0	0.06	0	1912
134099	-100	0	0	0	-100	0	0.222	0	
5121495	12142172	0	0	0	11	0	0.04	0	1914
2411182	-100	0	0	0	-100	0	0.262	0	
336127	5532002	0	0	0	222	0	0.018	0	1917
8532569	30290663	0	0	0	1	0	0.032	0	1918
10835592	-100	0	0	0	-100	0	0.252	0	
3430181	5863870	0	0	0	4466	0	0.13	0	1920
1912029	8028957	0	0	0	345	0	0.022	0	1924
24644436	44866673	0	0	0	1833	0	0.071	0	1925
845021	-100	0	0	0	-100	0	0.252	0	
8868808	-100	0	0	0	-100	0	0.241	0	
33379015	33380573	0	0	0	7282	0	0.247	0	193
26038538	26100581	0	0	0	1	0	0.031	0	194
32853422	-100	0	0	0	-100	0	0.269	0	
23414636	-100	0	0	0	-100	0	0.248	0	
4014549	4014743	0	0	0	2	0	0.022	0	197
24454656	-100	0	0	0	-100	0	0.248	0	
3487781	-100	0	0	0	-100	0	0.269	0	
9433766	-100	0	0	0	-100	0	0.248	0	
7297827	7300871	0	0	0	7914	0	0.207	0	20
21836816	-100	0	0	0	-100	0	0.232	0	
2438155	-100	0	0	0	-100	0	0.27	0	
59584924	60102647	0	0	0	2164	0	0.1	0	202
39661410	59100921	0	0	0	14	0	0.031	0	203
19737927	19738084	0	0	0	5	0	0.016	0	204
56437592	56520493	0	0	0	1	0	0.016	0	205
24455900	-100	0	0	0	-100	0	0.253	0	
5057228	37691670	0	0	0	2	0	0.031	0	207
4144076	22882326	0	0	0	408	0	0.032	0	208
2433479	-100	0	0	0	-100	0	0.245	0	
27744855	27748135	0	0	0	207	0	0.03	0	21
59580337	-100	0	0	0	-100	0	0.252	0	
17112360	-100	0	0	0	-100	0	0.252	0	
6102273	-100	0	0	0	-100	0	0.23	0	
4529379	24482385	0	0	0	8954	0	0.232	0	213
41228832	41245657	0	0	0	2116	0	0.085	0	214
17283326	54335695	0	0	0	1	0	0.069	0	215
11873107	33887552	0	0	0	2	0	0.015	0	216
13963946	13964867	0	0	0	74	0	0.031	0	217
43312949	43324052	0	0	0	393	0	0.038	0	218
11866167	-100	0	0	0	-100	0	0.232	0	
4150208	-100	0	0	0	-100	0	0.232	0	
21485868	-100	0	0	0	-100	0	0.238	0	
9242266	-100	0	0	0	-100	0	0.294	0	
31785471	33549409	0	0	0	9485	0	0.207	0	222
17103917	17105070	0	0	0	1	0	0.016	0	223
1899168	-100	0	0	0	-100	0	0.1	0	
22345991	22381434	0	0	0	2	0	0.047	0	226
31424015	31424186	0	0	0	459	0	0.016	0	227
7665164	7666473	0	0	0	26	0	0.024	0	228
3470227	-100	0	0	0	-100	0	0.232	0	
46611453	46631500	0	0	0	2	0	0.04	0	23
42791557	-100	0	0	0	-100	0	0.263	0	
42791096	44829634	0	0	0	1	0	0.033	0	231
10809101	10809921	0	0	0	2	0	0.016	0	232
21871614	22342191	0	0	0	18	0	0.031	0	234
29157576	-100	0	0	0	-100	0	0.239	0	
11331423	11340415	0	0	0	1	0	0.031	0	236
8708791	-100	0	0	0	-100	0	0.247	0	
30727753	30728079	0	0	0	1	0	0.022	0	238
41213308	41219675	0	0	0	587	0	0.032	0	239
47659336	47676253	0	0	0	381	0	0.031	0	24
6085357	6085524	0	0	0	1777	0	0.069	0	240
38266912	38413381	0	0	0	18	0	0.047	0	241
3987667	-100	0	0	0	-100	0	0.216	0	
29677674	-100	0	0	0	-100	0	0.223	0	
2414647	10968661	0	0	0	140	0	0.047	0	244
27579831	48632152	0	0	0	514	0	0.053	0	245
14472423	-100	0	0	0	-100	0	0.216	0	
10871714	10887987	0	0	0	1	0	0.016	0	247
35442997	35467834	0	0	0	75	0	0.047	0	248
16567978	16589649	0	0	0	1	0	0.026	0	249
997041	1000716	0	0	0	127	0	0.043	0	25
23907633	24003979	0	0	0	381	0	0.04	0	250
4508964	4511186	0	0	0	1	0	0.03	0	251
39111770	39113450	0	0	0	359	0	0.062	0	252
55888883	55889217	0	0	0	1	0	0.028	0	253
25479413	-100	0	0	0	-100	0	0.254	0	
23382110	23382651	0	0	0	1	0	0.02	0	255
56504201	56514045	0	0	0	1	0	0.041	0	256
5209265	5212924	0	0	0	347	0	0.04	0	257
18434683	-100	0	0	0	-100	0	0.24	0	
41274203	41730127	0	0	0	282	0	0.022	0	259
32454156	32476642	0	0	0	7	0	0.029	0	26
12369477	12391813	0	0	0	76	0	0.022	0	260
14015683	-100	0	0	0	-100	0	0.232	0	
35899117	-100	0	0	0	-100	0	0.242	0	
34911866	-100	0	0	0	-100	0	0.262	0	
22990852	23032619	0	0	0	1	0	0.02	0	264
7123560	7127156	0	0	0	1	0	0.01	0	265
2939250	3048437	0	0	0	3	0	0.03	0	269
3617492	16233321	0	0	0	1	0	0.041	0	27
9742449	9746661	0	0	0	1	0	0.01	0	270
37005025	37064628	0	0	0	14	0	0.01	0	271
28265669	30712896	0	0	0	373	0	0.04	0	272
8776481	16032713	0	0	0	4	0	0.038	0	273
55878479	55879116	0	0	0	1	0	0.023	0	274
37003490	-100	0	0	0	-100	0	0.241	0	
39721673	-100	0	0	0	-100	0	0.23	0	
29139098	-100	0	0	0	-100	0	0.244	0	
2037205	-100	0	0	0	-100	0	0.242	0	
30187274	30235738	0	0	0	812	0	0.03	0	279
13054474	-100	0	0	0	-100	0	0.232	0	
27041060	-100	0	0	0	-100	0	0.232	0	
1350883	-100	0	0	0	-100	0	0.25	0	
49613664	49945108	0	0	0	6372	0	0.163	0	282
28730842	28783273	0	0	0	554	0	0.06	0	283
47357273	-100	0	0	0	-100	0	0.242	0	
48720352	48721312	0	0	0	10	0	0.03	0	285
13930049	23052665	0	0	0	3502	0	0.111	0	286
9211362	-100	0	0	0	-100	0	0.252	0	
34034229	34376543	0	0	0	381	0	0.04	0	288
54299213	54428599	0	0	0	2029	0	0.071	0	289
34549007	34551802	0	0	0	221	0	0.018	0	29
13928848	-100	0	0	0	-100	0	0.242	0	
25987410	-100	0	0	0	-100	0	0.214	0	
8685586	-100	0	0	0	-100	0	0.222	0	
22840808	-100	0	0	0	-100	0	0.247	0	
33849880	33856354	0	0	0	3799	0	0.084	0	294
9732057	9732605	0	0	0	660	0	0.031	0	295
16547487	-100	0	0	0	-100	0	0.216	0	
26174159	-100	0	0	0	-100	0	0.254	0	
2915395	2916645	0	0	0	3693	0	0.085	0	298
31226607	31235801	0	0	0	2	0	0.031	0	299
20960037	20970879	0	0	0	1613	0	0.053	0	3
31403164	-100	0	0	0	-100	0	0.217	0	
17070581	-100	0	0	0	-100	0	0.238	0	
10621949	10649394	0	0	0	174	0	0.01	0	301
28097800	-100	0	0	0	-100	0	0.241	0	
38043467	-100	0	0	0	-100	0	0.222	0	
11925578	12874722	0	0	0	2	0	0.01	0	305
35418407	35440353	0	0	0	3	0	0.02	0	306
39831708	-100	0	0	0	-100	0	0.0	0	
54291954	54304972	0	0	0	2014	0	0.051	0	308
50097507	50187836	0	0	0	92	0	0.018	0	309
35070908	35085029	0	0	0	1	0	0.032	0	31
9736737	24488576	0	0	0	73	0	0.01	0	310
4483674	-100	0	0	0	-100	0	0.252	0	
31819695	42515533	0	0	0	66	0	0.041	0	312
3435293	48217519	0	0	0	166	0	0.05	0	313
620645	-100	0	0	0	-100	0	0.212	0	
3026640	17283858	0	0	0	1	0	0.0	0	315
2909868	14076801	0	0	0	602	0	0.048	0	316
55862918	55866357	0	0	0	8	0	0.02	0	317
38037042	38038026	0	0	0	119	0	0.053	0	318
22884366	28075552	0	0	0	1241	0	0.04	0	319
27730632	-100	0	0	0	-100	0	0.23	0	
2384937	2385106	0	0	0	6254	0	0.161	0	320
55938931	56909578	0	0	0	5465	0	0.133	0	321
35937293	41838484	0	0	0	9	0	0.029	0	322
36485594	36499625	0	0	0	29	0	0.04	0	324
31218081	31221063	0	0	0	7753	0	0.173	0	325
50092103	-100	0	0	0	-100	0	0.232	0	
2381474	-100	0	0	0	-100	0	0.262	0	
20229093	24427553	0	0	0	140	0	0.051	0	328
507041	-100	0	0	0	-100	0	0.232	0	
19563813	19657278	0	0	0	1	0	0.048	0	33
23875497	23891538	0	0	0	262	0	0.02	0	330
12513390	25448169	0	0	0	6403	0	0.161	0	331
43273370	-100	0	0	0	-100	0	0.264	0	
44845731	-100	0	0	0	-100	0	0.222	0	
53490990	53524205	0	0	0	10	0	0.03	0	334
35407012	35578077	0	0	0	6785	0	0.169	0	335
279564	282150	0	0	0	1545	0	0.063	0	336
14435071	29277456	0	0	0	2	0	0.01	0	337
50085326	-100	0	0	0	-100	0	0.245	0	
14988508	-100	0	0	0	-100	0	0.228	0	
59708229	59764101	0	0	0	609	0	0.03	0	34
42219923	-100	0	0	0	-100	0	0.232	0	
8664930	-100	0	0	0	-100	0	0.252	0	
27013583	27038895	0	0	0	130	0	0.02	0	342
8874448	8908489	0	0	0	1	0	0.019	0	343
36448288	36451263	0	0	0	1	0	0.03	0	344
10181616	-100	0	0	0	-100	0	0.201	0	
52397274	52403677	0	0	0	10	0	0.041	0	346
3942046	-100	0	0	0	-100	0	0.221	0	
3940927	-100	0	0	0	-100	0	0.214	0	
17047116	41897327	0	0	0	476	0	0.02	0	349
3609157	3617166	0	0	0	1492	0	0.068	0	35
30678450	30740821	0	0	0	45	0	0.013	0	350
61611278	61659226	0	0	0	3096	0	0.1	0	351
49552473	50184151	0	0	0	3	0	0.01	0	352
8521800	23862124	0	0	0	18	0	0.011	0	353
792886	7149063	0	0	0	13	0	0.03	0	354
23860556	-100	0	0	0	-100	0	0.252	0	
6585649	38015123	0	0	0	56	0	0.03	0	356
14945418	14945861	0	0	0	7336	0	0.152	0	357
8796479	12323908	0	0	0	12	0	0.034	0	358
19308102	25967530	0	0	0	43	0	0.043	0	359
15141928	-100	0	0	0	-100	0	0.24	0	
24009476	-100	0	0	0	-100	0	0.234	0	
13896415	14008236	0	0	0	1	0	0.02	0	361
54266463	54271364	0	0	0	1	0	0.01	0	362
11450327	31197403	0	0	0	7697	0	0.212	0	363
9219072	9229030	0	0	0	5	0	0.02	0	364
26200107	51119682	0	0	0	87	0	0.01	0	365
14415864	14418725	0	0	0	412	0	0.03	0	367
12845562	12901567	0	0	0	19	0	0.028	0	368
9900385	50197539	0	0	0	271	0	0.033	0	369
47646977	47647121	0	0	0	4572	0	0.1	0	37
18285211	32636973	0	0	0	982	0	0.04	0	370
41681077	41682718	0	0	0	6150	0	0.18	0	371
5504642	-100	0	0	0	-100	0	0.234	0	
11945142	-100	0	0	0	-100	0	0.222	0	
4455841	4465466	0	0	0	749	0	0.05	0	374
15558289	22805601	0	0	0	229	0	0.04	0	375
25426620	-100	0	0	0	-100	0	0.212	0	
1527513	-100	0	0	0	-100	0	0.232	0	
19134079	19154300	0	0	0	21	0	0.01	0	378
1266569	-100	0	0	0	-100	0	0.242	0	
34014351	-100	0	0	0	-100	0	0.232	0	
9696545	48154956	0	0	0	3272	0	0.089	0	380
26582039	42201045	0	0	0	3	0	0.022	0	381
13365084	-100	0	0	0	-100	0	0.262	0	
5401412	11267700	0	0	0	2759	0	0.07	0	383
35559769	48190007	0	0	0	37	0	0.031	0	384
37480773	37482891	0	0	0	3	0	0.03	0	385
23373374	-100	0	0	0	-100	0	0.242	0	
22799044	23377750	0	0	0	5	0	0.02	0	387
14934667	40700258	0	0	0	16	0	0.018	0	388
41673236	-100	0	0	0	-100	0	0.249	0	
17236317	17237021	0	0	0	1	0	0.022	0	39
12352635	-100	0	0	0	-100	0	0.232	0	
42689595	42721364	0	0	0	26	0	0.016	0	391
16506952	-100	0	0	0	-100	0	0.247	0	
51251140	61595606	0	0	0	3422	0	0.069	0	393
50583100	-100	0	0	0	-100	0	0.254	0	
23843985	23853763	0	0	0	63	0	0.031	0	395
6016157	6026392	0	0	0	2	0	0.053	0	396
1853622	2872366	0	0	0	1	0	0.032	0	397
25938781	26212025	0	0	0	8	0	0.015	0	398
54061930	-100	0	0	0	-100	0	0.216	0	
35111358	-100	0	0	0	-100	0	0.217	0	
39255026	39276798	0	0	0	306	0	0.022	0	40
24889961	24904180	0	0	0	1806	0	0.062	0	400
27511110	-100	0	0	0	-100	0	0.217	0	
2344747	2348547	0	0	0	389	0	0.015	0	402
56314804	57630819	0	0	0	1060	0	0.038	0	403
13022369	13070919	0	0	0	45	0	0.047	0	404
47650049	-100	0	0	0	-100	0	0.238	0	
32134774	32137405	0	0	0	45	0	0.016	0	406
7860441	-100	0	0	0	-100	0	0.2	0	
34848493	-100	0	0	0	-100	0	0.263	0	
59489292	-100	0	0	0	-100	0	0.242	0	
2554671	2555411	0	0	0	91	0	0.012	0	41
55294546	55295170	0	0	0	1	0	0.048	0	410
7058603	-100	0	0	0	-100	0	0.232	0	
14922624	-100	0	0	0	-100	0	0.224	0	
43215081	43233652	0	0	0	134	0	0.01	0	413
2338912	-100	0	0	0	-100	0	0.252	0	
16493606	16493861	0	0	0	4381	0	0.138	0	415
22260805	22268923	0	0	0	404	0	0.032	0	416
58960810	58966290	0	0	0	1	0	0.015	0	417
46900408	46908046	0	0	0	1168	0	0.054	0	418
8775572	37464332	0	0	0	67	0	0.015	0	419
26556925	35060128	0	0	0	2	0	0.047	0	42
2922950	-100	0	0	0	-100	0	0.241	0	
1811421	2392465	0	0	0	9	0	0.03	0	421
32744298	36044369	0	0	0	4	0	0.03	0	422
24879399	33545314	0	0	0	1	0	0.051	0	423
18061724	-100	0	0	0	-100	0	0.211	0	
31168584	39614980	0	0	0	199	0	0.051	0	425
51371284	-100	0	0	0	-100	0	0.252	0	
7735837	7749060	0	0	0	6403	0	0.171	0	427
2086542	38170101	0	0	0	2	0	0.049	0	428
15153139	22779495	0	0	0	104	0	0.012	0	429
21952072	21952796	0	0	0	3084	0	0.08	0	43
33789054	33790955	0	0	0	45	0	0.01	0	430
7573505	7574316	0	0	0	75	0	0.011	0	431
5476297	-100	0	0	0	-100	0	0.229	0	
58953393	58954032	0	0	0	3354	0	0.073	0	433
28576229	29311537	0	0	0	5230	0	0.141	0	434
1281007	-100	0	0	0	-100	0	0.242	0	
10422268	-100	0	0	0	-100	0	0.068	0	
7180263	9190809	0	0	0	2084	0	0.053	0	437
5506411	5608975	0	0	0	66	0	0.03	0	438
54756854	54774616	0	0	0	1938	0	0.06	0	439
21948691	21950921	0	0	0	192	0	0.041	0	44
26969389	27147950	0	0	0	216	0	0.04	0	440
4669655	18125638	0	0	0	8	0	0.01	0	441
35881584	36075251	0	0	0	2	0	0.02	0	442
8833522	-100	0	0	0	-100	0	0.222	0	
11762070	11763795	0	0	0	73	0	0.01	0	444
35879203	35891777	0	0	0	8717	0	0.232	0	445
33754043	-100	0	0	0	-100	0	0.222	0	
13858706	13859052	0	0	0	369	0	0.038	0	447
11397441	-100	0	0	0	-100	0	0.254	0	
14382607	14610396	0	0	0	4362	0	0.131	0	449
3983432	-100	0	0	0	-100	0	0.212	0	
12809526	20705731	0	0	0	1	0	0.002	0	450
9663607	-100	0	0	0	-100	0	0.222	0	
25392228	-100	0	0	0	-100	0	0.182	0	
1274713	-100	0	0	0	-100	0	0.272	0	
22245852	-100	0	0	0	-100	0	0.232	0	
7041256	-100	0	0	0	-100	0	0.241	0	
34597763	34828433	0	0	0	13	0	0.031	0	456
3895033	4699519	0	0	0	3	0	0.03	0	457
3473437	-100	0	0	0	-100	0	0.23	0	
14078426	27737350	0	0	0	2	0	0.02	0	459
50259893	50273638	0	0	0	3494	0	0.113	0	46
27487319	56401258	0	0	0	3339	0	0.091	0	460
30108691	-100	0	0	0	-100	0	0.261	0	
50553666	50555448	0	0	0	1	0	0.084	0	462
20853604	41118242	0	0	0	8554	0	0.185	0	463
7039162	7213012	0	0	0	1	0	0.046	0	464
13330390	18238614	0	0	0	3442	0	0.101	0	465
17524188	58587781	0	0	0	206	0	0.022	0	466
12804880	12805580	0	0	0	13	0	0.015	0	467
9762491	9762791	0	0	0	472	0	0.016	0	468
16740112	-100	0	0	0	-100	0	0.248	0	
29812596	-100	0	0	0	-100	0	0.245	0	
41169902	41176485	0	0	0	55	0	0.04	0	470
24860018	24861785	0	0	0	8	0	0.008	0	471
51075201	51076276	0	0	0	1	0	0.023	0	472
13448152	-100	0	0	0	-100	0	0.222	0	
3363764	-100	0	0	0	-100	0	0.231	0	
44971116	62083470	0	0	0	7901	0	0.192	0	475
21857617	-100	0	0	0	-100	0	0.242	0	
13323723	13325320	0	0	0	4022	0	0.129	0	477
45829570	-100	0	0	0	-100	0	0.224	0	
35578823	-100	0	0	0	-100	0	0.211	0	
55520394	55523177	0	0	0	1209	0	0.069	0	481
4558437	-100	0	0	0	-100	0	0.212	0	
32891256	-100	0	0	0	-100	0	0.233	0	
4547485	14410899	0	0	0	1	0	0.01	0	484
43415783	54427950	0	0	0	12	0	0.011	0	485
18039256	-100	0	0	0	-100	0	0.252	0	
12794152	12820728	0	0	0	1	0	0.02	0	487
53942586	53955108	0	0	0	758	0	0.03	0	488
41104996	41105395	0	0	0	1	0	0.018	0	489
44490959	-100	0	0	0	-100	0	0.244	0	
23015043	24851946	0	0	0	522	0	0.048	0	490
62075591	62079780	0	0	0	5378	0	0.113	0	491
41628335	-100	0	0	0	-100	0	0.252	0	
44944057	44946378	0	0	0	30	0	0.016	0	493
4442418	37957089	0	0	0	37	0	0.053	0	494
44686282	53856097	0	0	0	16	0	0.016	0	495
23362718	23365172	0	0	0	916	0	0.047	0	496
43196730	-100	0	0	0	-100	0	0.207	0	
7181702	8593660	0	0	0	1	0	0.016	0	498
3874744	22433167	0	0	0	334	0	0.015	0	499
44019447	44037952	0	0	0	1	0	0.016	0	5
32956293	32969883	0	0	0	1669	0	0.031	0	50
19524589	20127660	0	0	0	1627	0	0.054	0	500
19079073	19312702	0	0	0	998	0	0.046	0	501
18768103	23981733	0	0	0	290	0	0.023	0	502
41621701	41621759	0	0	0	4363	0	0.1	0	503
28231888	28236469	0	0	0	184	0	0.031	0	504
21174276	21175018	0	0	0	7426	0	0.169	0	505
6237817	6237991	0	0	0	2282	0	0.063	0	506
16977690	16978320	0	0	0	916	0	0.038	0	507
5600883	-100	0	0	0	-100	0	0.2	0	
25983401	27613432	0	0	0	20	0	0.016	0	509
57597713	57603835	0	0	0	2707	0	0.1	0	51
23369012	23792608	0	0	0	1	0	0.016	0	510
47909378	47925466	0	0	0	142	0	0.031	0	511
14878174	-100	0	0	0	-100	0	0.241	0	
47908180	47919059	0	0	0	1195	0	0.051	0	513
17946143	-100	0	0	0	-100	0	0.234	0	
32702845	32703296	0	0	0	2	0	0.047	0	515
10950470	10955464	0	0	0	2328	0	0.053	0	516
48684592	53358444	0	0	0	7	0	0.016	0	517
10439354	10453380	0	0	0	331	0	0.047	0	518
19316982	34798914	0	0	0	5	0	0.053	0	519
21421835	-100	0	0	0	-100	0	0.201	0	
28585399	54469035	0	0	0	56	0	0.031	0	520
3101993	3341285	0	0	0	761	0	0.038	0	521
16972737	16973923	0	0	0	264	0	0.031	0	522
27982625	39737913	0	0	0	14	0	0.031	0	523
50794479	-100	0	0	0	-100	0	0.24	0	
12777862	14691373	0	0	0	178	0	0.01	0	525
8058871	27157896	0	0	0	8264	0	0.182	0	526
44758535	44781279	0	0	0	563	0	0.02	0	527
31650860	-100	0	0	0	-100	0	0.214	0	
12409990	-100	0	0	0	-100	0	0.181	0	
59693311	59700663	0	0	0	1	0	0.061	0	53
6484457	6499790	0	0	0	145	0	0.01	0	530
4911107	-100	0	0	0	-100	0	0.232	0	
13823530	20445771	0	0	0	188	0	0.02	0	532
7007704	7016710	0	0	0	87	0	0.02	0	533
1240322	-100	0	0	0	-100	0	0.242	0	
5615146	8801486	0	0	0	295	0	0.02	0	535
16444439	16445785	0	0	0	1720	0	0.069	0	536
6169066	-100	0	0	0	-100	0	0.241	0	
2824291	2827992	0	0	0	1	0	0.013	0	538
61532396	-100	0	0	0	-100	0	0.251	0	
7787959	7790943	0	0	0	38	0	0.02	0	54
14345256	14390302	0	0	0	1	0	0.039	0	540
29025075	29026626	0	0	0	104	0	0.03	0	541
16631904	16633972	0	0	0	25	0	0.022	0	542
16062246	17544628	0	0	0	447	0	0.051	0	544
62054388	62069628	0	0	0	1	0	0.03	0	545
59231143	59432704	0	0	0	2	0	0.03	0	546
19062341	25018202	0	0	0	956	0	0.041	0	547
9100764	-100	0	0	0	-100	0	0.231	0	
23521781	23536877	0	0	0	735	0	0.039	0	549
56546565	56555761	0	0	0	1	0	0.032	0	55
35314980	35334785	0	0	0	734	0	0.05	0	550
35314519	-100	0	0	0	-100	0	0.25	0	
26401359	26542442	0	0	0	1	0	0.026	0	552
5644412	-100	0	0	0	-100	0	0.116	0	
43702337	43702562	0	0	0	2	0	0.047	0	554
8050747	8052833	0	0	0	951	0	0.038	0	555
48420586	52726965	0	0	0	1	0	0.015	0	556
10351423	-100	0	0	0	-100	0	0.248	0	
25351381	25354623	0	0	0	3	0	0.053	0	558
26399357	26605470	0	0	0	254	0	0.016	0	559
51827622	51859071	0	0	0	1	0	0.047	0	56
31117682	-100	0	0	0	-100	0	0.23	0	
30526802	30639980	0	0	0	3	0	0.04	0	561
2939061	2941898	0	0	0	102	0	0.02	0	562
46845065	46845815	0	0	0	7645	0	0.19	0	563
13336744	13337696	0	0	0	4	0	0.02	0	564
2845340	3327832	0	0	0	16	0	0.03	0	565
60474786	-100	0	0	0	-100	0	0.222	0	
37061770	37062141	0	0	0	2223	0	0.063	0	567
10185634	51751753	0	0	0	15	0	0.04	0	568
7520174	7561604	0	0	0	5295	0	0.151	0	569
55495976	55546877	0	0	0	3	0	0.041	0	57
24821550	-100	0	0	0	-100	0	0.229	0	
4546614	5422242	0	0	0	132	0	0.013	0	571
40025195	40072875	0	0	0	1	0	0.02	0	572
18004904	18031974	0	0	0	1300	0	0.06	0	573
14858642	38426584	0	0	0	3287	0	0.099	0	574
25868547	25870734	0	0	0	40	0	0.02	0	575
14858495	15659790	0	0	0	2	0	0.012	0	576
41808736	42121396	0	0	0	1	0	0.011	0	577
43693742	-100	0	0	0	-100	0	0.231	0	
32158253	32182247	0	0	0	8	0	0.019	0	579
7337992	8200582	0	0	0	230	0	0.032	0	58
22721027	28310865	0	0	0	98	0	0.03	0	580
32682273	32704222	0	0	0	1759	0	0.058	0	581
427297	10137430	0	0	0	496	0	0.053	0	582
12234093	12234354	0	0	0	1	0	0.03	0	583
40545620	52352449	0	0	0	92	0	0.02	0	584
5416590	5418275	0	0	0	1	0	0.03	0	585
6200612	6584121	0	0	0	967	0	0.031	0	586
23889469	23895868	0	0	0	2	0	0.04	0	587
378574	-100	0	0	0	-100	0	0.222	0	
33728581	33728882	0	0	0	3969	0	0.121	0	589
10929366	10941763	0	0	0	3	0	0.018	0	59
47883508	47901006	0	0	0	2237	0	0.072	0	590
56271660	56322476	0	0	0	2673	0	0.091	0	591
14328475	-100	0	0	0	-100	0	0.2	0	
45259259	45261449	0	0	0	71	0	0.022	0	593
26553350	-100	0	0	0	-100	0	0.252	0	
43687811	43697754	0	0	0	102	0	0.028	0	595
28482648	-100	0	0	0	-100	0	0.234	0	
48405226	48446624	0	0	0	50	0	0.049	0	597
19044475	19047370	0	0	0	1	0	0.012	0	598
3442529	4888667	0	0	0	13	0	0.04	0	599
29862711	29863919	0	0	0	1	0	0.038	0	6
37560463	-100	0	0	0	-100	0	0.253	0	
16630176	16630770	0	0	0	78	0	0.04	0	600
5412681	-100	0	0	0	-100	0	0.222	0	
55908755	-100	0	0	0	-100	0	0.241	0	
3930053	4019181	0	0	0	1	0	0.033	0	604
56589029	58888554	0	0	0	44	0	0.018	0	605
28871719	-100	0	0	0	-100	0	0.252	0	
15895686	16147533	0	0	0	11	0	0.032	0	607
3892063	6706051	0	0	0	728	0	0.02	0	608
10730556	17468374	0	0	0	6681	0	0.172	0	609
3588907	-100	0	0	0	-100	0	0.221	0	
11701179	-100	0	0	0	-100	0	0.222	0	
23235355	23235855	0	0	0	1	0	0.02	0	611
14401516	15370910	0	0	0	1	0	0.01	0	612
6574999	11700835	0	0	0	264	0	0.01	0	613
17006340	25675750	0	0	0	112	0	0.021	0	614
12536668	13797778	0	0	0	1091	0	0.048	0	615
34691210	34769194	0	0	0	216	0	0.02	0	616
7506194	9429874	0	0	0	2083	0	0.051	0	617
29525885	29527104	0	0	0	5138	0	0.141	0	618
52871936	53421253	0	0	0	13	0	0.012	0	62
1969374	3118699	0	0	0	306	0	0.04	0	620
42632702	42641706	0	0	0	1	0	0.02	0	621
57312749	58557233	0	0	0	87	0	0.051	0	622
13307111	35816644	0	0	0	84	0	0.04	0	623
3499173	-100	0	0	0	-100	0	0.252	0	
21660829	-100	0	0	0	-100	0	0.232	0	
21248904	35851049	0	0	0	1	0	0.031	0	626
55717029	55738873	0	0	0	1	0	0.05	0	627
3857081	-100	0	0	0	-100	0	0.232	0	
47629049	47629400	0	0	0	255	0	0.05	0	63
52592548	58693002	0	0	0	1	0	0.01	0	630
17948543	49572417	0	0	0	5	0	0.029	0	631
21173231	26123524	0	0	0	2	0	0.032	0	632
9598587	9599008	0	0	0	8	0	0.02	0	633
32667030	-100	0	0	0	-100	0	0.222	0	
1209604	14136714	0	0	0	769	0	0.058	0	635
6975416	-100	0	0	0	-100	0	0.234	0	
30568069	-100	0	0	0	-100	0	0.212	0	
31090982	33494092	0	0	0	4	0	0.04	0	638
3135530	-100	0	0	0	-100	0	0.242	0	
10404161	10474648	0	0	0	2252	0	0.061	0	64
8021866	-100	0	0	0	-100	0	0.231	0	
681115	1937581	0	0	0	1155	0	0.061	0	641
12215356	-100	0	0	0	-100	0	0.239	0	
34235369	34235935	0	0	0	7021	0	0.178	0	643
47431299	55206672	0	0	0	1	0	0.0	0	644
2253543	35456122	0	0	0	2	0	0.043	0	645
42099363	-100	0	0	0	-100	0	0.243	0	
23749279	23959337	0	0	0	3	0	0.047	0	647
37862126	51775962	0	0	0	1	0	0.015	0	648
20280104	20422497	0	0	0	1182	0	0.054	0	649
20364384	20365368	0	0	0	718	0	0.047	0	65
40302105	43147584	0	0	0	13	0	0.037	0	650
6173455	16508225	0	0	0	4	0	0.016	0	651
59399906	-100	0	0	0	-100	0	0.232	0	
29640839	-100	0	0	0	-100	0	0.235	0	
11689226	21903264	0	0	0	6352	0	0.141	0	654
54678804	-100	0	0	0	-100	0	0.242	0	
17579449	35281870	0	0	0	263	0	0.02	0	656
39829255	40524707	0	0	0	2	0	0.041	0	657
12870803	12879484	0	0	0	1	0	0.04	0	658
9353938	9379261	0	0	0	9	0	0.008	0	66
52164954	53865862	0	0	0	1	0	0.012	0	661
46279119	46291778	0	0	0	1	0	0.03	0	662
7540261	-100	0	0	0	-100	0	0.222	0	
47339760	53127069	0	0	0	1	0	0.03	0	664
2035325	2048022	0	0	0	1	0	0.01	0	665
34756244	-100	0	0	0	-100	0	0.232	0	
38055561	38295832	0	0	0	1	0	0.01	0	667
30561481	-100	0	0	0	-100	0	0.242	0	
47862871	-100	0	0	0	-100	0	0.22	0	
59684747	59703413	0	0	0	2581	0	0.073	0	67
23745468	23746403	0	0	0	47	0	0.038	0	670
15356766	15506402	0	0	0	12	0	0.05	0	671
30560855	30563782	0	0	0	718	0	0.022	0	672
10113317	10129180	0	0	0	53	0	0.011	0	673
259719	19629379	0	0	0	5	0	0.028	0	674
2074527	8239600	0	0	0	108	0	0.022	0	675
6710236	-100	0	0	0	-100	0	0.232	0	
16927479	18177208	0	0	0	390	0	0.018	0	677
2370968	11684442	0	0	0	1119	0	0.07	0	678
12730493	12732723	0	0	0	1	0	0.023	0	679
24033110	-100	0	0	0	-100	0	0.242	0	
53626874	54387226	0	0	0	128	0	0.02	0	680
35800232	41324164	0	0	0	34	0	0.018	0	681
10634058	28999337	0	0	0	182	0	0.02	0	682
45522014	48907055	0	0	0	176	0	0.02	0	683
4686953	-100	0	0	0	-100	0	0.224	0	
24027918	24265115	0	0	0	87	0	0.039	0	685
6242591	21227585	0	0	0	68	0	0.04	0	686
27410730	27412192	0	0	0	2263	0	0.083	0	687
9659233	15111887	0	0	0	24	0	0.048	0	688
24413929	30819934	0	0	0	557	0	0.032	0	689
34748981	43411261	0	0	0	16	0	0.02	0	690
20592116	-100	0	0	0	-100	0	0.242	0	
32952124	58340588	0	0	0	4480	0	0.111	0	693
27226055	41628499	0	0	0	10	0	0.01	0	694
34331370	42086485	0	0	0	15	0	0.018	0	695
47886025	48959047	0	0	0	1040	0	0.043	0	696
14087076	21638724	0	0	0	504	0	0.03	0	697
26357052	26365537	0	0	0	1	0	0.02	0	698
7730560	16395367	0	0	0	375	0	0.01	0	699
54435397	-100	0	0	0	-100	0	0.217	0	
56014349	56034507	0	0	0	184	0	0.031	0	70
2045850	3467624	0	0	0	1	0	0.031	0	700
22430473	22434435	0	0	0	1	0	0.022	0	701
25626375	46650151	0	0	0	841	0	0.063	0	702
13249018	-100	0	0	0	-100	0	0.24	0	
15870319	15870709	0	0	0	2184	0	0.071	0	704
22161186	28491237	0	0	0	1	0	0.03	0	705
8722295	40192229	0	0	0	357	0	0.01	0	706
664332	-100	0	0	0	-100	0	0.239	0	
36840184	-100	0	0	0	-100	0	0.0	0	
30548490	-100	0	0	0	-100	0	0.216	0	
13075449	24074220	0	0	0	53	0	0.031	0	71
14295509	14300868	0	0	0	3218	0	0.101	0	710
18089543	18218051	0	0	0	1	0	0.015	0	712
13988225	-100	0	0	0	-100	0	0.251	0	
33168646	36325128	0	0	0	6	0	0.031	0	714
15519202	-100	0	0	0	-100	0	0.251	0	
33692591	-100	0	0	0	-100	0	0.238	0	
26071097	-100	0	0	0	-100	0	0.232	0	
32643803	32644935	0	0	0	1049	0	0.047	0	718
15901091	-100	0	0	0	-100	0	0.223	0	
30322925	30392752	0	0	0	1201	0	0.031	0	72
33752165	43324462	0	0	0	12	0	0.031	0	720
53690076	-100	0	0	0	-100	0	0.27	0	
10342738	-100	0	0	0	-100	0	0.263	0	
30545555	30556227	0	0	0	1	0	0.006	0	723
52308258	54138413	0	0	0	3	0	0.016	0	724
32311109	48370879	0	0	0	2	0	0.031	0	725
27398989	43862282	0	0	0	8	0	0.016	0	726
46797422	-100	0	0	0	-100	0	0.301	0	
37837710	37884448	0	0	0	4	0	0.0	0	728
43127227	43128797	0	0	0	34	0	0.038	0	729
29798332	29820777	0	0	0	171	0	0.015	0	73
47557998	48012080	0	0	0	822	0	0.063	0	730
5377798	-100	0	0	0	-100	0	0.255	0	
3804876	3811232	0	0	0	175	0	0.041	0	733
5964407	5979043	0	0	0	1	0	0.04	0	734
6041511	-100	0	0	0	-100	0	0.25	0	
31830077	34072929	0	0	0	449	0	0.022	0	736
3957584	-100	0	0	0	-100	0	0.252	0	
10514019	-100	0	0	0	-100	0	0.23	0	
52423705	56756109	0	0	0	1	0	0.021	0	739
9349318	9351015	0	0	0	284	0	0.02	0	74
16705425	-100	0	0	0	-100	0	0.01	0	
5573211	44697218	0	0	0	10	0	0.031	0	741
12682660	-100	0	0	0	-100	0	0.242	0	
14288327	14330815	0	0	0	5788	0	0.161	0	743
7288081	7472550	0	0	0	8	0	0.018	0	744
40534557	57803785	0	0	0	2589	0	0.081	0	745
35259078	-100	0	0	0	-100	0	0.232	0	
38937525	38975742	0	0	0	53	0	0.02	0	747
29333291	-100	0	0	0	-100	0	0.224	0	
10092771	-100	0	0	0	-100	0	0.222	0	
2534455	-100	0	0	0	-100	0	0.211	0	
20729067	22888096	0	0	0	1	0	0.039	0	750
9568407	-100	0	0	0	-100	0	0.224	0	
21102401	21103753	0	0	0	2	0	0.02	0	752
28135954	-100	0	0	0	-100	0	0.222	0	
38927628	38928140	0	0	0	1	0	0.02	0	754
52558815	52563301	0	0	0	4	0	0.02	0	755
28022131	-100	0	0	0	-100	0	0.212	0	
2856530	4848227	0	0	0	160	0	0.01	0	757
36386337	41440352	0	0	0	7	0	0.018	0	758
49236104	49253098	0	0	0	12	0	0.02	0	759
11971527	12004567	0	0	0	1	0	0.022	0	76
22672021	22673658	0	0	0	1520	0	0.071	0	760
5526457	-100	0	0	0	-100	0	0.232	0	
3581870	18754062	0	0	0	16	0	0.03	0	762
33927167	-100	0	0	0	-100	0	0.25	0	
46049531	-100	0	0	0	-100	0	0.264	0	
9865573	46539366	0	0	0	58	0	0.058	0	771
23196141	54643704	0	0	0	288	0	0.051	0	772
31654899	34205913	0	0	0	1756	0	0.052	0	773
21622946	21629922	0	0	0	247	0	0.031	0	774
27838025	28438438	0	0	0	16	0	0.03	0	775
23719758	-100	0	0	0	-100	0	0.242	0	
23478701	23479129	0	0	0	171	0	0.058	0	777
16170388	43885628	0	0	0	73	0	0.022	0	778
51816646	51817626	0	0	0	4556	0	0.142	0	78
3580883	-100	0	0	0	-100	0	0.241	0	
38251605	38489775	0	0	0	557	0	0.041	0	782
1389431	9412126	0	0	0	2	0	0.04	0	783
21621211	-100	0	0	0	-100	0	0.22	0	
17426899	21828937	0	0	0	1	0	0.012	0	785
45459125	-100	0	0	0	-100	0	0.202	0	
13507779	-100	0	0	0	-100	0	0.222	0	
36086846	36283986	0	0	0	621	0	0.018	0	788
46261613	-100	0	0	0	-100	0	0.224	0	
14067212	14068446	0	0	0	1208	0	0.05	0	79
6595183	-100	0	0	0	-100	0	0.242	0	
1172327	2611363	0	0	0	9265	0	0.212	0	791
23880928	33870439	0	0	0	57	0	0.02	0	792
38919165	38928973	0	0	0	39	0	0.018	0	794
10607373	10607539	0	0	0	102	0	0.032	0	796
34162156	34200164	0	0	0	10	0	0.021	0	797
184365	9818202	0	0	0	14	0	0.03	0	798
24236002	24236603	0	0	0	6	0	0.04	0	799
40339101	40339468	0	0	0	22	0	0.039	0	8
21407213	21409112	0	0	0	7675	0	0.183	0	80
4837830	-100	0	0	0	-100	0	0.24	0	
21090333	-100	0	0	0	-100	0	0.222	0	
24956272	35006818	0	0	0	728	0	0.04	0	802
14274274	-100	0	0	0	-100	0	0.224	0	
12701358	12702002	0	0	0	1494	0	0.071	0	804
11437650	15322548	0	0	0	5579	0	0.131	0	805
26003063	44290519	0	0	0	485	0	0.02	0	806
4836401	4836504	0	0	0	9	0	0.03	0	807
7457802	-100	0	0	0	-100	0	0.212	0	
9184695	31050716	0	0	0	26	0	0.04	0	809
41853612	-100	0	0	0	-100	0	0.242	0	
42948344	42956679	0	0	0	173	0	0.018	0	810
37355063	37363417	0	0	0	153	0	0.043	0	811
54206286	55301299	0	0	0	63	0	0.04	0	812
41010706	-100	0	0	0	-100	0	0.25	0	
11883575	11885169	0	0	0	2943	0	0.1	0	814
38388764	38471609	0	0	0	4993	0	0.131	0	815
32203564	32256969	0	0	0	1677	0	0.059	0	816
1262083	2031385	0	0	0	687	0	0.012	0	817
9194281	-100	0	0	0	-100	0	0.212	0	
7455279	10762538	0	0	0	2391	0	0.07	0	819
3579744	3601954	0	0	0	74	0	0.039	0	82
46776745	46778066	0	0	0	1342	0	0.04	0	820
23183647	23184567	0	0	0	1450	0	0.063	0	821
22659345	33158328	0	0	0	86	0	0.04	0	822
38912185	38913983	0	0	0	756	0	0.03	0	823
26174267	28658891	0	0	0	77	0	0.02	0	824
16031589	-100	0	0	0	-100	0	0.222	0	
48348871	48469757	0	0	0	7737	0	0.17	0	826
1386593	-100	0	0	0	-100	0	0.242	0	
17415608	20628957	0	0	0	16	0	0.022	0	828
21967301	22133863	0	0	0	181	0	0.02	0	829
3130598	-100	0	0	0	-100	0	0.222	0	
6249059	6287770	0	0	0	7021	0	0.181	0	830
46775200	46825774	0	0	0	60	0	0.018	0	831
20035666	20035799	0	0	0	41	0	0.022	0	832
13187927	13219921	0	0	0	1	0	0.051	0	833
46597383	51993908	0	0	0	74	0	0.04	0	834
16440904	-100	0	0	0	-100	0	0.222	0	
17270935	-100	0	0	0	-100	0	0.242	0	
25801686	25850777	0	0	0	20	0	0.03	0	837
39833496	45200047	0	0	0	630	0	0.04	0	838
10765699	10766387	0	0	0	5844	0	0.142	0	839
5531665	5577236	0	0	0	1	0	0.03	0	84
45199599	53172288	0	0	0	24	0	0.03	0	840
6959120	17029917	0	0	0	14	0	0.04	0	841
43589	39438496	0	0	0	49	0	0.039	0	842
22654363	-100	0	0	0	-100	0	0.254	0	
10145259	53063059	0	0	0	128	0	0.028	0	844
18086094	20032717	0	0	0	1	0	0.022	0	845
10841847	-100	0	0	0	-100	0	0.232	0	
20380245	20555763	0	0	0	3	0	0.02	0	847
6666791	6680164	0	0	0	5453	0	0.149	0	848
7720138	-100	0	0	0	-100	0	0.174	0	
14115028	14364950	0	0	0	2	0	0.01	0	85
1488267	-100	0	0	0	-100	0	0.252	0	
35798048	50541560	0	0	0	1	0	0.038	0	851
22459155	23700422	0	0	0	81	0	0.013	0	852
38380193	38590194	0	0	0	3	0	0.018	0	853
30916271	-100	0	0	0	-100	0	0.221	0	
12165649	-100	0	0	0	-100	0	0.263	0	
10731877	-100	0	0	0	-100	0	0.238	0	
23699484	-100	0	0	0	-100	0	0.243	0	
41395252	54915084	0	0	0	4170	0	0.121	0	858
1678981	1678989	0	0	0	1	0	0.02	0	859
14606970	-100	0	0	0	-100	0	0.25	0	
5435310	19563167	0	0	0	239	0	0.032	0	860
34184630	34215854	0	0	0	1	0	0.028	0	861
55680376	55680953	0	0	0	1	0	0.022	0	862
5348721	8633540	0	0	0	9	0	0.0	0	863
7969926	22203960	0	0	0	11	0	0.021	0	864
31492051	-100	0	0	0	-100	0	0.251	0	
7980741	10106052	0	0	0	2	0	0.011	0	867
39426200	51493658	0	0	0	2451	0	0.06	0	868
35189328	-100	0	0	0	-100	0	0.242	0	
28743196	-100	0	0	0	-100	0	0.212	0	
8263293	18158487	0	0	0	448	0	0.038	0	870
2937466	-100	0	0	0	-100	0	0.233	0	
33114843	-100	0	0	0	-100	0	0.212	0	
10709787	13210447	0	0	0	1	0	0.04	0	873
3026134	-100	0	0	0	-100	0	0.222	0	
26317300	28272443	0	0	0	1	0	0.04	0	875
22299294	-100	0	0	0	-100	0	0.232	0	
15803441	25268050	0	0	0	9	0	0.04	0	877
4822914	15064814	0	0	0	1	0	0.041	0	878
10871939	-100	0	0	0	-100	0	0.211	0	
7779408	11955723	0	0	0	30	0	0.049	0	88
4367861	4368107	0	0	0	1	0	0.042	0	880
3106737	47810114	0	0	0	58	0	0.02	0	881
7438324	12230252	0	0	0	81	0	0.05	0	882
19496642	-100	0	0	0	-100	0	0.222	0	
6227000	6227611	0	0	0	5530	0	0.154	0	884
2719012	-100	0	0	0	-100	0	0.232	0	
29981882	-100	0	0	0	-100	0	0.232	0	
2153062	18019976	0	0	0	5	0	0.037	0	887
49037109	49216555	0	0	0	1	0	0.047	0	888
46240576	46240903	0	0	0	394	0	0.016	0	889
39228296	39233991	0	0	0	1064	0	0.069	0	89
7179216	26099849	0	0	0	17	0	0.047	0	890
521418	10102225	0	0	0	27	0	0.037	0	891
1565775	-100	0	0	0	-100	0	0.217	0	
12154830	12170518	0	0	0	40	0	0.015	0	893
33410175	-100	0	0	0	-100	0	0.254	0	
23519227	23522091	0	0	0	1	0	0.031	0	895
4325956	-100	0	0	0	-100	0	0.286	0	
646195	13483614	0	0	0	260	0	0.062	0	897
1488033	15575405	0	0	0	312	0	0.038	0	898
53048413	53050736	0	0	0	1849	0	0.069	0	899
5732990	-100	0	0	0	-100	0	0.313	0	
5149525	8364358	0	0	0	764	0	0.078	0	90
46342798	-100	0	0	0	-100	0	0.284	0	
9801908	-100	0	0	0	-100	0	0.29	0	
2191367	10260314	0	0	0	1	0	0.042	0	903
53622856	53667817	0	0	0	73	0	0.02	0	904
4288359	-100	0	0	0	-100	0	0.262	0	
17966493	24042894	0	0	0	1485	0	0.08	0	906
29991254	54738875	0	0	0	8628	0	0.234	0	907
15297551	15336963	0	0	0	1	0	0.038	0	908
26831818	26846739	0	0	0	43	0	0.012	0	909
14586189	14588444	0	0	0	33	0	0.028	0	91
3838288	-100	0	0	0	-100	0	0.264	0	
2714342	2719584	0	0	0	191	0	0.03	0	911
1895683	8481501	0	0	0	8106	0	0.171	0	912
26549120	34874485	0	0	0	91	0	0.02	0	913
18297161	35219537	0	0	0	1	0	0.021	0	914
39025977	-100	0	0	0	-100	0	0.242	0	
5351659	-100	0	0	0	-100	0	0.251	0	
7955968	8264579	0	0	0	1	0	0.0	0	917
2374567	9388245	0	0	0	204	0	0.021	0	918
13468754	13471913	0	0	0	22	0	0.05	0	919
40797142	40799723	0	0	0	1	0	0.058	0	92
38363250	38381969	0	0	0	2435	0	0.103	0	920
38752336	43191129	0	0	0	87	0	0.05	0	921
23145245	-100	0	0	0	-100	0	0.272	0	
38887186	-100	0	0	0	-100	0	0.221	0	
6381270	-100	0	0	0	-100	0	0.242	0	
1662337	-100	0	0	0	-100	0	0.222	0	
16341655	35372094	0	0	0	2	0	0.01	0	926
19126860	56415163	0	0	0	12	0	0.039	0	927
1184628	23681582	0	0	0	1506	0	0.062	0	928
7047426	-100	0	0	0	-100	0	0.25	0	
45514720	45516555	0	0	0	1	0	0.02	0	93
22427043	-100	0	0	0	-100	0	0.224	0	
49744010	50419736	0	0	0	300	0	0.02	0	931
21249545	-100	0	0	0	-100	0	0.242	0	
101935	1274173	0	0	0	7	0	0.041	0	933
54853306	60904370	0	0	0	32	0	0.02	0	934
52746698	56709972	0	0	0	1	0	0.01	0	935
22631026	24830183	0	0	0	5	0	0.03	0	936
2183486	8123998	0	0	0	1	0	0.041	0	937
1205751	2811797	0	0	0	70	0	0.01	0	938
5667526	5668561	0	0	0	9298	0	0.222	0	94
22355828	22694289	0	0	0	89	0	0.03	0	940
36785381	-100	0	0	0	-100	0	0.222	0	
56708214	56711056	0	0	0	6	0	0.01	0	942
9225632	-100	0	0	0	-100	0	0.232	0	
46746230	47439653	0	0	0	5	0	0.02	0	944
9020433	-100	0	0	0	-100	0	0.252	0	
2840755	-100	0	0	0	-100	0	0.252	0	
14763979	15552991	0	0	0	912	0	0.061	0	947
6695756	6697161	0	0	0	250	0	0.03	0	948
31541066	31678319	0	0	0	8780	0	0.202	0	949
51016324	-100	0	0	0	-100	0	0.232	0	
15816024	15829952	0	0	0	147	0	0.05	0	950
2180163	18136064	0	0	0	8	0	0.02	0	951
3752609	25545696	0	0	0	40	0	0.018	0	952
46744068	46744901	0	0	0	1	0	0.023	0	953
36947844	-100	0	0	0	-100	0	0.222	0	
22102004	22106820	0	0	0	6	0	0.03	0	956
13201579	13208172	0	0	0	1	0	0.03	0	957
26295494	26300396	0	0	0	105	0	0.008	0	958
12663783	-100	0	0	0	-100	0	0.244	0	
58095070	58096365	0	0	0	5771	0	0.131	0	96
6896587	19205726	0	0	0	11	0	0.01	0	960
5937484	34878681	0	0	0	2022	0	0.079	0	961
59325784	59353210	0	0	0	764	0	0.053	0	962
40601866	58417417	0	0	0	59	0	0.03	0	963
42547684	-100	0	0	0	-100	0	0.222	0	
2372624	3889486	0	0	0	4511	0	0.141	0	965
8243503	16120641	0	0	0	1	0	0.0	0	966
8242922	10041200	0	0	0	4	0	0.0	0	967
10301041	-100	0	0	0	-100	0	0.242	0	
2279337	-100	0	0	0	-100	0	0.212	0	
5535514	-100	0	0	0	-100	0	0.272	0	
25273980	31535380	0	0	0	13	0	0.04	0	971
4796384	-100	0	0	0	-100	0	0.242	0	
21886257	21902817	0	0	0	1175	0	0.04	0	973
4835849	-100	0	0	0	-100	0	0.232	0	
3777765	10791540	0	0	0	61	0	0.01	0	975
6893194	-100	0	0	0	-100	0	0.232	0	
28912684	-100	0	0	0	-100	0	0.26	0	
1797510	10958491	0	0	0	760	0	0.012	0	979
20869304	20870543	0	0	0	1	0	0.031	0	98
21470405	-100	0	0	0	-100	0	0.252	0	
49359589	49367509	0	0	0	190	0	0.05	0	981
29960463	31746675	0	0	0	5503	0	0.129	0	982
16328894	-100	0	0	0	-100	0	0.224	0	
8464327	39216072	0	0	0	1	0	0.03	0	984
47070600	47261385	0	0	0	266	0	0.05	0	985
50406958	50444572	0	0	0	65	0	0.02	0	986
33825065	33829118	0	0	0	1714	0	0.071	0	987
4098345	-100	0	0	0	-100	0	0.222	0	
15803852	15871992	0	0	0	7559	0	0.2	0	989
22439076	22441444	0	0	0	2	0	0.04	0	99
33628161	-100	0	0	0	-100	0	0.214	0	
749712	13215977	0	0	0	38	0	0.038	0	991
33629455	33651972	0	0	0	4248	0	0.123	0	992
6450810	-100	0	0	0	-100	0	0.232	0	
11638534	33628742	0	0	0	1	0	0.018	0	995
3220022	3944091	0	0	0	2971	0	0.073	0	996
23667178	31400916	0	0	0	5	0	0.048	0	997
11084209	13227658	0	0	0	1	0	0.031	0	998
23666904	54852697	0	0	0	138	0	0.012	0	999
