testPostId	trainPostId	TitleSim	BodySim	TagSim	LuceneHitRank	ProposedHitRank	lucene_hit_duration	Proposed_hit_duration	LuceneTestTrueLabel
6549791	6551806	0	0	0	88	0	0.166	0	1
23063520	51892382	0	0	0	61	0	0.073	0	10
61278669	-100	0	0	0	-100	0	0.429	0	
16376942	-100	0	0	0	-100	0	0.239	0	
38779944	43088282	0	0	0	2177	0	0.063	0	1001
33344259	-100	0	0	0	-100	0	0.226	0	
41470590	41582286	0	0	0	73	0	0.026	0	1003
4508119	52127154	0	0	0	15	0	0.007	0	1004
41077828	41105621	0	0	0	52	0	0.025	0	1008
52303316	-100	0	0	0	-100	0	0.256	0	
29308174	37685434	0	0	0	55	0	0.031	0	101
29269124	32039711	0	0	0	336	0	0.035	0	1010
33519285	-100	0	0	0	-100	0	0.271	0	
2849832	21022436	0	0	0	859	0	0.05	0	1012
31291004	-100	0	0	0	-100	0	0.222	0	
14676574	23970485	0	0	0	2	0	0.012	0	1015
4769124	-100	0	0	0	-100	0	0.236	0	
25487373	25740313	0	0	0	1	0	0.008	0	1017
4892108	7390126	0	0	0	23	0	0.028	0	1018
9243816	40179693	0	0	0	1	0	0.024	0	1019
52627048	52648687	0	0	0	1	0	0.02	0	102
36696312	-100	0	0	0	-100	0	0.25	0	
3669315	-100	0	0	0	-100	0	0.215	0	
15277480	-100	0	0	0	-100	0	0.22	0	
2429485	-100	0	0	0	-100	0	0.26	0	
6722643	34652792	0	0	0	42	0	0.03	0	1024
50381258	50401555	0	0	0	40	0	0.01	0	1025
61653399	61676227	0	0	0	2879	0	0.075	0	1026
18490942	-100	0	0	0	-100	0	0.212	0	
980149	981400	0	0	0	2913	0	0.08	0	1028
14170770	-100	0	0	0	-100	0	0.214	0	
29179035	-100	0	0	0	-100	0	0.233	0	
3541529	-100	0	0	0	-100	0	0.014	0	
31512485	33534115	0	0	0	4650	0	0.119	0	1034
3641737	-100	0	0	0	-100	0	0.235	0	
48283026	49397233	0	0	0	7214	0	0.18	0	1036
3560710	55098580	0	0	0	1	0	0.023	0	1037
48282811	48302501	0	0	0	731	0	0.031	0	1038
18666218	-100	0	0	0	-100	0	0.241	0	
14091203	14091855	0	0	0	1001	0	0.029	0	104
7912595	19535644	0	0	0	10	0	0.006	0	1040
46709752	46724902	0	0	0	1826	0	0.045	0	1041
9223153	-100	0	0	0	-100	0	0.237	0	
11126547	11149134	0	0	0	377	0	0.015	0	1043
163962	-100	0	0	0	-100	0	0.232	0	
18701798	24088373	0	0	0	2	0	0.012	0	1045
3992874	5056645	0	0	0	502	0	0.024	0	1046
5396413	-100	0	0	0	-100	0	0.228	0	
893841	21590507	0	0	0	427	0	0.018	0	1048
13954299	20232685	0	0	0	174	0	0.008	0	1049
59267797	-100	0	0	0	-100	0	0.224	0	
24688959	24706053	0	0	0	1	0	0.022	0	1050
11602136	-100	0	0	0	-100	0	0.209	0	
55955656	56408112	0	0	0	14	0	0.037	0	1052
9619774	-100	0	0	0	-100	0	0.204	0	
23377647	23389672	0	0	0	81	0	0.016	0	1054
20717180	-100	0	0	0	-100	0	0.29	0	
5345803	-100	0	0	0	-100	0	0.215	0	
51951195	-100	0	0	0	-100	0	0.212	0	
21089553	-100	0	0	0	-100	0	0.074	0	
7811656	7910666	0	0	0	127	0	0.009	0	1059
4129430	4163639	0	0	0	9	0	0.008	0	106
4571355	-100	0	0	0	-100	0	0.238	0	
308364	24765685	0	0	0	3	0	0.019	0	1061
22852717	22898881	0	0	0	1	0	0.014	0	1062
2860722	3983131	0	0	0	7	0	0.019	0	1063
29762813	-100	0	0	0	-100	0	0.208	0	
36749923	39920813	0	0	0	1	0	0.006	0	1065
20114685	52067502	0	0	0	15	0	0.021	0	1066
4764048	-100	0	0	0	-100	0	0.206	0	
24013832	-100	0	0	0	-100	0	0.207	0	
104952	-100	0	0	0	-100	0	0.224	0	
35586426	35587137	0	0	0	1	0	0.01	0	107
61869567	61873532	0	0	0	2533	0	0.08	0	1070
32551089	-100	0	0	0	-100	0	0.323	0	
40544480	40553609	0	0	0	1532	0	0.051	0	1072
2847410	2847734	0	0	0	1170	0	0.027	0	1073
2978096	2981724	0	0	0	3398	0	0.085	0	1074
49590038	-100	0	0	0	-100	0	0.222	0	
8433421	14857597	0	0	0	22	0	0.018	0	1076
56598489	-100	0	0	0	-100	0	0.217	0	
31301369	-100	0	0	0	-100	0	0.215	0	
40566994	40570886	0	0	0	33	0	0.01	0	108
30886056	30977618	0	0	0	34	0	0.017	0	1080
38487653	-100	0	0	0	-100	0	0.222	0	
7646512	26341494	0	0	0	3868	0	0.087	0	1082
14368525	-100	0	0	0	-100	0	0.217	0	
5123361	-100	0	0	0	-100	0	0.237	0	
642213	9743485	0	0	0	3	0	0.027	0	1092
7492180	-100	0	0	0	-100	0	0.224	0	
33860576	35558178	0	0	0	3	0	0.02	0	1094
1092561	-100	0	0	0	-100	0	0.213	0	
19442400	26670147	0	0	0	181	0	0.015	0	1096
35553999	-100	0	0	0	-100	0	0.228	0	
2897317	3091484	0	0	0	154	0	0.029	0	1098
35901417	35902965	0	0	0	2958	0	0.074	0	11
8071851	8081919	0	0	0	5	0	0.016	0	110
53151044	53151521	0	0	0	1	0	0.018	0	111
14738335	28955478	0	0	0	572	0	0.025	0	1119
17497801	17543093	0	0	0	139	0	0.019	0	112
25046418	25047109	0	0	0	521	0	0.025	0	1120
2506167	9526096	0	0	0	563	0	0.032	0	1121
26845249	26876967	0	0	0	6	0	0.01	0	1122
41463005	51423426	0	0	0	3514	0	0.098	0	1123
30781811	30976131	0	0	0	2050	0	0.061	0	1124
2770474	-100	0	0	0	-100	0	0.222	0	
22041699	42095280	0	0	0	1	0	0.024	0	1126
15826893	-100	0	0	0	-100	0	0.21	0	
13565594	-100	0	0	0	-100	0	0.222	0	
9863610	36910918	0	0	0	9050	0	0.202	0	1131
43105753	43106069	0	0	0	644	0	0.037	0	1132
43558745	-100	0	0	0	-100	0	0.216	0	
6783939	6784152	0	0	0	206	0	0.032	0	1134
6858524	19715144	0	0	0	72	0	0.008	0	1135
8169243	10213071	0	0	0	208	0	0.034	0	1136
57441890	62091548	0	0	0	1	0	0.001	0	1137
26519082	39966190	0	0	0	1313	0	0.054	0	1138
10454150	16033266	0	0	0	1	0	0.01	0	1139
48167985	-100	0	0	0	-100	0	0.235	0	
13295089	14472359	0	0	0	11	0	0.013	0	1140
44960715	44977868	0	0	0	3382	0	0.087	0	1141
16032789	16063402	0	0	0	594	0	0.045	0	1142
28405921	28408195	0	0	0	4588	0	0.1	0	1143
50897768	50898954	0	0	0	28	0	0.018	0	1144
58508771	59884174	0	0	0	180	0	0.015	0	1145
22746429	28918861	0	0	0	4765	0	0.123	0	1146
2663170	37639386	0	0	0	25	0	0.014	0	1147
5633784	-100	0	0	0	-100	0	0.267	0	
1459865	2925279	0	0	0	1	0	0.019	0	1149
58390998	-100	0	0	0	-100	0	0.211	0	
30993211	34644101	0	0	0	18	0	0.003	0	1151
27041788	27490165	0	0	0	2140	0	0.077	0	1152
1875830	1876179	0	0	0	201	0	0.02	0	1153
49289854	51834198	0	0	0	2547	0	0.077	0	1154
14730156	-100	0	0	0	-100	0	0.236	0	
61120228	61143922	0	0	0	52	0	0.018	0	1156
1613494	2259544	0	0	0	20	0	0.009	0	1157
10002082	-100	0	0	0	-100	0	0.203	0	
35701888	-100	0	0	0	-100	0	0.218	0	
32700265	32730915	0	0	0	1	0	0.022	0	116
41197021	41197139	0	0	0	641	0	0.019	0	1160
21143275	21143835	0	0	0	6262	0	0.162	0	1161
18182016	21356302	0	0	0	5	0	0.005	0	1162
15444418	15444503	0	0	0	3	0	0.022	0	1163
3726326	4234120	0	0	0	1470	0	0.034	0	1164
14457724	21480235	0	0	0	2106	0	0.051	0	1165
6123327	7254131	0	0	0	165	0	0.017	0	1166
15704276	15768405	0	0	0	2	0	0.003	0	1167
41720249	-100	0	0	0	-100	0	0.2	0	
7116610	7117069	0	0	0	1	0	0.014	0	1169
13586957	-100	0	0	0	-100	0	0.219	0	
30385900	39590272	0	0	0	249	0	0.025	0	1170
27564257	27662074	0	0	0	2468	0	0.067	0	1171
31814451	31866822	0	0	0	61	0	0.008	0	1172
33855611	33857489	0	0	0	69	0	0.006	0	1173
1693634	-100	0	0	0	-100	0	0.148	0	
34836104	-100	0	0	0	-100	0	0.234	0	
48273253	48341888	0	0	0	551	0	0.028	0	1176
21185634	-100	0	0	0	-100	0	0.229	0	
4807286	22654422	0	0	0	9368	0	0.209	0	1179
30110297	-100	0	0	0	-100	0	0.209	0	
10578359	-100	0	0	0	-100	0	0.215	0	
5355163	8230786	0	0	0	683	0	0.03	0	1181
33280217	-100	0	0	0	-100	0	0.235	0	
46961749	-100	0	0	0	-100	0	0.215	0	
21867222	49428082	0	0	0	1	0	0.02	0	1185
1212797	1213265	0	0	0	1	0	0.015	0	1186
33854388	38953523	0	0	0	725	0	0.032	0	1187
24155026	-100	0	0	0	-100	0	0.238	0	
38021595	46437172	0	0	0	2487	0	0.061	0	1189
29603018	-100	0	0	0	-100	0	0.205	0	
21936507	-100	0	0	0	-100	0	0.225	0	
4385806	4396754	0	0	0	503	0	0.013	0	1191
48131712	-100	0	0	0	-100	0	0.215	0	
55045367	-100	0	0	0	-100	0	0.206	0	
25915607	25958491	0	0	0	10	0	0.01	0	1194
29135201	42184288	0	0	0	3	0	0.013	0	1195
5957134	-100	0	0	0	-100	0	0.227	0	
11833571	-100	0	0	0	-100	0	0.228	0	
19269345	33553265	0	0	0	159	0	0.013	0	1198
39620802	39621098	0	0	0	1	0	0.012	0	1199
5109687	5109720	0	0	0	1624	0	0.07	0	12
50892964	-100	0	0	0	-100	0	0.201	0	
51282912	51284346	0	0	0	843	0	0.029	0	1201
840081	5541975	0	0	0	2	0	0.015	0	1202
6969465	6969584	0	0	0	67	0	0.037	0	1203
17862383	17920081	0	0	0	4	0	0.018	0	1204
11833070	15530460	0	0	0	64	0	0.016	0	1205
45990714	-100	0	0	0	-100	0	0.257	0	
14412846	-100	0	0	0	-100	0	0.249	0	
48835628	-100	0	0	0	-100	0	0.254	0	
9848423	16813653	0	0	0	717	0	0.044	0	1210
822750	8985548	0	0	0	326	0	0.033	0	1211
17204487	-100	0	0	0	-100	0	0.303	0	
46960015	46960774	0	0	0	186	0	0.016	0	1213
5541256	5542443	0	0	0	1	0	0.006	0	1214
46435719	50833730	0	0	0	33	0	0.017	0	1215
23629126	-100	0	0	0	-100	0	0.211	0	
8427691	23122555	0	0	0	545	0	0.027	0	1217
229924	11981434	0	0	0	40	0	0.012	0	1218
511768	40273809	0	0	0	9	0	0.034	0	1219
59437118	59464455	0	0	0	1	0	0.01	0	122
33343188	-100	0	0	0	-100	0	0.233	0	
1047200	9912873	0	0	0	8	0	0.026	0	1221
4242469	32288601	0	0	0	434	0	0.02	0	1222
18648069	42649007	0	0	0	1526	0	0.048	0	1223
728233	-100	0	0	0	-100	0	0.245	0	
1666802	-100	0	0	0	-100	0	0.197	0	
8424303	8424672	0	0	0	44	0	0.018	0	1226
2268478	16511925	0	0	0	21	0	0.014	0	1227
14578711	14582270	0	0	0	66	0	0.03	0	1228
33852194	-100	0	0	0	-100	0	0.207	0	
50261793	51372040	0	0	0	1	0	0.019	0	123
21400254	42979325	0	0	0	2	0	0.035	0	1230
4276493	26611481	0	0	0	3476	0	0.098	0	1231
6358375	23890539	0	0	0	58	0	0.007	0	1232
8891746	-100	0	0	0	-100	0	0.227	0	
46334463	47191531	0	0	0	3626	0	0.098	0	1234
21556868	24414707	0	0	0	1	0	0.022	0	1235
46737054	50629016	0	0	0	46	0	0.018	0	1236
6850807	56050322	0	0	0	1	0	0.008	0	1237
1607748	-100	0	0	0	-100	0	0.208	0	
61376375	61599629	0	0	0	1	0	0.03	0	1239
53407371	-100	0	0	0	-100	0	0.232	0	
19841328	19864735	0	0	0	1	0	0.034	0	1240
49317541	-100	0	0	0	-100	0	0.001	0	
1969579	13287963	0	0	0	24	0	0.009	0	1242
1274022	-100	0	0	0	-100	0	0.219	0	
17711655	21792347	0	0	0	21	0	0.031	0	1244
43550191	-100	0	0	0	-100	0	0.222	0	
13141542	-100	0	0	0	-100	0	0.223	0	
6240894	-100	0	0	0	-100	0	0.263	0	
8640351	8640644	0	0	0	77	0	0.003	0	1248
17012941	28100863	0	0	0	22	0	0.043	0	1249
27977851	27979067	0	0	0	98	0	0.029	0	125
7038797	-100	0	0	0	-100	0	0.288	0	
16826585	17220872	0	0	0	1	0	0.018	0	1251
12049352	21693841	0	0	0	6979	0	0.162	0	1252
27821106	-100	0	0	0	-100	0	0.233	0	
20632860	-100	0	0	0	-100	0	0.327	0	
927574	6228112	0	0	0	23	0	0.065	0	1257
18383698	-100	0	0	0	-100	0	0.323	0	
4752028	4753977	0	0	0	4895	0	0.13	0	1259
49117489	49227571	0	0	0	1	0	0.01	0	126
43811345	-100	0	0	0	-100	0	0.202	0	
9482912	17334786	0	0	0	737	0	0.018	0	1261
29561852	-100	0	0	0	-100	0	0.252	0	
56603575	56661801	0	0	0	7791	0	0.2	0	1263
24286173	28606941	0	0	0	1	0	0.013	0	1264
16468189	35019687	0	0	0	130	0	0.014	0	1265
16214768	22016259	0	0	0	8958	0	0.233	0	1266
3615724	5393997	0	0	0	422	0	0.04	0	1267
3440984	-100	0	0	0	-100	0	0.28	0	
2709124	4037525	0	0	0	1	0	0.003	0	1269
32504150	37458778	0	0	0	4	0	0.004	0	127
42762424	44468507	0	0	0	107	0	0.015	0	1270
22942255	-100	0	0	0	-100	0	0.257	0	
7937602	-100	0	0	0	-100	0	0.221	0	
33254054	33263734	0	0	0	194	0	0.013	0	1273
5386477	5386904	0	0	0	1	0	0.02	0	1274
17400137	28465121	0	0	0	181	0	0.009	0	1275
39354086	39396028	0	0	0	1	0	0.009	0	1276
8945327	-100	0	0	0	-100	0	0.289	0	
23892018	23970565	0	0	0	1	0	0.024	0	1278
49839428	49870730	0	0	0	737	0	0.04	0	1279
2287731	-100	0	0	0	-100	0	0.23	0	
55344174	55379852	0	0	0	1711	0	0.077	0	1280
3439589	47906066	0	0	0	2	0	0.028	0	1281
35160909	43809751	0	0	0	5498	0	0.222	0	1284
15235857	40409323	0	0	0	1143	0	0.049	0	1285
25893828	55396786	0	0	0	5913	0	0.224	0	1286
20583531	-100	0	0	0	-100	0	0.341	0	
32957830	32997699	0	0	0	602	0	0.05	0	1288
51883017	-100	0	0	0	-100	0	0.441	0	
50362849	59601840	0	0	0	165	0	0.073	0	1290
4567875	4568057	0	0	0	40	0	0.059	0	1291
2043381	2128307	0	0	0	1	0	0.047	0	1292
6168107	-100	0	0	0	-100	0	0.285	0	
5656664	6936124	0	0	0	5773	0	0.169	0	1294
6322245	6322364	0	0	0	1404	0	0.067	0	1295
145573	-100	0	0	0	-100	0	0.302	0	
5797837	5846934	0	0	0	7	0	0.023	0	1297
34602748	-100	0	0	0	-100	0	0.259	0	
49793818	49800593	0	0	0	15	0	0.015	0	13
55502417	55502720	0	0	0	1	0	0.021	0	130
16773789	21268558	0	0	0	13	0	0.011	0	1301
17440810	20813138	0	0	0	29	0	0.029	0	1302
40039303	57964217	0	0	0	21	0	0.024	0	1303
8453546	8681001	0	0	0	14	0	0.015	0	1304
28489762	28500533	0	0	0	28	0	0.049	0	1305
11826554	11832960	0	0	0	3839	0	0.094	0	1306
1935964	-100	0	0	0	-100	0	0.218	0	
23454793	-100	0	0	0	-100	0	0.247	0	
27342524	-100	0	0	0	-100	0	0.221	0	
41124382	-100	0	0	0	-100	0	0.231	0	
41448626	-100	0	0	0	-100	0	0.223	0	
11486622	11494403	0	0	0	3426	0	0.104	0	1311
684475	53854468	0	0	0	7	0	0.03	0	1312
179723	-100	0	0	0	-100	0	0.236	0	
36992039	36992569	0	0	0	1	0	0.014	0	1314
5988686	14080932	0	0	0	38	0	0.027	0	1315
2940367	-100	0	0	0	-100	0	0.258	0	
23622622	23644729	0	0	0	1	0	0.021	0	1317
10607215	-100	0	0	0	-100	0	0.051	0	
44593991	-100	0	0	0	-100	0	0.236	0	
31794709	-100	0	0	0	-100	0	0.156	0	
37969114	-100	0	0	0	-100	0	0.24	0	
6105994	44267673	0	0	0	164	0	0.02	0	1323
954945	-100	0	0	0	-100	0	0.212	0	
18552029	18589140	0	0	0	10	0	0.025	0	1325
24622472	-100	0	0	0	-100	0	0.221	0	
43192898	43283029	0	0	0	73	0	0.008	0	1327
13576055	20828907	0	0	0	1769	0	0.06	0	1328
235386	-100	0	0	0	-100	0	0.22	0	
34792403	34793392	0	0	0	7318	0	0.171	0	133
32534940	32535874	0	0	0	5838	0	0.145	0	1330
10724783	-100	0	0	0	-100	0	0.202	0	
2388196	2392932	0	0	0	67	0	0.021	0	1332
6873138	39648419	0	0	0	8223	0	0.195	0	1333
28521188	34616086	0	0	0	29	0	0.027	0	1335
7443222	8188401	0	0	0	3	0	0.019	0	1336
11996801	-100	0	0	0	-100	0	0.213	0	
14915752	-100	0	0	0	-100	0	0.213	0	
23621677	44182049	0	0	0	130	0	0.015	0	1340
57438217	57444893	0	0	0	48	0	0.016	0	1341
19427196	-100	0	0	0	-100	0	0.222	0	
15232758	15248944	0	0	0	2019	0	0.045	0	1343
15756960	51015016	0	0	0	720	0	0.03	0	1344
11759725	29845527	0	0	0	1416	0	0.036	0	1345
1804840	14503620	0	0	0	87	0	0.019	0	1346
25694780	-100	0	0	0	-100	0	0.209	0	
17113619	43019598	0	0	0	6138	0	0.139	0	1348
290034	-100	0	0	0	-100	0	0.22	0	
15392553	-100	0	0	0	-100	0	0.284	0	
256109	-100	0	0	0	-100	0	0.216	0	
49921271	58476766	0	0	0	1047	0	0.035	0	1351
8274451	33418029	0	0	0	6049	0	0.148	0	1352
14570347	17980387	0	0	0	67	0	0.024	0	1353
34277737	54417757	0	0	0	6818	0	0.165	0	1354
4671900	-100	0	0	0	-100	0	0.236	0	
37311006	40590216	0	0	0	2655	0	0.064	0	1356
44329583	-100	0	0	0	-100	0	0.227	0	
23970532	24457112	0	0	0	508	0	0.023	0	1358
7526853	31274869	0	0	0	978	0	0.042	0	1359
35315472	35315826	0	0	0	364	0	0.022	0	136
54188	8290768	0	0	0	250	0	0.026	0	1360
42317398	-100	0	0	0	-100	0	0.221	0	
18799904	19325552	0	0	0	1	0	0.019	0	137
8838095	8847504	0	0	0	3	0	0.03	0	138
61004055	-100	0	0	0	-100	0	0.272	0	
6800824	-100	0	0	0	-100	0	0.289	0	
4972470	4973077	0	0	0	1	0	0.03	0	140
40089204	44034633	0	0	0	23	0	0.007	0	142
16701108	-100	0	0	0	-100	0	0.226	0	
60387132	60472257	0	0	0	8065	0	0.187	0	144
4483366	4532263	0	0	0	1	0	0.035	0	1445
31221990	-100	0	0	0	-100	0	0.251	0	
3172571	3172699	0	0	0	929	0	0.059	0	1447
37513384	37515821	0	0	0	7619	0	0.2	0	1448
40040998	40828845	0	0	0	1	0	0.019	0	1449
59430481	59431398	0	0	0	195	0	0.026	0	145
34670375	34782217	0	0	0	1670	0	0.066	0	1451
26663	-100	0	0	0	-100	0	0.207	0	
1625105	-100	0	0	0	-100	0	0.224	0	
22821651	-100	0	0	0	-100	0	0.227	0	
9746748	-100	0	0	0	-100	0	0.227	0	
3317740	16592357	0	0	0	168	0	0.017	0	1458
26764813	26785787	0	0	0	5532	0	0.123	0	1459
44750040	44764944	0	0	0	1214	0	0.047	0	146
229069	-100	0	0	0	-100	0	0.227	0	
3571250	-100	0	0	0	-100	0	0.047	0	
21900237	-100	0	0	0	-100	0	0.221	0	
51930334	-100	0	0	0	-100	0	0.214	0	
52038186	-100	0	0	0	-100	0	0.209	0	
57959602	-100	0	0	0	-100	0	0.207	0	
4158900	4864866	0	0	0	91	0	0.013	0	1466
3661041	3661106	0	0	0	29	0	0.022	0	1467
23356308	23384840	0	0	0	3	0	0.005	0	1468
11459928	12084040	0	0	0	7	0	0.005	0	1469
59954327	-100	0	0	0	-100	0	0.226	0	
1038482	-100	0	0	0	-100	0	0.223	0	
35370901	35414755	0	0	0	1	0	0.021	0	1471
22569535	46802313	0	0	0	169	0	0.03	0	1472
4048749	45376006	0	0	0	2649	0	0.067	0	1473
46510531	46512248	0	0	0	6255	0	0.14	0	1474
19903338	-100	0	0	0	-100	0	0.228	0	
31186926	31294267	0	0	0	155	0	0.015	0	1477
669818	969232	0	0	0	802	0	0.038	0	1478
4610232	-100	0	0	0	-100	0	0.223	0	
8574022	-100	0	0	0	-100	0	0.202	0	
13918400	-100	0	0	0	-100	0	0.218	0	
24442836	24443065	0	0	0	133	0	0.027	0	1481
59779679	59793556	0	0	0	1	0	0.024	0	1482
2615162	-100	0	0	0	-100	0	0.277	0	
11048657	-100	0	0	0	-100	0	0.23	0	
3119929	4129023	0	0	0	913	0	0.039	0	1485
3318714	-100	0	0	0	-100	0	0.225	0	
19215027	19299508	0	0	0	1979	0	0.066	0	1487
12272666	-100	0	0	0	-100	0	0.219	0	
16014736	-100	0	0	0	-100	0	0.211	0	
29545214	29545315	0	0	0	284	0	0.018	0	149
9994421	9994789	0	0	0	93	0	0.015	0	1490
18663963	-100	0	0	0	-100	0	0.227	0	
514420	7693484	0	0	0	6703	0	0.163	0	1492
6653789	6806637	0	0	0	571	0	0.034	0	1493
6416385	-100	0	0	0	-100	0	0.221	0	
34301090	34301584	0	0	0	1	0	0.024	0	1495
13654927	48664631	0	0	0	8574	0	0.187	0	1496
6180012	9722632	0	0	0	18	0	0.011	0	1497
5424042	26383155	0	0	0	385	0	0.024	0	1498
13842411	-100	0	0	0	-100	0	0.227	0	
31691130	-100	0	0	0	-100	0	0.142	0	
4001736	4292352	0	0	0	1	0	0.006	0	1500
34054482	-100	0	0	0	-100	0	0.224	0	
60053973	61710818	0	0	0	30	0	0.029	0	1503
9580397	10850492	0	0	0	46	0	0.019	0	1504
35626511	55073202	0	0	0	928	0	0.052	0	1505
3692954	3767869	0	0	0	89	0	0.007	0	1506
3300525	-100	0	0	0	-100	0	0.232	0	
4741436	-100	0	0	0	-100	0	0.081	0	
10246444	42589496	0	0	0	309	0	0.029	0	1509
59428743	-100	0	0	0	-100	0	0.03	0	
26160465	-100	0	0	0	-100	0	0.208	0	
26681873	-100	0	0	0	-100	0	0.226	0	
2319381	-100	0	0	0	-100	0	0.24	0	
31710681	-100	0	0	0	-100	0	0.211	0	
34101244	-100	0	0	0	-100	0	0.225	0	
34215202	-100	0	0	0	-100	0	0.212	0	
51347773	-100	0	0	0	-100	0	0.231	0	
53750460	-100	0	0	0	-100	0	0.206	0	
38463980	-100	0	0	0	-100	0	0.21	0	
35835368	-100	0	0	0	-100	0	0.223	0	
38402133	38437533	0	0	0	17	0	0.015	0	1520
42448274	-100	0	0	0	-100	0	0.219	0	
20207372	20226270	0	0	0	1	0	0.021	0	1522
37976835	44324583	0	0	0	9	0	0.022	0	1523
6397501	6461621	0	0	0	1	0	0.029	0	1525
8935055	-100	0	0	0	-100	0	0.235	0	
4002757	23989823	0	0	0	4	0	0.018	0	1527
17772103	38682813	0	0	0	294	0	0.023	0	1528
1594803	1661154	0	0	0	852	0	0.029	0	1529
13589435	-100	0	0	0	-100	0	0.203	0	
55858425	55965469	0	0	0	34	0	0.007	0	1530
42892227	-100	0	0	0	-100	0	0.227	0	
41964745	-100	0	0	0	-100	0	0.205	0	
7361736	7502644	0	0	0	1	0	0.029	0	1533
47207621	-100	0	0	0	-100	0	0.236	0	
14815274	-100	0	0	0	-100	0	0.24	0	
40813022	-100	0	0	0	-100	0	0.211	0	
40773463	-100	0	0	0	-100	0	0.226	0	
12251368	-100	0	0	0	-100	0	0.258	0	
20436611	42005229	0	0	0	107	0	0.033	0	154
9458664	-100	0	0	0	-100	0	0.199	0	
1129176	8147911	0	0	0	3	0	0.005	0	1541
26760052	26789417	0	0	0	1	0	0.001	0	1542
32007188	57829861	0	0	0	58	0	0.007	0	1543
7238958	10774436	0	0	0	41	0	0.018	0	1544
5977542	10373788	0	0	0	11	0	0.007	0	1546
7642614	-100	0	0	0	-100	0	0.229	0	
48255276	-100	0	0	0	-100	0	0.226	0	
7522949	-100	0	0	0	-100	0	0.206	0	
6466010	-100	0	0	0	-100	0	0.22	0	
1487950	2904341	0	0	0	3261	0	0.071	0	1551
1855704	-100	0	0	0	-100	0	0.237	0	
30841015	30843930	0	0	0	1	0	0.015	0	1555
6016771	-100	0	0	0	-100	0	0.062	0	
55510	23829389	0	0	0	7615	0	0.178	0	1557
14176320	-100	0	0	0	-100	0	0.232	0	
32426161	-100	0	0	0	-100	0	0.212	0	
9842938	14878121	0	0	0	753	0	0.045	0	1560
2914666	-100	0	0	0	-100	0	0.117	0	
59287937	-100	0	0	0	-100	0	0.235	0	
14792016	-100	0	0	0	-100	0	0.223	0	
12290451	43798283	0	0	0	224	0	0.033	0	1564
16456286	16535256	0	0	0	10	0	0.014	0	1565
4738768	55930726	0	0	0	3192	0	0.072	0	1566
8305863	-100	0	0	0	-100	0	0.205	0	
8304582	8581902	0	0	0	96	0	0.02	0	1569
40028595	40028967	0	0	0	169	0	0.013	0	157
30166644	30199249	0	0	0	5	0	0.026	0	1570
9944906	10008503	0	0	0	669	0	0.041	0	1571
7587595	39757354	0	0	0	1703	0	0.053	0	1572
282176	-100	0	0	0	-100	0	0.037	0	
52644921	-100	0	0	0	-100	0	0.213	0	
5527736	-100	0	0	0	-100	0	0.211	0	
756906	3749660	0	0	0	9	0	0.028	0	1576
33064955	-100	0	0	0	-100	0	0.304	0	
671714	2251394	0	0	0	2742	0	0.068	0	1579
54468330	-100	0	0	0	-100	0	0.24	0	
7863603	-100	0	0	0	-100	0	0.23	0	
9920973	9921590	0	0	0	192	0	0.015	0	1582
431469	14193620	0	0	0	3092	0	0.081	0	1583
5369790	-100	0	0	0	-100	0	0.22	0	
2640446	3694630	0	0	0	7461	0	0.168	0	1585
171213	42882349	0	0	0	4848	0	0.12	0	1588
2143022	-100	0	0	0	-100	0	0.23	0	
43174109	43484206	0	0	0	573	0	0.043	0	159
1155693	19941601	0	0	0	1797	0	0.05	0	1590
24398102	-100	0	0	0	-100	0	0.222	0	
54947367	-100	0	0	0	-100	0	0.206	0	
13991909	14024228	0	0	0	1	0	0.003	0	1593
27573928	32144976	0	0	0	152	0	0.008	0	1594
1180325	31394260	0	0	0	9	0	0.014	0	1596
461836	10095591	0	0	0	4	0	0.026	0	1597
58679610	58932938	0	0	0	97	0	0.031	0	1598
43009867	-100	0	0	0	-100	0	0.219	0	
61324712	-100	0	0	0	-100	0	0.224	0	
35834026	35848012	0	0	0	809	0	0.031	0	160
30189926	-100	0	0	0	-100	0	0.21	0	
57689726	57700049	0	0	0	181	0	0.016	0	1604
17076672	35468207	0	0	0	1	0	0.029	0	1605
3352838	8228072	0	0	0	1070	0	0.046	0	1606
24725152	57953599	0	0	0	131	0	0.01	0	1607
15746271	19133452	0	0	0	2	0	0.019	0	1608
29771146	-100	0	0	0	-100	0	0.215	0	
15648705	15656928	0	0	0	1	0	0.006	0	161
33154696	33576552	0	0	0	20	0	0.012	0	1610
42242202	49824962	0	0	0	191	0	0.026	0	1611
21185771	21251113	0	0	0	88	0	0.024	0	1612
33047452	33111252	0	0	0	6799	0	0.188	0	1613
665509	2638654	0	0	0	120	0	0.008	0	1614
2847729	2900785	0	0	0	1	0	0.022	0	1615
6248044	16182958	0	0	0	214	0	0.033	0	1617
7823480	7823524	0	0	0	1	0	0.003	0	1618
9469968	-100	0	0	0	-100	0	0.213	0	
21415700	52109274	0	0	0	96	0	0.019	0	162
4021981	-100	0	0	0	-100	0	0.212	0	
22561372	22587103	0	0	0	3	0	0.007	0	1621
3225386	26400352	0	0	0	62	0	0.034	0	1623
85122	13397571	0	0	0	147	0	0.022	0	1625
24776262	-100	0	0	0	-100	0	0.222	0	
21166675	-100	0	0	0	-100	0	0.215	0	
7904132	48013802	0	0	0	8	0	0.034	0	1628
23036965	23347437	0	0	0	4886	0	0.127	0	1629
3201273	-100	0	0	0	-100	0	0.253	0	
38027418	-100	0	0	0	-100	0	0.21	0	
30375750	-100	0	0	0	-100	0	0.028	0	
93260	10819398	0	0	0	7666	0	0.186	0	1634
2637700	2637714	0	0	0	1	0	0.004	0	1635
1588922	1592804	0	0	0	2	0	0.031	0	1636
27353026	27354200	0	0	0	1	0	0.005	0	1637
5625431	-100	0	0	0	-100	0	0.219	0	
11449617	18679838	0	0	0	4579	0	0.124	0	1639
32986874	32990900	0	0	0	215	0	0.019	0	164
52010883	-100	0	0	0	-100	0	0.215	0	
52357	33601886	0	0	0	222	0	0.012	0	1641
45787191	45891062	0	0	0	246	0	0.012	0	1642
39075223	39106893	0	0	0	1	0	0.013	0	1643
3663506	47960154	0	0	0	212	0	0.016	0	1644
48058545	-100	0	0	0	-100	0	0.204	0	
3161392	-100	0	0	0	-100	0	0.222	0	
58035752	58329033	0	0	0	137	0	0.013	0	1649
41076212	-100	0	0	0	-100	0	0.221	0	
49422595	49424340	0	0	0	3	0	0.004	0	1650
2746855	2830622	0	0	0	1	0	0.036	0	1651
7245404	21952386	0	0	0	785	0	0.032	0	1652
9472880	9743605	0	0	0	270	0	0.025	0	1653
23171894	41708018	0	0	0	1890	0	0.063	0	1654
4362831	6326805	0	0	0	987	0	0.039	0	1655
47725266	47726503	0	0	0	1960	0	0.062	0	1656
16267984	-100	0	0	0	-100	0	0.221	0	
6251889	-100	0	0	0	-100	0	0.213	0	
53978098	-100	0	0	0	-100	0	0.218	0	
61785434	61819277	0	0	0	1	0	0.008	0	166
580922	-100	0	0	0	-100	0	0.181	0	
24030116	-100	0	0	0	-100	0	0.236	0	
2419928	2495420	0	0	0	155	0	0.025	0	1662
31600600	-100	0	0	0	-100	0	0.218	0	
13445688	55379591	0	0	0	5328	0	0.137	0	1664
42030063	42031216	0	0	0	117	0	0.015	0	1665
12479663	-100	0	0	0	-100	0	0.203	0	
2529617	-100	0	0	0	-100	0	0.234	0	
28458616	28483250	0	0	0	27	0	0.02	0	1668
24131602	-100	0	0	0	-100	0	0.22	0	
1491362	7800460	0	0	0	8	0	0.007	0	167
859304	5550838	0	0	0	60	0	0.009	0	1670
43005771	43006702	0	0	0	528	0	0.015	0	1671
33204020	35927878	0	0	0	7549	0	0.188	0	1672
3046889	27049491	0	0	0	697	0	0.033	0	1673
33872026	-100	0	0	0	-100	0	0.213	0	
2698145	-100	0	0	0	-100	0	0.218	0	
3431434	47482921	0	0	0	340	0	0.011	0	1676
9507973	-100	0	0	0	-100	0	0.224	0	
13888368	22296058	0	0	0	1	0	0.009	0	1678
46746878	55730971	0	0	0	154	0	0.038	0	1680
5780918	-100	0	0	0	-100	0	0.232	0	
31146713	-100	0	0	0	-100	0	0.22	0	
92396	37368137	0	0	0	1378	0	0.04	0	1687
902095	-100	0	0	0	-100	0	0.233	0	
32078762	-100	0	0	0	-100	0	0.221	0	
57124571	57125253	0	0	0	1	0	0.062	0	169
29411486	29750946	0	0	0	4	0	0.012	0	1690
37490956	-100	0	0	0	-100	0	0.243	0	
4298408	-100	0	0	0	-100	0	0.227	0	
7562096	-100	0	0	0	-100	0	0.212	0	
9671749	20616958	0	0	0	462	0	0.023	0	1694
15181424	26489837	0	0	0	32	0	0.017	0	1695
5979442	5997723	0	0	0	1	0	0.02	0	1696
6436257	15741811	0	0	0	9	0	0.03	0	1697
52105822	-100	0	0	0	-100	0	0.233	0	
31971586	-100	0	0	0	-100	0	0.24	0	
62110426	62110834	0	0	0	4343	0	0.115	0	17
4092747	4093095	0	0	0	1427	0	0.052	0	170
23959595	25703149	0	0	0	496	0	0.026	0	1700
35402366	-100	0	0	0	-100	0	0.229	0	
4993650	47352663	0	0	0	14	0	0.011	0	1702
4486609	34353751	0	0	0	175	0	0.032	0	1703
206106	206564	0	0	0	694	0	0.036	0	1705
34762829	35402262	0	0	0	266	0	0.021	0	1706
39842139	39858691	0	0	0	1151	0	0.027	0	1707
7090623	-100	0	0	0	-100	0	0.223	0	
58899006	-100	0	0	0	-100	0	0.236	0	
98944	2271078	0	0	0	1	0	0.016	0	1710
18921979	52703630	0	0	0	3	0	0.024	0	1711
6613870	-100	0	0	0	-100	0	0.215	0	
26858034	40382838	0	0	0	142	0	0.015	0	1713
60830000	-100	0	0	0	-100	0	0.059	0	
9187538	14151443	0	0	0	14	0	0.019	0	1715
13225500	-100	0	0	0	-100	0	0.225	0	
10125140	-100	0	0	0	-100	0	0.053	0	
50344063	-100	0	0	0	-100	0	0.204	0	
6258559	50317010	0	0	0	1	0	0.013	0	1719
37665206	-100	0	0	0	-100	0	0.208	0	
3006438	4468770	0	0	0	234	0	0.024	0	1721
2290429	-100	0	0	0	-100	0	0.2	0	
9339829	25395605	0	0	0	352	0	0.03	0	1725
59256699	59271296	0	0	0	224	0	0.022	0	1726
11546478	-100	0	0	0	-100	0	0.221	0	
48893928	48899131	0	0	0	7811	0	0.172	0	1728
2074099	-100	0	0	0	-100	0	0.212	0	
38188848	-100	0	0	0	-100	0	0.218	0	
27746109	27799086	0	0	0	626	0	0.038	0	1730
32940847	-100	0	0	0	-100	0	0.218	0	
17313272	39271094	0	0	0	386	0	0.019	0	1733
57051494	57193038	0	0	0	2	0	0.006	0	1734
13057596	-100	0	0	0	-100	0	0.224	0	
2417065	42048974	0	0	0	4	0	0.012	0	1736
571394	3450860	0	0	0	4186	0	0.109	0	1737
33469861	33477379	0	0	0	417	0	0.028	0	174
1116493	30250934	0	0	0	9638	0	0.22	0	1740
2633092	-100	0	0	0	-100	0	0.289	0	
8115368	27000797	0	0	0	77	0	0.005	0	1742
43767260	-100	0	0	0	-100	0	0.232	0	
14306642	16857517	0	0	0	4623	0	0.125	0	1744
19709529	-100	0	0	0	-100	0	0.225	0	
35662995	-100	0	0	0	-100	0	0.215	0	
4417782	33807223	0	0	0	1114	0	0.044	0	1748
5819217	7613528	0	0	0	2	0	0.02	0	1749
11696739	-100	0	0	0	-100	0	0.212	0	
16377991	45503130	0	0	0	1	0	0.02	0	1750
27536395	-100	0	0	0	-100	0	0.229	0	
3681265	-100	0	0	0	-100	0	0.216	0	
6830936	15266448	0	0	0	12	0	0.02	0	1754
42216334	53378614	0	0	0	1	0	0.01	0	1755
60817890	-100	0	0	0	-100	0	0.226	0	
357404	12539165	0	0	0	9249	0	0.203	0	1757
60819236	60826588	0	0	0	3740	0	0.139	0	1758
18724999	-100	0	0	0	-100	0	0.277	0	
45537965	-100	0	0	0	-100	0	0.268	0	
653336	13819820	0	0	0	1303	0	0.035	0	1760
8434762	-100	0	0	0	-100	0	0.219	0	
48769662	53545240	0	0	0	9006	0	0.22	0	1762
48045515	48245279	0	0	0	1	0	0.008	0	1763
10758664	-100	0	0	0	-100	0	0.203	0	
55751382	-100	0	0	0	-100	0	0.215	0	
47624731	-100	0	0	0	-100	0	0.233	0	
11296854	49506802	0	0	0	1612	0	0.063	0	1784
3426165	4584637	0	0	0	1	0	0.013	0	1785
45770089	-100	0	0	0	-100	0	0.113	0	
40608111	51294033	0	0	0	1553	0	0.041	0	179
3220009	3324898	0	0	0	1	0	0.006	0	1797
55060820	-100	0	0	0	-100	0	0.216	0	
6826310	-100	0	0	0	-100	0	0.213	0	
14327399	-100	0	0	0	-100	0	0.227	0	
50244772	-100	0	0	0	-100	0	0.207	0	
21554099	41309299	0	0	0	1829	0	0.052	0	1800
164168	-100	0	0	0	-100	0	0.242	0	
25920681	-100	0	0	0	-100	0	0.233	0	
58468574	-100	0	0	0	-100	0	0.225	0	
279854	-100	0	0	0	-100	0	0.219	0	
10695945	-100	0	0	0	-100	0	0.227	0	
17390605	17392621	0	0	0	941	0	0.032	0	1808
57157677	57176148	0	0	0	7	0	0.019	0	1809
10398852	10401321	0	0	0	3913	0	0.085	0	181
6517231	6527917	0	0	0	74	0	0.031	0	1810
19016099	19019252	0	0	0	1839	0	0.039	0	1811
2226291	-100	0	0	0	-100	0	0.234	0	
16063123	27496004	0	0	0	489	0	0.018	0	1814
18581443	-100	0	0	0	-100	0	0.208	0	
44229676	44237528	0	0	0	4148	0	0.102	0	1816
1259099	-100	0	0	0	-100	0	0.215	0	
28163187	30404388	0	0	0	250	0	0.032	0	1818
5164538	-100	0	0	0	-100	0	0.237	0	
6728805	-100	0	0	0	-100	0	0.205	0	
59237684	59239085	0	0	0	1	0	0.011	0	1821
2631585	7020292	0	0	0	1071	0	0.054	0	1822
17842827	36104433	0	0	0	8615	0	0.191	0	1823
2033110	-100	0	0	0	-100	0	0.241	0	
45072486	-100	0	0	0	-100	0	0.206	0	
35476454	39468928	0	0	0	5618	0	0.134	0	1827
34314193	-100	0	0	0	-100	0	0.207	0	
23193038	35564502	0	0	0	160	0	0.022	0	183
4728555	4750707	0	0	0	2	0	0.006	0	1830
19629587	19688442	0	0	0	133	0	0.028	0	1831
1301277	3317536	0	0	0	398	0	0.029	0	1832
862093	10149391	0	0	0	4091	0	0.097	0	1833
26386010	52304410	0	0	0	4043	0	0.102	0	1836
9428456	38081028	0	0	0	581	0	0.026	0	1837
24650468	24651271	0	0	0	1	0	0.023	0	1838
37705923	37706549	0	0	0	838	0	0.03	0	184
60830	132738	0	0	0	2606	0	0.068	0	1840
26713879	-100	0	0	0	-100	0	0.221	0	
34549603	34553835	0	0	0	35	0	0.013	0	1843
41262492	-100	0	0	0	-100	0	0.204	0	
15311667	-100	0	0	0	-100	0	0.011	0	
3417314	-100	0	0	0	-100	0	0.212	0	
1830158	37005449	0	0	0	1	0	0.017	0	1847
55357639	58894345	0	0	0	1	0	0.06	0	1848
760777	-100	0	0	0	-100	0	0.193	0	
39724268	39758300	0	0	0	641	0	0.025	0	185
5113365	-100	0	0	0	-100	0	0.216	0	
58729516	58814723	0	0	0	1	0	0.01	0	1853
17483	4465686	0	0	0	1	0	0.014	0	1854
700588	704780	0	0	0	113	0	0.025	0	1855
3533589	25994594	0	0	0	8	0	0.012	0	1856
303562	492475	0	0	0	1	0	0.019	0	1857
4989820	9410681	0	0	0	32	0	0.015	0	1858
51862149	51913588	0	0	0	2	0	0.013	0	1859
35301733	35318908	0	0	0	4841	0	0.121	0	186
14131939	22074724	0	0	0	5206	0	0.11	0	1861
16524138	-100	0	0	0	-100	0	0.211	0	
301330	-100	0	0	0	-100	0	0.225	0	
11637611	-100	0	0	0	-100	0	0.219	0	
43787056	-100	0	0	0	-100	0	0.231	0	
15703842	-100	0	0	0	-100	0	0.207	0	
22815477	22921728	0	0	0	360	0	0.02	0	1867
8194227	-100	0	0	0	-100	0	0.237	0	
11876128	11887104	0	0	0	82	0	0.019	0	1869
2009434	2014746	0	0	0	1	0	0.006	0	187
1514311	1525535	0	0	0	5081	0	0.128	0	1870
17048072	32342285	0	0	0	1	0	0.011	0	1871
4346742	-100	0	0	0	-100	0	0.214	0	
20162903	44551908	0	0	0	2	0	0.016	0	1873
31728098	41591224	0	0	0	2167	0	0.069	0	1874
17549906	-100	0	0	0	-100	0	0.219	0	
41689522	45441744	0	0	0	8717	0	0.291	0	1876
28036732	28057999	0	0	0	30	0	0.023	0	1877
15737223	-100	0	0	0	-100	0	0.241	0	
1226634	49045026	0	0	0	1118	0	0.053	0	1879
3645896	-100	0	0	0	-100	0	0.243	0	
3771208	4144234	0	0	0	2335	0	0.052	0	1881
1552069	2555816	0	0	0	61	0	0.017	0	1882
20919935	28393195	0	0	0	1	0	0.021	0	1884
21174593	58318716	0	0	0	7	0	0.01	0	1885
33824954	33829101	0	0	0	139	0	0.02	0	1886
43384887	47630402	0	0	0	43	0	0.03	0	1887
19941859	31850484	0	0	0	2872	0	0.098	0	1888
1056879	1056921	0	0	0	1	0	0.015	0	1889
5069489	5347042	0	0	0	7176	0	0.157	0	1890
441306	-100	0	0	0	-100	0	0.218	0	
4726768	8026170	0	0	0	740	0	0.03	0	1892
58453021	58466245	0	0	0	208	0	0.022	0	1893
12328896	42871143	0	0	0	58	0	0.026	0	1894
4938875	-100	0	0	0	-100	0	0.222	0	
1154974	1155389	0	0	0	6	0	0.027	0	1896
12661648	-100	0	0	0	-100	0	0.228	0	
17708449	19076544	0	0	0	1	0	0.002	0	1898
14375558	14375965	0	0	0	91	0	0.013	0	1899
13087966	13096292	0	0	0	2831	0	0.073	0	19
32132574	32154832	0	0	0	1132	0	0.033	0	1900
2727834	40216965	0	0	0	11	0	0.025	0	1901
2911442	7143120	0	0	0	43	0	0.032	0	1902
47263793	47455800	0	0	0	6357	0	0.15	0	1903
757059	-100	0	0	0	-100	0	0.211	0	
269837	-100	0	0	0	-100	0	0.215	0	
4063146	16863937	0	0	0	1	0	0.014	0	1906
21010017	48504300	0	0	0	26	0	0.018	0	1907
19103244	25173462	0	0	0	2496	0	0.068	0	1908
6540948	-100	0	0	0	-100	0	0.236	0	
609203	-100	0	0	0	-100	0	0.23	0	
15165502	17211122	0	0	0	50	0	0.012	0	1911
9685486	-100	0	0	0	-100	0	0.172	0	
12033188	31622059	0	0	0	1	0	0.029	0	1914
45882606	45891010	0	0	0	96	0	0.016	0	1915
3016956	3153114	0	0	0	1	0	0.021	0	1916
5484930	14261183	0	0	0	3198	0	0.075	0	1917
2396576	6423729	0	0	0	2	0	0.016	0	1918
11635	9182912	0	0	0	1	0	0.035	0	1919
50278663	50283077	0	0	0	33	0	0.012	0	192
5221981	6377204	0	0	0	2379	0	0.057	0	1920
461507	44588615	0	0	0	16	0	0.019	0	1921
7856453	17863079	0	0	0	34	0	0.01	0	1922
42411819	-100	0	0	0	-100	0	0.243	0	
6531543	-100	0	0	0	-100	0	0.216	0	
38026884	48608830	0	0	0	5771	0	0.144	0	1926
438192	-100	0	0	0	-100	0	0.208	0	
6147866	6154204	0	0	0	6341	0	0.171	0	1928
6773122	-100	0	0	0	-100	0	0.298	0	
13638408	-100	0	0	0	-100	0	0.24	0	
37231313	37232481	0	0	0	2048	0	0.062	0	1931
52435630	56085280	0	0	0	29	0	0.009	0	1932
5553850	9444003	0	0	0	1	0	0.027	0	1933
27430640	27460527	0	0	0	3691	0	0.098	0	1934
30581837	-100	0	0	0	-100	0	0.256	0	
6036086	6224121	0	0	0	242	0	0.012	0	1937
11601998	47473621	0	0	0	2	0	0.014	0	1938
48932540	48953421	0	0	0	25	0	0.003	0	194
3022552	19393539	0	0	0	8547	0	0.295	0	1941
2254498	5008804	0	0	0	2109	0	0.081	0	1942
15735208	15741101	0	0	0	198	0	0.006	0	1943
1174169	13674935	0	0	0	4950	0	0.124	0	1944
47604606	-100	0	0	0	-100	0	0.238	0	
4672991	-100	0	0	0	-100	0	0.222	0	
1483403	6374264	0	0	0	9	0	0.029	0	1947
9065081	-100	0	0	0	-100	0	0.261	0	
41594595	-100	0	0	0	-100	0	0.226	0	
51289394	-100	0	0	0	-100	0	0.226	0	
783212	5006547	0	0	0	14	0	0.011	0	1950
1413445	13687769	0	0	0	919	0	0.038	0	1951
9094422	14365595	0	0	0	2499	0	0.077	0	1952
9587756	-100	0	0	0	-100	0	0.253	0	
2128321	4518598	0	0	0	1178	0	0.122	0	1954
13840998	-100	0	0	0	-100	0	0.334	0	
539537	46836658	0	0	0	6634	0	0.293	0	1956
11821158	53655187	0	0	0	47	0	0.098	0	1957
28674543	-100	0	0	0	-100	0	0.588	0	
12546036	42116186	0	0	0	619	0	0.074	0	196
28769788	-100	0	0	0	-100	0	0.507	0	
28699281	-100	0	0	0	-100	0	0.329	0	
7000892	7013286	0	0	0	1	0	0.063	0	1966
24530771	-100	0	0	0	-100	0	0.433	0	
14187647	14248044	0	0	0	535	0	0.072	0	1968
3873625	-100	0	0	0	-100	0	0.461	0	
7141260	7153935	0	0	0	20	0	0.029	0	1970
148403	26196686	0	0	0	355	0	0.041	0	1971
402283	-100	0	0	0	-100	0	0.389	0	
15585267	48024566	0	0	0	1	0	0.007	0	1973
12761315	51961077	0	0	0	4987	0	0.174	0	1975
3052788	8302231	0	0	0	4	0	0.038	0	1976
4539406	57125504	0	0	0	732	0	0.04	0	1977
52122996	52172457	0	0	0	1	0	0.011	0	1978
23049166	-100	0	0	0	-100	0	0.239	0	
20614282	-100	0	0	0	-100	0	0.238	0	
18700558	52583833	0	0	0	14	0	0.013	0	1982
1390913	-100	0	0	0	-100	0	0.22	0	
3517795	-100	0	0	0	-100	0	0.236	0	
7346634	47227977	0	0	0	245	0	0.014	0	1985
18001629	35132860	0	0	0	3567	0	0.093	0	1986
4071456	-100	0	0	0	-100	0	0.231	0	
15128383	-100	0	0	0	-100	0	0.242	0	
477225	-100	0	0	0	-100	0	0.237	0	
14404904	-100	0	0	0	-100	0	0.205	0	
35893937	35919228	0	0	0	2	0	0.017	0	1990
4316442	12774207	0	0	0	6462	0	0.161	0	1991
4279164	-100	0	0	0	-100	0	0.26	0	
16596422	20497315	0	0	0	2079	0	0.064	0	1994
29488392	-100	0	0	0	-100	0	0.236	0	
49538136	49550663	0	0	0	2638	0	0.079	0	1996
2102582	12972317	0	0	0	5	0	0.019	0	1998
12692892	-100	0	0	0	-100	0	0.2	0	
8121570	8125234	0	0	0	1	0	0.011	0	2
37210716	46356623	0	0	0	6	0	0.025	0	20
21141848	-100	0	0	0	-100	0	0.261	0	
7401269	7401521	0	0	0	2301	0	0.049	0	2000
8357955	-100	0	0	0	-100	0	0.219	0	
56952305	-100	0	0	0	-100	0	0.206	0	
35703958	35732363	0	0	0	1146	0	0.041	0	2005
29208668	29253100	0	0	0	1933	0	0.059	0	2006
9407367	-100	0	0	0	-100	0	0.217	0	
17735852	-100	0	0	0	-100	0	0.239	0	
5467576	12887700	0	0	0	5478	0	0.138	0	2010
174612	940087	0	0	0	1361	0	0.042	0	2011
4276207	-100	0	0	0	-100	0	0.24	0	
2725044	-100	0	0	0	-100	0	0.231	0	
25242556	-100	0	0	0	-100	0	0.214	0	
26533740	-100	0	0	0	-100	0	0.211	0	
4254059	-100	0	0	0	-100	0	0.24	0	
36534706	-100	0	0	0	-100	0	0.206	0	
28247137	28252909	0	0	0	6486	0	0.142	0	202
21763038	-100	0	0	0	-100	0	0.224	0	
1259272	1260757	0	0	0	102	0	0.007	0	2021
3539583	-100	0	0	0	-100	0	0.199	0	
19927952	37588408	0	0	0	1	0	0.006	0	2023
181624	15671536	0	0	0	5841	0	0.146	0	2024
47752997	47868671	0	0	0	3648	0	0.075	0	2026
2934904	-100	0	0	0	-100	0	0.228	0	
16782103	61240589	0	0	0	4525	0	0.098	0	2029
22716560	22726351	0	0	0	158	0	0.025	0	203
17228	24109	0	0	0	3056	0	0.089	0	2030
11630321	12276675	0	0	0	14	0	0.029	0	2031
6880832	15148749	0	0	0	1	0	0.018	0	2032
8936549	-100	0	0	0	-100	0	0.111	0	
2481654	12902651	0	0	0	112	0	0.021	0	2037
1255559	26285254	0	0	0	2	0	0.004	0	2039
38706879	-100	0	0	0	-100	0	0.222	0	
9183993	48710758	0	0	0	77	0	0.002	0	2040
5530505	38209120	0	0	0	1	0	0.0	0	2041
15513453	15733390	0	0	0	284	0	0.044	0	2042
5771868	6326907	0	0	0	3255	0	0.092	0	2043
5430022	-100	0	0	0	-100	0	0.202	0	
6114067	26351587	0	0	0	234	0	0.038	0	2046
11337494	16781886	0	0	0	2099	0	0.066	0	2048
7724448	47283908	0	0	0	33	0	0.02	0	2049
42379391	45260216	0	0	0	19	0	0.016	0	205
9573748	-100	0	0	0	-100	0	0.228	0	
1185252	-100	0	0	0	-100	0	0.214	0	
47878888	47963081	0	0	0	6	0	0.011	0	2053
14147705	-100	0	0	0	-100	0	0.2	0	
1657883	58986072	0	0	0	358	0	0.031	0	2055
7788639	17813423	0	0	0	6840	0	0.177	0	2056
24116817	-100	0	0	0	-100	0	0.214	0	
27492435	-100	0	0	0	-100	0	0.242	0	
7557179	27276555	0	0	0	2161	0	0.057	0	2060
667634	-100	0	0	0	-100	0	0.237	0	
3134183	-100	0	0	0	-100	0	0.138	0	
30021274	33753912	0	0	0	3	0	0.019	0	2064
5572464	9789560	0	0	0	38	0	0.017	0	2065
32510183	38415831	0	0	0	1	0	0.026	0	2066
2212776	-100	0	0	0	-100	0	0.208	0	
790687	-100	0	0	0	-100	0	0.22	0	
17024143	-100	0	0	0	-100	0	0.212	0	
8706356	12598029	0	0	0	36	0	0.019	0	2070
5088460	11714827	0	0	0	635	0	0.014	0	2072
306533	31051317	0	0	0	3876	0	0.114	0	2073
4403726	4405634	0	0	0	4	0	0.017	0	2074
4410790	4411320	0	0	0	2	0	0.026	0	2075
5346836	-100	0	0	0	-100	0	0.319	0	
30487064	-100	0	0	0	-100	0	0.22	0	
38705842	-100	0	0	0	-100	0	0.217	0	
318398	373142	0	0	0	6176	0	0.156	0	2081
2616011	5620235	0	0	0	1013	0	0.04	0	2082
486099	12849013	0	0	0	49	0	0.014	0	2083
9510514	11019232	0	0	0	153	0	0.013	0	2084
4702732	4984612	0	0	0	3	0	0.012	0	2085
4984600	-100	0	0	0	-100	0	0.228	0	
1727881	18773343	0	0	0	131	0	0.031	0	2087
30329235	38443452	0	0	0	384	0	0.018	0	209
2551775	-100	0	0	0	-100	0	0.181	0	
11511510	17636690	0	0	0	107	0	0.033	0	2096
11538124	-100	0	0	0	-100	0	0.207	0	
29074892	-100	0	0	0	-100	0	0.202	0	
24048022	45599509	0	0	0	2025	0	0.057	0	210
1448467	1494182	0	0	0	6083	0	0.152	0	2100
9131763	13635079	0	0	0	4	0	0.031	0	2101
8654327	-100	0	0	0	-100	0	0.231	0	
13017946	-100	0	0	0	-100	0	0.224	0	
34688926	34690980	0	0	0	625	0	0.043	0	2105
32712057	32715610	0	0	0	737	0	0.033	0	2106
3092198	3095856	0	0	0	402	0	0.035	0	2107
124856	124880	0	0	0	1163	0	0.053	0	2109
11985604	11999606	0	0	0	5068	0	0.095	0	211
7265157	-100	0	0	0	-100	0	0.232	0	
39912	-100	0	0	0	-100	0	0.239	0	
3310737	12002480	0	0	0	1879	0	0.057	0	2112
3582608	8054273	0	0	0	3333	0	0.089	0	2113
37029541	37031805	0	0	0	1493	0	0.042	0	2115
11814536	21065616	0	0	0	46	0	0.024	0	2116
21805674	-100	0	0	0	-100	0	0.215	0	
5539249	37482246	0	0	0	20	0	0.006	0	2119
56006786	-100	0	0	0	-100	0	0.222	0	
103512	1609163	0	0	0	9993	0	0.217	0	2120
573294	-100	0	0	0	-100	0	0.2	0	
16540725	50025862	0	0	0	2468	0	0.073	0	2123
226061	5436139	0	0	0	1	0	0.023	0	2124
24498894	-100	0	0	0	-100	0	0.214	0	
809227	-100	0	0	0	-100	0	0.199	0	
14158896	14170746	0	0	0	9	0	0.03	0	2127
3069950	-100	0	0	0	-100	0	0.2	0	
11955859	-100	0	0	0	-100	0	0.227	0	
6006527	-100	0	0	0	-100	0	0.214	0	
4265167	4274763	0	0	0	485	0	0.034	0	2132
989795	12082405	0	0	0	8771	0	0.193	0	2133
38271718	-100	0	0	0	-100	0	0.219	0	
3716277	-100	0	0	0	-100	0	0.196	0	
34520013	-100	0	0	0	-100	0	0.23	0	
25078285	-100	0	0	0	-100	0	0.21	0	
776508	31387778	0	0	0	1278	0	0.046	0	2138
5698002	40152967	0	0	0	1	0	0.024	0	2139
2004419	34686972	0	0	0	73	0	0.018	0	214
2505328	2533476	0	0	0	6565	0	0.151	0	2140
962132	18580779	0	0	0	3946	0	0.078	0	2143
4155847	4156538	0	0	0	184	0	0.037	0	2144
2804893	45751856	0	0	0	41	0	0.022	0	2145
5093460	28828957	0	0	0	5473	0	0.138	0	2146
9640256	-100	0	0	0	-100	0	0.22	0	
38213088	53806687	0	0	0	7	0	0.015	0	215
5279051	13813007	0	0	0	2	0	0.022	0	2154
7592129	9459035	0	0	0	235	0	0.015	0	2155
199333	3944505	0	0	0	3428	0	0.076	0	2156
22682513	22707814	0	0	0	1520	0	0.045	0	2157
862858	-100	0	0	0	-100	0	0.224	0	
8123776	-100	0	0	0	-100	0	0.214	0	
49791664	49858977	0	0	0	1	0	0.007	0	216
6486432	8514633	0	0	0	107	0	0.011	0	2160
13880205	39932391	0	0	0	44	0	0.009	0	2161
53742062	53742648	0	0	0	223	0	0.033	0	2162
31445800	-100	0	0	0	-100	0	0.219	0	
5760774	-100	0	0	0	-100	0	0.216	0	
3673998	6337294	0	0	0	114	0	0.022	0	2165
1172939	14589346	0	0	0	1	0	0.019	0	2167
3681188	17208570	0	0	0	2290	0	0.068	0	2168
3682049	3683881	0	0	0	1	0	0.012	0	2169
57577372	57579194	0	0	0	153	0	0.014	0	217
18437875	18458663	0	0	0	1895	0	0.053	0	2170
216823	-100	0	0	0	-100	0	0.219	0	
51120541	51121856	0	0	0	3	0	0.016	0	2172
13827973	-100	0	0	0	-100	0	0.236	0	
37924996	51839698	0	0	0	3127	0	0.068	0	2176
23737449	37219718	0	0	0	9371	0	0.215	0	2177
5803953	17500821	0	0	0	112	0	0.013	0	2178
9963798	-100	0	0	0	-100	0	0.221	0	
17730333	17731366	0	0	0	6	0	0.003	0	218
7949229	18553210	0	0	0	1948	0	0.069	0	2180
7965262	-100	0	0	0	-100	0	0.232	0	
3179494	12323028	0	0	0	1216	0	0.047	0	2182
1978709	-100	0	0	0	-100	0	0.226	0	
4230602	8046097	0	0	0	360	0	0.014	0	2185
54142	12824378	0	0	0	80	0	0.009	0	2186
40673080	41404001	0	0	0	98	0	0.022	0	2187
5009869	-100	0	0	0	-100	0	0.211	0	
5598487	-100	0	0	0	-100	0	0.202	0	
43158839	-100	0	0	0	-100	0	0.224	0	
1837024	-100	0	0	0	-100	0	0.208	0	
23591075	23594969	0	0	0	1	0	0.006	0	2191
6089231	-100	0	0	0	-100	0	0.211	0	
7593086	8452130	0	0	0	71	0	0.032	0	2194
988069	1143262	0	0	0	7	0	0.013	0	2199
55026916	-100	0	0	0	-100	0	0.225	0	
26643602	-100	0	0	0	-100	0	0.236	0	
9701276	10159236	0	0	0	1	0	0.012	0	2200
9135144	9233358	0	0	0	11	0	0.018	0	2201
17388771	-100	0	0	0	-100	0	0.226	0	
205945	-100	0	0	0	-100	0	0.227	0	
181630	40809926	0	0	0	906	0	0.037	0	2204
570669	-100	0	0	0	-100	0	0.217	0	
35129135	36028302	0	0	0	1	0	0.002	0	2206
32507684	32508952	0	0	0	955	0	0.034	0	2207
197675	703691	0	0	0	3	0	0.023	0	2208
24042774	32541268	0	0	0	7	0	0.031	0	2209
26111162	57318251	0	0	0	21	0	0.012	0	221
839765	4525847	0	0	0	722	0	0.021	0	2210
30048533	45055402	0	0	0	173	0	0.028	0	2214
6995310	7007403	0	0	0	614	0	0.02	0	2219
41664138	-100	0	0	0	-100	0	0.215	0	
27333311	27807118	0	0	0	1	0	0.012	0	2221
4437527	4479597	0	0	0	634	0	0.016	0	2223
201593	15265397	0	0	0	1623	0	0.067	0	2225
410823	3770654	0	0	0	266	0	0.028	0	2226
1525764	1833356	0	0	0	9	0	0.022	0	2228
1600399	8439595	0	0	0	51	0	0.027	0	2229
26119212	54254075	0	0	0	1836	0	0.051	0	223
18880654	-100	0	0	0	-100	0	0.253	0	
8530080	-100	0	0	0	-100	0	0.222	0	
7341607	-100	0	0	0	-100	0	0.217	0	
12015195	-100	0	0	0	-100	0	0.236	0	
22798558	22808067	0	0	0	2	0	0.014	0	2234
4875289	11638271	0	0	0	1682	0	0.044	0	2235
1642028	-100	0	0	0	-100	0	0.219	0	
2046228	3778799	0	0	0	1	0	0.021	0	2237
18939882	-100	0	0	0	-100	0	0.199	0	
12372531	36506297	0	0	0	1	0	0.018	0	2239
42920777	42941228	0	0	0	65	0	0.008	0	224
8996385	-100	0	0	0	-100	0	0.232	0	
3729515	7033855	0	0	0	6624	0	0.142	0	2242
3695174	-100	0	0	0	-100	0	0.204	0	
240212	-100	0	0	0	-100	0	0.22	0	
7546620	-100	0	0	0	-100	0	0.201	0	
478898	52164723	0	0	0	3	0	0.034	0	2247
2790346	12207684	0	0	0	1030	0	0.044	0	2248
4192170	41670800	0	0	0	34	0	0.023	0	2249
10207490	-100	0	0	0	-100	0	0.222	0	
25953601	-100	0	0	0	-100	0	0.229	0	
778378	4666450	0	0	0	154	0	0.023	0	2251
6447819	-100	0	0	0	-100	0	0.22	0	
8642363	14681349	0	0	0	82	0	0.02	0	2254
9314534	-100	0	0	0	-100	0	0.215	0	
179105	327573	0	0	0	3424	0	0.096	0	2256
3496982	-100	0	0	0	-100	0	0.228	0	
1051379	35962647	0	0	0	4	0	0.0	0	2259
48924449	-100	0	0	0	-100	0	0.222	0	
333889	-100	0	0	0	-100	0	0.211	0	
6181464	12718423	0	0	0	3570	0	0.102	0	2261
321068	-100	0	0	0	-100	0	0.233	0	
38392092	-100	0	0	0	-100	0	0.244	0	
1010106	12724057	0	0	0	5	0	0.017	0	2264
348833	-100	0	0	0	-100	0	0.238	0	
691719	4636456	0	0	0	87	0	0.022	0	2267
3899870	40751832	0	0	0	9513	0	0.217	0	2268
3355683	11665829	0	0	0	610	0	0.042	0	2269
22509876	29593207	0	0	0	4056	0	0.104	0	227
1732011	-100	0	0	0	-100	0	0.213	0	
213907	8311058	0	0	0	2	0	0.025	0	2271
25680461	-100	0	0	0	-100	0	0.207	0	
50321788	-100	0	0	0	-100	0	0.23	0	
13632507	13636949	0	0	0	911	0	0.046	0	2274
13061979	40447401	0	0	0	892	0	0.029	0	2275
671703	1239938	0	0	0	564	0	0.035	0	2276
10604794	33955275	0	0	0	1034	0	0.05	0	2277
33690697	34341839	0	0	0	1	0	0.026	0	2278
42777424	43410631	0	0	0	69	0	0.01	0	2279
54166888	54167232	0	0	0	2561	0	0.064	0	228
4557009	-100	0	0	0	-100	0	0.205	0	
180516	263945	0	0	0	9239	0	0.214	0	2282
11404710	-100	0	0	0	-100	0	0.203	0	
4332164	4332286	0	0	0	8928	0	0.179	0	2284
8060025	-100	0	0	0	-100	0	0.23	0	
5153908	-100	0	0	0	-100	0	0.197	0	
12015156	-100	0	0	0	-100	0	0.207	0	
2402579	37499889	0	0	0	1695	0	0.048	0	2289
29838574	31622153	0	0	0	1	0	0.014	0	229
8335430	-100	0	0	0	-100	0	0.207	0	
375913	-100	0	0	0	-100	0	0.227	0	
5739937	21567291	0	0	0	1652	0	0.046	0	2297
3703658	55716940	0	0	0	330	0	0.033	0	2298
24901	1303899	0	0	0	12	0	0.025	0	2299
21733836	45870498	0	0	0	10	0	0.015	0	23
56263432	56283794	0	0	0	1237	0	0.045	0	230
381621	54973981	0	0	0	136	0	0.03	0	2300
21943621	-100	0	0	0	-100	0	0.239	0	
936687	29375797	0	0	0	221	0	0.037	0	2302
1041866	-100	0	0	0	-100	0	0.226	0	
118547	23406033	0	0	0	1	0	0.033	0	2305
59756738	59758453	0	0	0	7325	0	0.17	0	2306
72010	-100	0	0	0	-100	0	0.197	0	
2354210	2939860	0	0	0	69	0	0.023	0	2308
13772567	50883849	0	0	0	9	0	0.03	0	2309
26882023	31739792	0	0	0	184	0	0.011	0	2312
24296571	-100	0	0	0	-100	0	0.224	0	
4990462	5002055	0	0	0	1475	0	0.055	0	2314
1861912	2071579	0	0	0	3216	0	0.069	0	2315
933850	-100	0	0	0	-100	0	0.253	0	
3734247	6502828	0	0	0	4689	0	0.134	0	2317
21502017	-100	0	0	0	-100	0	0.214	0	
22176777	-100	0	0	0	-100	0	0.239	0	
5563000	-100	0	0	0	-100	0	0.225	0	
24370732	-100	0	0	0	-100	0	0.229	0	
106508	-100	0	0	0	-100	0	0.229	0	
57483	-100	0	0	0	-100	0	0.225	0	
3593687	-100	0	0	0	-100	0	0.222	0	
19554841	-100	0	0	0	-100	0	0.216	0	
1898524	28245226	0	0	0	5910	0	0.132	0	2331
3025421	9084671	0	0	0	188	0	0.02	0	2333
614794	-100	0	0	0	-100	0	0.186	0	
2351148	61520847	0	0	0	96	0	0.014	0	2337
120876	21395395	0	0	0	296	0	0.017	0	2338
54827950	-100	0	0	0	-100	0	0.211	0	
40579342	-100	0	0	0	-100	0	0.222	0	
38447226	-100	0	0	0	-100	0	0.014	0	
8891067	31978324	0	0	0	5496	0	0.121	0	2348
23971761	-100	0	0	0	-100	0	0.207	0	
27689105	27690419	0	0	0	98	0	0.014	0	235
9553591	12346487	0	0	0	23	0	0.034	0	2350
15445758	-100	0	0	0	-100	0	0.08	0	
9954518	-100	0	0	0	-100	0	0.213	0	
6012157	9020372	0	0	0	4743	0	0.112	0	2355
7038357	12547983	0	0	0	152	0	0.003	0	2356
1878285	12084781	0	0	0	305	0	0.007	0	2359
5930985	-100	0	0	0	-100	0	0.216	0	
26986570	26994755	0	0	0	141	0	0.013	0	2360
20815921	-100	0	0	0	-100	0	0.001	0	
18841747	18847739	0	0	0	3125	0	0.069	0	2362
311166	5576922	0	0	0	1967	0	0.054	0	2363
43777837	-100	0	0	0	-100	0	0.204	0	
6320995	-100	0	0	0	-100	0	0.216	0	
185844	1197106	0	0	0	13	0	0.028	0	2366
747470	22458355	0	0	0	6	0	0.008	0	2368
6255445	6255682	0	0	0	6186	0	0.133	0	237
26189166	-100	0	0	0	-100	0	0.221	0	
10962290	11328264	0	0	0	4772	0	0.123	0	2371
8114276	28336207	0	0	0	1094	0	0.044	0	2372
5481539	-100	0	0	0	-100	0	0.236	0	
3582001	-100	0	0	0	-100	0	0.196	0	
1897675	-100	0	0	0	-100	0	0.213	0	
1120140	-100	0	0	0	-100	0	0.232	0	
1494399	3418231	0	0	0	139	0	0.03	0	2377
54465850	54466591	0	0	0	1625	0	0.058	0	238
4767925	-100	0	0	0	-100	0	0.232	0	
1686204	2037880	0	0	0	9011	0	0.205	0	2381
4185350	4186431	0	0	0	2765	0	0.068	0	2382
111478	8630552	0	0	0	22	0	0.018	0	2383
7823990	8851670	0	0	0	9520	0	0.193	0	2384
17775390	-100	0	0	0	-100	0	0.234	0	
3229883	11153182	0	0	0	87	0	0.017	0	2386
824157	2062956	0	0	0	3140	0	0.08	0	2387
7765239	7766771	0	0	0	111	0	0.014	0	239
332030	-100	0	0	0	-100	0	0.215	0	
471432	10699265	0	0	0	2739	0	0.072	0	2391
28573215	-100	0	0	0	-100	0	0.21	0	
3498444	28482809	0	0	0	2	0	0.025	0	2393
4486326	4486442	0	0	0	1778	0	0.048	0	2394
14595992	-100	0	0	0	-100	0	0.233	0	
14442894	19881803	0	0	0	1	0	0.0	0	2397
6399615	6473218	0	0	0	1408	0	0.05	0	2398
2602013	3303527	0	0	0	4684	0	0.143	0	2399
4430835	4431836	0	0	0	1	0	0.002	0	24
8634234	-100	0	0	0	-100	0	0.215	0	
116038	-100	0	0	0	-100	0	0.239	0	
15952412	-100	0	0	0	-100	0	0.209	0	
7689406	15219984	0	0	0	3	0	0.031	0	2403
15097783	21028299	0	0	0	2503	0	0.086	0	2406
2409504	5840148	0	0	0	283	0	0.036	0	2407
41840608	-100	0	0	0	-100	0	0.233	0	
18467624	-100	0	0	0	-100	0	0.225	0	
6438086	6440392	0	0	0	1	0	0.001	0	2412
5205491	7482567	0	0	0	68	0	0.024	0	2413
30114397	-100	0	0	0	-100	0	0.198	0	
37378199	-100	0	0	0	-100	0	0.217	0	
53849	236129	0	0	0	69	0	0.031	0	2418
28998697	-100	0	0	0	-100	0	0.229	0	
37209725	-100	0	0	0	-100	0	0.238	0	
1553382	4255598	0	0	0	2	0	0.003	0	2422
9330561	-100	0	0	0	-100	0	0.211	0	
4084777	19500404	0	0	0	7	0	0.019	0	2424
437150	-100	0	0	0	-100	0	0.23	0	
28311795	-100	0	0	0	-100	0	0.207	0	
11016220	29764869	0	0	0	14	0	0.008	0	2429
5751737	-100	0	0	0	-100	0	0.214	0	
8454329	8486077	0	0	0	2	0	0.027	0	2430
38043442	-100	0	0	0	-100	0	0.216	0	
177437	3709207	0	0	0	936	0	0.046	0	2438
6264249	12122446	0	0	0	3	0	0.019	0	2439
24017636	-100	0	0	0	-100	0	0.207	0	
272900	16284629	0	0	0	73	0	0.02	0	2440
22444415	22444835	0	0	0	8396	0	0.202	0	245
4422507	4726570	0	0	0	3225	0	0.073	0	2455
29765961	45290121	0	0	0	45	0	0.009	0	2456
2744181	12615683	0	0	0	8079	0	0.2	0	2458
11433978	11434180	0	0	0	1	0	0.017	0	246
245742	-100	0	0	0	-100	0	0.195	0	
405039	-100	0	0	0	-100	0	0.198	0	
18764094	27341944	0	0	0	10	0	0.008	0	247
1133739	-100	0	0	0	-100	0	0.237	0	
2273330	-100	0	0	0	-100	0	0.213	0	
1567082	-100	0	0	0	-100	0	0.227	0	
12573816	-100	0	0	0	-100	0	0.233	0	
115703	-100	0	0	0	-100	0	0.238	0	
4866425	33483623	0	0	0	873	0	0.028	0	2478
46921042	-100	0	0	0	-100	0	0.199	0	
92859	34906229	0	0	0	883	0	0.052	0	2481
7627098	44868369	0	0	0	772	0	0.04	0	2482
395123	-100	0	0	0	-100	0	0.216	0	
161177	7779652	0	0	0	53	0	0.027	0	2484
10270328	-100	0	0	0	-100	0	0.208	0	
2687392	8644707	0	0	0	2	0	0.011	0	2486
75538	-100	0	0	0	-100	0	0.178	0	
8808732	8824332	0	0	0	3	0	0.033	0	249
4030959	-100	0	0	0	-100	0	0.229	0	
4421706	34953523	0	0	0	1027	0	0.029	0	2493
7149461	7194127	0	0	0	334	0	0.021	0	2494
2830272	2835416	0	0	0	1	0	0.006	0	2495
11373203	-100	0	0	0	-100	0	0.208	0	
25311011	31816095	0	0	0	1	0	0.032	0	2498
7011238	10901905	0	0	0	155	0	0.014	0	2499
28545184	-100	0	0	0	-100	0	0.223	0	
29938796	-100	0	0	0	-100	0	0.064	0	
14294271	14309245	0	0	0	233	0	0.014	0	2503
2558153	18414579	0	0	0	42	0	0.025	0	2504
228005	4351371	0	0	0	461	0	0.034	0	2506
14856344	17473753	0	0	0	104	0	0.026	0	2507
1861294	22387586	0	0	0	81	0	0.032	0	2508
2808398	-100	0	0	0	-100	0	0.173	0	
56260017	-100	0	0	0	-100	0	0.207	0	
21060574	21072058	0	0	0	286	0	0.021	0	2510
14768951	42026891	0	0	0	215	0	0.019	0	2511
137038	38552116	0	0	0	363	0	0.046	0	2513
3828192	4980815	0	0	0	42	0	0.008	0	2514
317450	-100	0	0	0	-100	0	0.201	0	
979759	5740310	0	0	0	5917	0	0.119	0	2516
6218812	-100	0	0	0	-100	0	0.186	0	
2080281	2084098	0	0	0	188	0	0.024	0	252
3279543	20511678	0	0	0	354	0	0.001	0	2522
4986673	10476665	0	0	0	430	0	0.048	0	2523
670734	-100	0	0	0	-100	0	0.277	0	
13292237	-100	0	0	0	-100	0	0.224	0	
4850473	6245735	0	0	0	8	0	0.019	0	2529
54872975	54902244	0	0	0	1	0	0.015	0	253
320798	-100	0	0	0	-100	0	0.215	0	
257288	-100	0	0	0	-100	0	0.222	0	
1005476	14522939	0	0	0	3089	0	0.092	0	2537
610245	-100	0	0	0	-100	0	0.222	0	
6166337	-100	0	0	0	-100	0	0.229	0	
4782757	-100	0	0	0	-100	0	0.212	0	
1272680	28529416	0	0	0	7937	0	0.191	0	2545
10231349	10315041	0	0	0	3476	0	0.09	0	2546
10972577	52589094	0	0	0	9007	0	0.204	0	255
2712076	-100	0	0	0	-100	0	0.209	0	
8193102	13957166	0	0	0	1221	0	0.033	0	2553
8468774	13148772	0	0	0	5244	0	0.128	0	2554
3457967	-100	0	0	0	-100	0	0.213	0	
4638364	-100	0	0	0	-100	0	0.219	0	
11170012	11176990	0	0	0	1	0	0.003	0	256
38501587	48842397	0	0	0	338	0	0.029	0	2560
596162	-100	0	0	0	-100	0	0.225	0	
10653903	-100	0	0	0	-100	0	0.215	0	
3601602	-100	0	0	0	-100	0	0.196	0	
22009008	-100	0	0	0	-100	0	0.208	0	
620137	-100	0	0	0	-100	0	0.235	0	
906734	-100	0	0	0	-100	0	0.228	0	
33988297	37618213	0	0	0	3624	0	0.091	0	2568
37121425	37139784	0	0	0	1	0	0.008	0	257
146452	35152877	0	0	0	661	0	0.035	0	2570
2894891	2896689	0	0	0	1424	0	0.057	0	2571
449436	1661529	0	0	0	42	0	0.013	0	2579
222916	47867789	0	0	0	2757	0	0.081	0	258
86582	1008019	0	0	0	246	0	0.022	0	2580
612328	22386191	0	0	0	76	0	0.023	0	2581
27683855	-100	0	0	0	-100	0	0.216	0	
52399753	52402665	0	0	0	2467	0	0.059	0	26
15100515	15110526	0	0	0	196	0	0.021	0	260
61237796	-100	0	0	0	-100	0	0.23	0	
8279964	8284561	0	0	0	113	0	0.015	0	262
4876253	-100	0	0	0	-100	0	0.224	0	
21391299	-100	0	0	0	-100	0	0.212	0	
11167483	-100	0	0	0	-100	0	0.22	0	
9331404	9432499	0	0	0	104	0	0.043	0	266
2008707	5692009	0	0	0	29	0	0.031	0	267
38692288	-100	0	0	0	-100	0	0.208	0	
38429078	38429908	0	0	0	36	0	0.021	0	269
39813866	39814446	0	0	0	9231	0	0.241	0	27
22919759	23762420	0	0	0	1	0	0.027	0	270
8595087	8597039	0	0	0	1	0	0.004	0	271
23231012	35074830	0	0	0	204	0	0.025	0	272
30003891	36370335	0	0	0	307	0	0.007	0	273
8542611	-100	0	0	0	-100	0	0.256	0	
35556450	-100	0	0	0	-100	0	0.229	0	
53630837	53632120	0	0	0	1649	0	0.049	0	276
6444876	6449198	0	0	0	8702	0	0.199	0	277
39998793	-100	0	0	0	-100	0	0.22	0	
53629760	53713992	0	0	0	436	0	0.024	0	279
6523292	6523878	0	0	0	3096	0	0.078	0	28
45765087	56663116	0	0	0	45	0	0.019	0	280
4346240	4353894	0	0	0	1	0	0.029	0	281
34492720	34494559	0	0	0	478	0	0.03	0	282
25908414	26103828	0	0	0	156	0	0.018	0	283
30800772	38468644	0	0	0	175	0	0.02	0	284
32854765	-100	0	0	0	-100	0	0.229	0	
61760083	61768725	0	0	0	8	0	0.023	0	286
15355048	21227071	0	0	0	1	0	0.013	0	287
48647161	48696645	0	0	0	1	0	0.023	0	288
23287222	38597274	0	0	0	9	0	0.012	0	289
8620383	-100	0	0	0	-100	0	0.234	0	
15879071	15881735	0	0	0	1	0	0.026	0	290
50222760	50244264	0	0	0	1	0	0.027	0	291
55986995	-100	0	0	0	-100	0	0.218	0	
49695508	49696603	0	0	0	2	0	0.014	0	293
27430864	-100	0	0	0	-100	0	0.211	0	
30563673	-100	0	0	0	-100	0	0.22	0	
15984453	15984499	0	0	0	3877	0	0.114	0	296
48120268	48121671	0	0	0	31	0	0.002	0	297
59655911	-100	0	0	0	-100	0	0.224	0	
25094989	25146997	0	0	0	25	0	0.004	0	299
5761041	5761204	0	0	0	2	0	0.009	0	3
54233187	-100	0	0	0	-100	0	0.224	0	
38171543	53626481	0	0	0	1078	0	0.042	0	300
61752890	-100	0	0	0	-100	0	0.221	0	
29997142	-100	0	0	0	-100	0	0.225	0	
10634603	10635365	0	0	0	6437	0	0.16	0	303
13255826	-100	0	0	0	-100	0	0.234	0	
14830908	27411379	0	0	0	2889	0	0.08	0	305
60441437	-100	0	0	0	-100	0	0.224	0	
30294294	30298467	0	0	0	27	0	0.011	0	307
10697991	-100	0	0	0	-100	0	0.073	0	
34487014	34488323	0	0	0	3235	0	0.078	0	309
46307266	46630386	0	0	0	631	0	0.039	0	31
10108720	10122219	0	0	0	1	0	0.014	0	310
22166767	22167235	0	0	0	68	0	0.019	0	311
30030925	-100	0	0	0	-100	0	0.221	0	
31079297	-100	0	0	0	-100	0	0.23	0	
18774522	29506426	0	0	0	2348	0	0.051	0	314
6184658	-100	0	0	0	-100	0	0.207	0	
31077823	31091223	0	0	0	1624	0	0.044	0	316
3217441	-100	0	0	0	-100	0	0.232	0	
44718664	44719583	0	0	0	28	0	0.003	0	318
50311966	50322241	0	0	0	6	0	0.02	0	319
45843428	45861479	0	0	0	596	0	0.031	0	32
726456	-100	0	0	0	-100	0	0.232	0	
43375114	43397349	0	0	0	16	0	0.028	0	322
53882498	53885538	0	0	0	80	0	0.01	0	323
8268687	-100	0	0	0	-100	0	0.204	0	
35854686	38680819	0	0	0	208	0	0.015	0	325
19325258	19540594	0	0	0	921	0	0.046	0	326
38414951	38415131	0	0	0	16	0	0.009	0	327
49546754	49568858	0	0	0	341	0	0.021	0	328
49162554	49162871	0	0	0	1	0	0.021	0	329
19366503	52539331	0	0	0	6469	0	0.171	0	33
50210908	-100	0	0	0	-100	0	0.227	0	
39725067	-100	0	0	0	-100	0	0.215	0	
58861467	58862280	0	0	0	5915	0	0.156	0	332
16954974	-100	0	0	0	-100	0	0.27	0	
710604	15674177	0	0	0	814	0	0.04	0	334
33510086	33534162	0	0	0	1	0	0.008	0	335
3810269	3810281	0	0	0	3	0	0.015	0	336
20602734	20603707	0	0	0	188	0	0.013	0	337
5790514	-100	0	0	0	-100	0	0.218	0	
42437697	42578008	0	0	0	275	0	0.018	0	339
48724815	48727627	0	0	0	143	0	0.005	0	34
28708497	39199564	0	0	0	1175	0	0.033	0	340
41557421	-100	0	0	0	-100	0	0.205	0	
5643923	-100	0	0	0	-100	0	0.232	0	
3808708	-100	0	0	0	-100	0	0.21	0	
29272497	-100	0	0	0	-100	0	0.211	0	
5642819	-100	0	0	0	-100	0	0.036	0	
57540155	57547273	0	0	0	926	0	0.031	0	346
6167017	-100	0	0	0	-100	0	0.22	0	
399792	-100	0	0	0	-100	0	0.203	0	
23015482	-100	0	0	0	-100	0	0.202	0	
18576986	18577584	0	0	0	402	0	0.026	0	35
26351963	26374116	0	0	0	3	0	0.024	0	350
15193108	-100	0	0	0	-100	0	0.238	0	
57811230	57811424	0	0	0	1	0	0.017	0	352
30133364	-100	0	0	0	-100	0	0.207	0	
32118485	-100	0	0	0	-100	0	0.215	0	
25392935	-100	0	0	0	-100	0	0.233	0	
29313296	-100	0	0	0	-100	0	0.233	0	
13071037	13089110	0	0	0	2650	0	0.07	0	36
21685426	52167695	0	0	0	147	0	0.016	0	361
5116642	-100	0	0	0	-100	0	0.242	0	
3543725	3566774	0	0	0	679	0	0.032	0	364
29759105	-100	0	0	0	-100	0	0.223	0	
37620642	-100	0	0	0	-100	0	0.205	0	
15653199	15663805	0	0	0	1	0	0.022	0	367
39194295	39195955	0	0	0	1960	0	0.056	0	368
40028124	45485671	0	0	0	2586	0	0.082	0	369
13406987	13407737	0	0	0	12	0	0.029	0	37
61476419	-100	0	0	0	-100	0	0.217	0	
8274083	-100	0	0	0	-100	0	0.223	0	
39791941	-100	0	0	0	-100	0	0.237	0	
23061113	32115766	0	0	0	2	0	0.03	0	373
21727015	36111009	0	0	0	436	0	0.018	0	374
16124663	16126160	0	0	0	627	0	0.037	0	375
37095624	-100	0	0	0	-100	0	0.223	0	
61999188	62001869	0	0	0	894	0	0.039	0	377
52561764	-100	0	0	0	-100	0	0.226	0	
29512112	54557611	0	0	0	16	0	0.024	0	379
36687185	-100	0	0	0	-100	0	0.237	0	
23725631	23729016	0	0	0	428	0	0.033	0	380
41552514	-100	0	0	0	-100	0	0.214	0	
1990032	-100	0	0	0	-100	0	0.242	0	
7754713	-100	0	0	0	-100	0	0.202	0	
32737268	-100	0	0	0	-100	0	0.219	0	
45666043	46107312	0	0	0	97	0	0.025	0	386
55967949	55969287	0	0	0	3061	0	0.073	0	387
4390112	4390945	0	0	0	257	0	0.023	0	389
4974617	-100	0	0	0	-100	0	0.211	0	
6841263	25034867	0	0	0	93	0	0.018	0	390
12487923	-100	0	0	0	-100	0	0.224	0	
54132563	54135026	0	0	0	552	0	0.022	0	392
17432233	-100	0	0	0	-100	0	0.202	0	
28277715	-100	0	0	0	-100	0	0.224	0	
1326510	-100	0	0	0	-100	0	0.224	0	
7292588	-100	0	0	0	-100	0	0.2	0	
27687751	29032658	0	0	0	308	0	0.023	0	397
60060462	-100	0	0	0	-100	0	0.232	0	
1659614	46792046	0	0	0	8650	0	0.191	0	399
54656017	-100	0	0	0	-100	0	0.224	0	
34316306	48990136	0	0	0	6	0	0.007	0	40
13331610	55442633	0	0	0	319	0	0.019	0	400
61318092	61452913	0	0	0	13	0	0.014	0	401
31063055	40843719	0	0	0	2157	0	0.066	0	402
6999845	-100	0	0	0	-100	0	0.223	0	
7305614	57014731	0	0	0	1661	0	0.044	0	404
24770397	24770614	0	0	0	7125	0	0.17	0	405
8621052	33260200	0	0	0	3997	0	0.099	0	406
19896142	24769623	0	0	0	15	0	0.006	0	407
33157910	33280524	0	0	0	1	0	0.008	0	408
2748866	2749263	0	0	0	1	0	0.018	0	409
14952141	-100	0	0	0	-100	0	0.219	0	
29825352	29845131	0	0	0	4	0	0.008	0	411
15856027	-100	0	0	0	-100	0	0.234	0	
17428841	36656866	0	0	0	52	0	0.012	0	413
35843485	35847567	0	0	0	1	0	0.035	0	414
22538802	-100	0	0	0	-100	0	0.25	0	
30797762	30837891	0	0	0	247	0	0.023	0	416
33444814	-100	0	0	0	-100	0	0.204	0	
61493830	-100	0	0	0	-100	0	0.224	0	
9048883	-100	0	0	0	-100	0	0.213	0	
46362227	46364828	0	0	0	2758	0	0.088	0	42
34018144	35444086	0	0	0	1	0	0.012	0	420
26919664	27388068	0	0	0	48	0	0.017	0	421
34203588	-100	0	0	0	-100	0	0.224	0	
5038305	-100	0	0	0	-100	0	0.22	0	
24901772	45475241	0	0	0	632	0	0.04	0	424
56223084	56225374	0	0	0	1349	0	0.054	0	425
30008658	-100	0	0	0	-100	0	0.237	0	
38293708	42719326	0	0	0	329	0	0.025	0	427
2483227	-100	0	0	0	-100	0	0.229	0	
57003010	-100	0	0	0	-100	0	0.208	0	
10186102	10192651	0	0	0	311	0	0.008	0	43
26600136	26621813	0	0	0	5651	0	0.126	0	430
18963580	-100	0	0	0	-100	0	0.033	0	
55524140	-100	0	0	0	-100	0	0.099	0	
57167890	59949212	0	0	0	20	0	0.011	0	433
18997021	-100	0	0	0	-100	0	0.208	0	
26540615	26541667	0	0	0	1	0	0.015	0	435
32103323	-100	0	0	0	-100	0	0.24	0	
1432336	-100	0	0	0	-100	0	0.2	0	
3529449	-100	0	0	0	-100	0	0.233	0	
20825039	-100	0	0	0	-100	0	0.064	0	
34842547	36138094	0	0	0	1	0	0.006	0	44
38656443	-100	0	0	0	-100	0	0.217	0	
44500144	-100	0	0	0	-100	0	0.236	0	
9123022	-100	0	0	0	-100	0	0.222	0	
21958189	26597542	0	0	0	651	0	0.036	0	443
6415186	13837668	0	0	0	322	0	0.016	0	445
42326130	42360760	0	0	0	13	0	0.009	0	446
17457862	17476526	0	0	0	309	0	0.004	0	447
20599721	-100	0	0	0	-100	0	0.205	0	
60151358	60153693	0	0	0	1	0	0.017	0	449
3114997	-100	0	0	0	-100	0	0.22	0	
48617011	61000033	0	0	0	4208	0	0.105	0	450
10343177	10343741	0	0	0	6616	0	0.165	0	451
12122317	12276668	0	0	0	7450	0	0.176	0	452
59626494	-100	0	0	0	-100	0	0.219	0	
27464190	42062557	0	0	0	17	0	0.011	0	454
30266009	30277865	0	0	0	1	0	0.019	0	455
31969547	40227333	0	0	0	2311	0	0.059	0	456
20981540	-100	0	0	0	-100	0	0.241	0	
5099967	-100	0	0	0	-100	0	0.227	0	
17945003	18035286	0	0	0	50	0	0.028	0	459
20932939	20933134	0	0	0	2	0	0.025	0	46
8247552	48603877	0	0	0	1	0	0.005	0	460
16110898	-100	0	0	0	-100	0	0.216	0	
31605012	31611813	0	0	0	3454	0	0.083	0	462
36818877	-100	0	0	0	-100	0	0.211	0	
13561693	-100	0	0	0	-100	0	0.23	0	
179684	4610671	0	0	0	60	0	0.022	0	465
5722942	12701170	0	0	0	24	0	0.014	0	466
15060372	27645319	0	0	0	617	0	0.035	0	467
23004941	-100	0	0	0	-100	0	0.226	0	
4610073	18205234	0	0	0	723	0	0.037	0	469
52388910	-100	0	0	0	-100	0	0.225	0	
35506712	-100	0	0	0	-100	0	0.218	0	
51235025	51244047	0	0	0	2187	0	0.054	0	471
29329860	-100	0	0	0	-100	0	0.203	0	
22213452	-100	0	0	0	-100	0	0.208	0	
30263007	-100	0	0	0	-100	0	0.208	0	
29729049	-100	0	0	0	-100	0	0.213	0	
2999952	-100	0	0	0	-100	0	0.027	0	
47668769	-100	0	0	0	-100	0	0.25	0	
39690503	-100	0	0	0	-100	0	0.217	0	
45204856	45264761	0	0	0	72	0	0.033	0	481
2868673	19703835	0	0	0	297	0	0.024	0	482
41622896	46253990	0	0	0	102	0	0.012	0	483
11387564	16769758	0	0	0	16	0	0.029	0	486
7979640	8028526	0	0	0	2559	0	0.078	0	487
30523825	35071659	0	0	0	494	0	0.022	0	488
55765938	60932525	0	0	0	4571	0	0.115	0	489
60246132	-100	0	0	0	-100	0	0.234	0	
55492141	55498738	0	0	0	426	0	0.029	0	490
5223789	29571936	0	0	0	7	0	0.006	0	491
13935357	-100	0	0	0	-100	0	0.248	0	
5094960	-100	0	0	0	-100	0	0.202	0	
1417121	37448198	0	0	0	1	0	0.021	0	494
11910558	11938359	0	0	0	5045	0	0.133	0	495
28511802	33930037	0	0	0	31	0	0.021	0	496
48347642	55214156	0	0	0	641	0	0.051	0	497
37861410	-100	0	0	0	-100	0	0.241	0	
59761144	-100	0	0	0	-100	0	0.224	0	
4187850	4191253	0	0	0	1	0	0.001	0	5
52538669	52667937	0	0	0	1	0	0.015	0	50
14034478	33142145	0	0	0	416	0	0.031	0	500
13743357	-100	0	0	0	-100	0	0.205	0	
9864328	13781225	0	0	0	1	0	0.027	0	502
10106936	43365382	0	0	0	127	0	0.007	0	503
10605469	-100	0	0	0	-100	0	0.211	0	
46510891	46515831	0	0	0	1	0	0.007	0	505
12432084	-100	0	0	0	-100	0	0.206	0	
15053173	-100	0	0	0	-100	0	0.226	0	
11263396	21378938	0	0	0	3	0	0.03	0	509
38491608	-100	0	0	0	-100	0	0.239	0	
34559607	34566179	0	0	0	904	0	0.036	0	510
4829437	-100	0	0	0	-100	0	0.132	0	
25538776	25540033	0	0	0	650	0	0.04	0	512
23529563	-100	0	0	0	-100	0	0.213	0	
43141124	-100	0	0	0	-100	0	0.172	0	
13065271	13865853	0	0	0	1	0	0.022	0	515
12516584	14363929	0	0	0	10	0	0.002	0	516
59616117	-100	0	0	0	-100	0	0.213	0	
14066120	14067547	0	0	0	115	0	0.006	0	518
13343874	13360783	0	0	0	6	0	0.006	0	519
43989414	43995946	0	0	0	6	0	0.018	0	52
42976708	43100934	0	0	0	9	0	0.017	0	520
2206270	-100	0	0	0	-100	0	0.119	0	
22653233	22657386	0	0	0	1	0	0.0	0	522
48356152	-100	0	0	0	-100	0	0.204	0	
10962044	10984490	0	0	0	9	0	0.009	0	524
11989319	29315133	0	0	0	156	0	0.031	0	525
52541086	53190412	0	0	0	594	0	0.03	0	526
54476881	-100	0	0	0	-100	0	0.234	0	
51332851	-100	0	0	0	-100	0	0.13	0	
34185286	-100	0	0	0	-100	0	0.221	0	
4149229	-100	0	0	0	-100	0	0.238	0	
10854274	10855534	0	0	0	444	0	0.035	0	530
41556257	-100	0	0	0	-100	0	0.222	0	
45980501	-100	0	0	0	-100	0	0.226	0	
1191240	-100	0	0	0	-100	0	0.218	0	
29991889	-100	0	0	0	-100	0	0.183	0	
26321728	-100	0	0	0	-100	0	0.217	0	
16622398	-100	0	0	0	-100	0	0.222	0	
28680879	-100	0	0	0	-100	0	0.228	0	
14000715	-100	0	0	0	-100	0	0.232	0	
7555545	7556636	0	0	0	1	0	0.006	0	54
37855794	-100	0	0	0	-100	0	0.222	0	
58302970	58306832	0	0	0	6	0	0.018	0	541
51749081	-100	0	0	0	-100	0	0.215	0	
39665300	-100	0	0	0	-100	0	0.214	0	
18456450	18456695	0	0	0	490	0	0.025	0	544
7860480	40738263	0	0	0	2355	0	0.073	0	545
13020695	29507669	0	0	0	2	0	0.028	0	546
32160401	-100	0	0	0	-100	0	0.23	0	
27630523	27632805	0	0	0	1	0	0.025	0	548
36281187	36675012	0	0	0	4	0	0.008	0	549
57886451	57886648	0	0	0	2	0	0.022	0	55
32348660	36407941	0	0	0	678	0	0.023	0	550
4975394	22724064	0	0	0	3	0	0.02	0	551
37911950	53320015	0	0	0	1718	0	0.044	0	552
56727833	-100	0	0	0	-100	0	0.225	0	
35231982	35276564	0	0	0	441	0	0.015	0	554
54546367	59726288	0	0	0	1	0	0.002	0	555
15832631	-100	0	0	0	-100	0	0.205	0	
25576363	-100	0	0	0	-100	0	0.212	0	
28547419	28564029	0	0	0	6	0	0.024	0	558
56988898	-100	0	0	0	-100	0	0.225	0	
32720478	32741319	0	0	0	1	0	0.003	0	56
16880645	-100	0	0	0	-100	0	0.2	0	
17404683	17407948	0	0	0	9744	0	0.209	0	561
57250160	57264084	0	0	0	1	0	0.009	0	562
11637063	11660758	0	0	0	4	0	0.0	0	563
52006987	-100	0	0	0	-100	0	0.19	0	
52060862	52069804	0	0	0	3	0	0.015	0	565
29504070	29614410	0	0	0	1470	0	0.038	0	566
7704526	-100	0	0	0	-100	0	0.218	0	
50705571	51219755	0	0	0	132	0	0.004	0	568
1149764	-100	0	0	0	-100	0	0.203	0	
58448071	58449034	0	0	0	1	0	0.016	0	57
507884	6277646	0	0	0	5160	0	0.124	0	570
13298793	13310496	0	0	0	110	0	0.021	0	571
27363861	-100	0	0	0	-100	0	0.16	0	
43878810	43891849	0	0	0	1	0	0.025	0	573
7703358	-100	0	0	0	-100	0	0.215	0	
25622109	58810888	0	0	0	8956	0	0.207	0	575
16365826	16404173	0	0	0	19	0	0.021	0	576
16090612	16092347	0	0	0	5801	0	0.123	0	578
37062120	37078753	0	0	0	2177	0	0.061	0	579
15155237	15173692	0	0	0	36	0	0.024	0	58
35012814	-100	0	0	0	-100	0	0.236	0	
41867111	-100	0	0	0	-100	0	0.234	0	
7439175	-100	0	0	0	-100	0	0.232	0	
12157137	-100	0	0	0	-100	0	0.223	0	
26895238	30320369	0	0	0	9052	0	0.197	0	584
218747	1150464	0	0	0	1	0	0.028	0	585
34438946	34440316	0	0	0	1	0	0.041	0	586
8245909	8299107	0	0	0	8269	0	0.191	0	587
11632203	11649104	0	0	0	142	0	0.007	0	588
23709529	-100	0	0	0	-100	0	0.13	0	
1022487	3379956	0	0	0	3	0	0.028	0	59
405953	6203015	0	0	0	11	0	0.025	0	590
1408361	13587502	0	0	0	1	0	0.005	0	591
39681190	39681349	0	0	0	139	0	0.02	0	592
3844010	13728425	0	0	0	8254	0	0.191	0	593
13280921	13281089	0	0	0	43	0	0.017	0	594
23165475	-100	0	0	0	-100	0	0.217	0	
11630823	14878938	0	0	0	1001	0	0.041	0	596
26310824	26311379	0	0	0	1	0	0.002	0	597
27621522	27624286	0	0	0	3155	0	0.082	0	598
709146	3874624	0	0	0	6	0	0.021	0	599
53205907	-100	0	0	0	-100	0	0.227	0	
62077796	62078530	0	0	0	1183	0	0.025	0	60
24739986	-100	0	0	0	-100	0	0.228	0	
10915568	36796290	0	0	0	191	0	0.03	0	601
7904281	41860785	0	0	0	1	0	0.006	0	602
53842888	55292768	0	0	0	9	0	0.011	0	603
7179062	-100	0	0	0	-100	0	0.237	0	
39821244	-100	0	0	0	-100	0	0.205	0	
3240609	-100	0	0	0	-100	0	0.211	0	
29381290	29563849	0	0	0	4351	0	0.117	0	608
5337370	-100	0	0	0	-100	0	0.186	0	
25377341	-100	0	0	0	-100	0	0.216	0	
14657092	-100	0	0	0	-100	0	0.186	0	
50163959	50164588	0	0	0	5959	0	0.132	0	611
15036633	35251395	0	0	0	337	0	0.026	0	612
17657761	17658902	0	0	0	1	0	0.011	0	613
23162398	23172567	0	0	0	42	0	0.015	0	614
6759560	38890959	0	0	0	205	0	0.013	0	615
42044116	-100	0	0	0	-100	0	0.22	0	
44914938	44920101	0	0	0	2953	0	0.076	0	617
49638281	49639536	0	0	0	1221	0	0.033	0	618
33647458	33648596	0	0	0	6141	0	0.131	0	619
37697155	37710525	0	0	0	7880	0	0.178	0	62
23161514	-100	0	0	0	-100	0	0.203	0	
11935689	27726049	0	0	0	4	0	0.029	0	621
29190790	29201599	0	0	0	3418	0	0.085	0	622
58550903	-100	0	0	0	-100	0	0.225	0	
40462612	-100	0	0	0	-100	0	0.226	0	
733717	27879680	0	0	0	1	0	0.005	0	625
45751978	45769950	0	0	0	6149	0	0.146	0	626
2837854	2838107	0	0	0	220	0	0.013	0	627
37840682	37879781	0	0	0	109	0	0.013	0	628
49267066	49287221	0	0	0	50	0	0.004	0	629
52376111	59996751	0	0	0	12	0	0.002	0	63
4810026	5679764	0	0	0	94	0	0.01	0	630
1664262	-100	0	0	0	-100	0	0.181	0	
3647331	-100	0	0	0	-100	0	0.239	0	
4285346	-100	0	0	0	-100	0	0.1	0	
27393985	45179671	0	0	0	713	0	0.044	0	634
7168484	47649507	0	0	0	1	0	0.004	0	635
25518171	25539269	0	0	0	218	0	0.019	0	636
53305408	-100	0	0	0	-100	0	0.222	0	
56463341	-100	0	0	0	-100	0	0.239	0	
59808321	59828544	0	0	0	1	0	0.01	0	639
23802209	41119365	0	0	0	19	0	0.017	0	64
11362002	-100	0	0	0	-100	0	0.202	0	
10051221	-100	0	0	0	-100	0	0.225	0	
22371789	60771584	0	0	0	4	0	0.024	0	642
19176029	32857449	0	0	0	2616	0	0.057	0	643
36265109	-100	0	0	0	-100	0	0.22	0	
29245312	29287610	0	0	0	248	0	0.016	0	645
6642050	-100	0	0	0	-100	0	0.211	0	
30051662	-100	0	0	0	-100	0	0.221	0	
46272628	48061343	0	0	0	9525	0	0.213	0	648
18701018	-100	0	0	0	-100	0	0.217	0	
55784120	-100	0	0	0	-100	0	0.228	0	
12933790	13009694	0	0	0	1785	0	0.048	0	650
7776022	60381580	0	0	0	16	0	0.017	0	651
8476975	-100	0	0	0	-100	0	0.227	0	
34167067	34229428	0	0	0	288	0	0.016	0	653
4806848	-100	0	0	0	-100	0	0.227	0	
3495422	3495984	0	0	0	2293	0	0.053	0	655
29851098	29867841	0	0	0	1	0	0.013	0	656
27176432	27200350	0	0	0	31	0	0.022	0	657
30096963	-100	0	0	0	-100	0	0.209	0	
18308866	42676256	0	0	0	1	0	0.005	0	66
28746372	-100	0	0	0	-100	0	0.205	0	
18975512	-100	0	0	0	-100	0	0.211	0	
14939242	16077809	0	0	0	1	0	0.014	0	662
50777836	-100	0	0	0	-100	0	0.241	0	
14883128	14886524	0	0	0	2	0	0.008	0	664
31806336	31809625	0	0	0	1	0	0.022	0	665
1659641	1678924	0	0	0	1	0	0.02	0	666
5847480	-100	0	0	0	-100	0	0.224	0	
16355634	33640835	0	0	0	164	0	0.024	0	668
10156044	21874774	0	0	0	3986	0	0.091	0	669
53161886	53162484	0	0	0	3194	0	0.076	0	67
46223437	46358574	0	0	0	4	0	0.019	0	670
31407210	-100	0	0	0	-100	0	0.231	0	
2209929	5497348	0	0	0	5	0	0.011	0	672
15203541	32067213	0	0	0	113	0	0.02	0	673
2182408	-100	0	0	0	-100	0	0.22	0	
12764696	12765186	0	0	0	1	0	0.013	0	675
56446068	56468171	0	0	0	1994	0	0.071	0	676
9136734	15814328	0	0	0	6	0	0.024	0	678
4279023	-100	0	0	0	-100	0	0.201	0	
14139265	-100	0	0	0	-100	0	0.237	0	
1919626	-100	0	0	0	-100	0	0.235	0	
52180744	52185464	0	0	0	394	0	0.022	0	681
1977742	-100	0	0	0	-100	0	0.216	0	
38767653	38770895	0	0	0	1	0	0.019	0	683
9783512	9783866	0	0	0	6	0	0.031	0	684
39422973	39423858	0	0	0	9820	0	0.208	0	685
34134252	-100	0	0	0	-100	0	0.219	0	
14302834	14314410	0	0	0	39	0	0.029	0	687
48842016	-100	0	0	0	-100	0	0.218	0	
57390595	-100	0	0	0	-100	0	0.215	0	
9903718	9907328	0	0	0	1983	0	0.096	0	69
221185	-100	0	0	0	-100	0	0.269	0	
21316374	-100	0	0	0	-100	0	0.224	0	
32696870	-100	0	0	0	-100	0	0.203	0	
31762923	43074272	0	0	0	1314	0	0.036	0	693
13189650	-100	0	0	0	-100	0	0.229	0	
42828859	43073800	0	0	0	1038	0	0.037	0	696
48705742	48733619	0	0	0	1394	0	0.038	0	697
8039896	8067038	0	0	0	8986	0	0.202	0	698
59588564	-100	0	0	0	-100	0	0.231	0	
36950532	36958661	0	0	0	5984	0	0.126	0	7
7023539	-100	0	0	0	-100	0	0.209	0	
53821315	53840959	0	0	0	1	0	0.03	0	700
32849257	32892908	0	0	0	174	0	0.021	0	701
15611089	-100	0	0	0	-100	0	0.229	0	
28130531	-100	0	0	0	-100	0	0.209	0	
30489754	30500236	0	0	0	21	0	0.017	0	704
3925836	16333783	0	0	0	1	0	0.015	0	705
15611024	-100	0	0	0	-100	0	0.214	0	
27391205	59325270	0	0	0	344	0	0.027	0	707
36256242	36323932	0	0	0	828	0	0.033	0	708
3488048	-100	0	0	0	-100	0	0.223	0	
8635981	-100	0	0	0	-100	0	0.242	0	
4275050	-100	0	0	0	-100	0	0.216	0	
4274386	4282662	0	0	0	1032	0	0.02	0	711
30388453	43215529	0	0	0	445	0	0.037	0	712
40343663	40356990	0	0	0	5	0	0.013	0	713
22400980	-100	0	0	0	-100	0	0.254	0	
3989111	-100	0	0	0	-100	0	0.233	0	
20264616	27918831	0	0	0	3217	0	0.122	0	716
1913541	1914342	0	0	0	1553	0	0.055	0	717
20002029	22521324	0	0	0	119	0	0.033	0	718
4272939	-100	0	0	0	-100	0	0.227	0	
2828738	2843796	0	0	0	446	0	0.029	0	72
5583646	5644670	0	0	0	3	0	0.016	0	722
12923657	58614226	0	0	0	27	0	0.015	0	723
11164982	-100	0	0	0	-100	0	0.217	0	
13131803	13185457	0	0	0	27	0	0.035	0	725
57992892	58011898	0	0	0	137	0	0.012	0	726
35116327	58848694	0	0	0	4640	0	0.112	0	727
57515813	-100	0	0	0	-100	0	0.211	0	
2828637	-100	0	0	0	-100	0	0.223	0	
2437283	-100	0	0	0	-100	0	0.248	0	
14138360	53030882	0	0	0	5021	0	0.142	0	731
14118775	-100	0	0	0	-100	0	0.208	0	
33939687	33988934	0	0	0	544	0	0.047	0	733
24194631	24196949	0	0	0	2493	0	0.054	0	734
38861985	-100	0	0	0	-100	0	0.217	0	
45505477	-100	0	0	0	-100	0	0.227	0	
34559984	-100	0	0	0	-100	0	0.303	0	
35204104	46915878	0	0	0	43	0	0.025	0	738
9843177	9934790	0	0	0	1439	0	0.06	0	739
40050243	40052857	0	0	0	4338	0	0.113	0	74
33039199	-100	0	0	0	-100	0	0.276	0	
31378816	-100	0	0	0	-100	0	0.215	0	
14821846	-100	0	0	0	-100	0	0.234	0	
6741050	-100	0	0	0	-100	0	0.225	0	
24459495	-100	0	0	0	-100	0	0.246	0	
42796710	-100	0	0	0	-100	0	0.245	0	
11425576	-100	0	0	0	-100	0	0.227	0	
39397254	39400018	0	0	0	174	0	0.041	0	747
3378520	3541632	0	0	0	960	0	0.045	0	748
46474889	46502745	0	0	0	81	0	0.009	0	749
48965685	48967213	0	0	0	1	0	0.009	0	75
8087438	58417324	0	0	0	2438	0	0.08	0	750
55387656	-100	0	0	0	-100	0	0.24	0	
55258304	55297953	0	0	0	1	0	0.022	0	752
28910892	-100	0	0	0	-100	0	0.231	0	
30745837	31297745	0	0	0	1	0	0.0	0	754
5985273	23289157	0	0	0	356	0	0.046	0	755
19491626	-100	0	0	0	-100	0	0.233	0	
5841992	5842583	0	0	0	287	0	0.034	0	757
50930693	51020354	0	0	0	292	0	0.029	0	758
8805521	-100	0	0	0	-100	0	0.219	0	
53421559	53426022	0	0	0	254	0	0.031	0	76
4531085	4531201	0	0	0	1	0	0.024	0	760
49261221	-100	0	0	0	-100	0	0.257	0	
24213942	36774770	0	0	0	136	0	0.005	0	762
14037656	47260470	0	0	0	2067	0	0.07	0	763
40601894	-100	0	0	0	-100	0	0.232	0	
9511499	17488259	0	0	0	1	0	0.013	0	765
28267104	28306704	0	0	0	1166	0	0.056	0	766
9116036	13443532	0	0	0	13	0	0.034	0	767
2957759	-100	0	0	0	-100	0	0.217	0	
20701397	-100	0	0	0	-100	0	0.268	0	
59712985	59765650	0	0	0	2430	0	0.076	0	77
7938373	-100	0	0	0	-100	0	0.218	0	
7676223	-100	0	0	0	-100	0	0.234	0	
8619133	8619356	0	0	0	1	0	0.035	0	772
46735324	55225535	0	0	0	378	0	0.038	0	774
32317370	59526616	0	0	0	4846	0	0.119	0	775
56434495	-100	0	0	0	-100	0	0.209	0	
40705852	-100	0	0	0	-100	0	0.231	0	
56696510	-100	0	0	0	-100	0	0.246	0	
44396538	44637879	0	0	0	12	0	0.017	0	779
9162001	16308861	0	0	0	1	0	0.015	0	78
5840529	-100	0	0	0	-100	0	0.03	0	
29312444	54599136	0	0	0	1	0	0.02	0	781
17035464	-100	0	0	0	-100	0	0.227	0	
55385298	-100	0	0	0	-100	0	0.2	0	
9771868	12276683	0	0	0	483	0	0.04	0	784
37296785	-100	0	0	0	-100	0	0.191	0	
32577466	-100	0	0	0	-100	0	0.212	0	
52762511	55387065	0	0	0	2939	0	0.08	0	787
11065606	12136300	0	0	0	169	0	0.02	0	788
326487	-100	0	0	0	-100	0	0.212	0	
54858938	54895996	0	0	0	120	0	0.01	0	790
2501737	24555288	0	0	0	139	0	0.02	0	791
57132337	57151379	0	0	0	1	0	0.01	0	792
23401376	-100	0	0	0	-100	0	693.859	0	
594782	-100	0	0	0	-100	0	0.554	0	
19469145	19469878	0	0	0	1	0	0.071	0	795
15191103	17736337	0	0	0	8836	0	0.35	0	796
332554	-100	0	0	0	-100	0	0.355	0	
40178332	40195129	0	0	0	1	0	0.047	0	798
40059618	40059902	0	0	0	8	0	0.005	0	799
6803918	6804029	0	0	0	1	0	0.013	0	8
41100523	-100	0	0	0	-100	0	0.382	0	
19808054	34047732	0	0	0	1	0	0.044	0	800
4715829	32073454	0	0	0	16	0	0.055	0	801
11596959	11604285	0	0	0	6269	0	0.252	0	802
5312773	5326564	0	0	0	4	0	0.046	0	803
21333990	24081405	0	0	0	1702	0	0.089	0	804
30420182	30420336	0	0	0	215	0	0.03	0	805
43445184	44109929	0	0	0	19	0	0.043	0	806
38181357	40439909	0	0	0	29	0	0.034	0	807
19213084	29167707	0	0	0	560	0	0.024	0	808
44511121	44511401	0	0	0	1097	0	0.069	0	81
8903400	8903811	0	0	0	1299	0	0.071	0	810
5923702	5924248	0	0	0	6568	0	0.289	0	811
16322465	16325277	0	0	0	2341	0	0.138	0	812
24973123	26971680	0	0	0	4	0	0.01	0	813
24750218	31154429	0	0	0	8	0	0.03	0	814
54857347	54858015	0	0	0	79	0	0.019	0	815
53546616	53664253	0	0	0	2907	0	0.121	0	816
8373783	-100	0	0	0	-100	0	0.278	0	
36163846	-100	0	0	0	-100	0	0.221	0	
8070098	8081735	0	0	0	15	0	0.007	0	82
711770	-100	0	0	0	-100	0	0.156	0	
13280932	15272971	0	0	0	5	0	0.006	0	821
41487287	-100	0	0	0	-100	0	0.013	0	
2689963	-100	0	0	0	-100	0	0.151	0	
7820145	8782895	0	0	0	69	0	0.013	0	824
52317134	-100	0	0	0	-100	0	0.538	0	
44632652	44664807	0	0	0	4999	0	0.362	0	826
18507518	-100	0	0	0	-100	0	0.398	0	
30937987	43218715	0	0	0	2	0	0.009	0	828
43724903	43726871	0	0	0	166	0	0.015	0	83
593403	27068650	0	0	0	381	0	0.01	0	830
32049360	-100	0	0	0	-100	0	0.316	0	
51741014	-100	0	0	0	-100	0	0.253	0	
35250198	60098426	0	0	0	521	0	0.031	0	833
6357394	6358882	0	0	0	500	0	0.038	0	834
33097558	45525377	0	0	0	695	0	0.031	0	835
31000399	31000677	0	0	0	38	0	0.0	0	836
37124192	44369648	0	0	0	4229	0	0.116	0	837
29165104	29171442	0	0	0	48	0	0.016	0	838
19450536	19856468	0	0	0	1	0	0.022	0	839
3648797	32976919	0	0	0	2	0	0.016	0	84
56425276	-100	0	0	0	-100	0	0.271	0	
8312328	15042991	0	0	0	272	0	0.031	0	841
2688043	2690851	0	0	0	3083	0	0.09	0	842
23699731	28931487	0	0	0	5342	0	0.267	0	843
60621606	-100	0	0	0	-100	0	0.058	0	
46827433	52499568	0	0	0	18	0	0.031	0	845
13011532	20804145	0	0	0	9082	0	0.323	0	846
32866306	32868136	0	0	0	20	0	0.029	0	847
7451442	-100	0	0	0	-100	0	0.33	0	
12262019	-100	0	0	0	-100	0	0.451	0	
50274433	50282452	0	0	0	1	0	0.048	0	85
70880	-100	0	0	0	-100	0	0.306	0	
36021322	36024325	0	0	0	5	0	0.014	0	851
41483552	-100	0	0	0	-100	0	0.33	0	
17628207	19205531	0	0	0	9	0	0.022	0	856
18938845	18950043	0	0	0	934	0	0.082	0	857
42007362	42008967	0	0	0	1	0	0.004	0	858
2506119	2685501	0	0	0	17	0	0.005	0	859
6238216	6238547	0	0	0	7	0	0.022	0	86
26831382	55559308	0	0	0	25	0	0.014	0	860
55995817	59308422	0	0	0	69	0	0.004	0	861
39908634	39909688	0	0	0	85	0	0.036	0	862
7665912	-100	0	0	0	-100	0	0.263	0	
12677711	51619955	0	0	0	29	0	0.019	0	864
5908961	-100	0	0	0	-100	0	0.241	0	
55637772	55714406	0	0	0	1868	0	0.08	0	866
52753902	52778061	0	0	0	28	0	0.009	0	867
55375221	-100	0	0	0	-100	0	0.277	0	
11631777	38717447	0	0	0	105	0	0.021	0	869
40574918	-100	0	0	0	-100	0	0.051	0	
44102989	44637892	0	0	0	173	0	0.03	0	871
37656076	-100	0	0	0	-100	0	0.415	0	
17489857	57210107	0	0	0	3141	0	0.173	0	873
28374185	-100	0	0	0	-100	0	0.284	0	
16566771	-100	0	0	0	-100	0	0.437	0	
29160601	29806039	0	0	0	1	0	0.011	0	876
48063162	48064179	0	0	0	6072	0	0.225	0	877
21894450	-100	0	0	0	-100	0	0.415	0	
37953246	37953843	0	0	0	622	0	0.028	0	88
17363886	17364987	0	0	0	545	0	0.028	0	880
9761158	9761392	0	0	0	11	0	0.009	0	881
49117293	49118587	0	0	0	5112	0	0.112	0	882
5078387	16590329	0	0	0	1	0	0.008	0	883
11269678	-100	0	0	0	-100	0	0.304	0	
44625665	44629067	0	0	0	1	0	0.034	0	885
56855059	56946349	0	0	0	40	0	0.027	0	886
42171663	-100	0	0	0	-100	0	0.32	0	
8855000	-100	0	0	0	-100	0	0.273	0	
4113845	42587067	0	0	0	1475	0	0.049	0	892
3558609	12905951	0	0	0	6870	0	0.151	0	893
19362455	19383427	0	0	0	81	0	0.009	0	894
20126354	20245865	0	0	0	1	0	0.007	0	895
12419603	-100	0	0	0	-100	0	0.278	0	
12171377	46370615	0	0	0	489	0	0.036	0	897
49814895	49817446	0	0	0	79	0	0.029	0	898
18581560	-100	0	0	0	-100	0	0.242	0	
14143730	14144415	0	0	0	7661	0	0.173	0	9
33495839	33496137	0	0	0	1	0	0.006	0	90
13429656	13438512	0	0	0	209	0	0.025	0	900
17373210	-100	0	0	0	-100	0	0.234	0	
14825427	-100	0	0	0	-100	0	0.3	0	
33876647	33877510	0	0	0	1384	0	0.073	0	905
12984861	-100	0	0	0	-100	0	0.147	0	
59828513	-100	0	0	0	-100	0	0.28	0	
32317266	-100	0	0	0	-100	0	0.255	0	
20127204	20131671	0	0	0	378	0	0.021	0	91
31254767	-100	0	0	0	-100	0	0.23	0	
58254685	-100	0	0	0	-100	0	0.322	0	
9336209	10657756	0	0	0	505	0	0.029	0	912
39381076	45841822	0	0	0	2	0	0.022	0	913
25831085	-100	0	0	0	-100	0	0.222	0	
36666368	36667957	0	0	0	4542	0	0.132	0	915
29681515	-100	0	0	0	-100	0	0.71	0	
10020653	49509960	0	0	0	449	0	0.026	0	917
11331314	11340223	0	0	0	1	0	0.01	0	918
13530054	13534723	0	0	0	91	0	0.03	0	919
47913054	47944348	0	0	0	126	0	0.045	0	92
60876410	-100	0	0	0	-100	0	0.34	0	
36759124	-100	0	0	0	-100	0	0.378	0	
5453361	8971837	0	0	0	2963	0	0.169	0	922
29251038	29252969	0	0	0	169	0	0.021	0	923
19719317	-100	0	0	0	-100	0	0.079	0	
5127600	5129788	0	0	0	15	0	0.027	0	925
48030786	48030795	0	0	0	11	0	0.048	0	926
883498	883536	0	0	0	31	0	0.032	0	927
4082065	30466949	0	0	0	797	0	0.044	0	928
4514679	27473463	0	0	0	23	0	0.032	0	929
41122518	47388091	0	0	0	75	0	0.021	0	93
10543987	-100	0	0	0	-100	0	0.509	0	
32301783	35940136	0	0	0	70	0	0.056	0	931
35709648	-100	0	0	0	-100	0	0.328	0	
2941491	33135019	0	0	0	627	0	0.022	0	933
1787752	1801258	0	0	0	24	0	0.009	0	934
12778463	12902688	0	0	0	32	0	0.002	0	935
40819566	41214159	0	0	0	150	0	0.022	0	936
3097593	3097806	0	0	0	8948	0	0.229	0	937
33380402	54181249	0	0	0	571	0	0.024	0	938
24958270	24960909	0	0	0	145	0	0.023	0	939
35591510	35611780	0	0	0	1481	0	0.043	0	94
44883810	44896180	0	0	0	3	0	0.036	0	940
10451585	10462806	0	0	0	4	0	0.018	0	941
52393148	52394623	0	0	0	1	0	0.02	0	942
4534679	-100	0	0	0	-100	0	0.251	0	
8059673	-100	0	0	0	-100	0	0.241	0	
18407083	-100	0	0	0	-100	0	0.246	0	
12826887	-100	0	0	0	-100	0	0.217	0	
19347004	31776359	0	0	0	65	0	0.009	0	947
39604917	46718471	0	0	0	4	0	0.018	0	948
8492761	28630530	0	0	0	171	0	0.014	0	949
12724887	-100	0	0	0	-100	0	0.245	0	
9820027	23763748	0	0	0	5239	0	0.141	0	950
36756336	-100	0	0	0	-100	0	0.244	0	
15396193	27620277	0	0	0	3398	0	0.096	0	953
17001780	-100	0	0	0	-100	0	0.27	0	
51510308	-100	0	0	0	-100	0	0.286	0	
1061152	5823469	0	0	0	64	0	0.027	0	956
18406369	-100	0	0	0	-100	0	0.232	0	
56679102	56683185	0	0	0	4	0	0.029	0	959
61803664	-100	0	0	0	-100	0	0.09	0	
3299834	7658060	0	0	0	1893	0	0.073	0	960
17205700	-100	0	0	0	-100	0	0.24	0	
36491006	36512643	0	0	0	1	0	0.008	0	962
46457449	46458363	0	0	0	6	0	0.012	0	963
39938409	58513592	0	0	0	6	0	0.017	0	964
5397782	-100	0	0	0	-100	0	0.226	0	
38417190	-100	0	0	0	-100	0	0.237	0	
12906970	-100	0	0	0	-100	0	0.255	0	
28925143	-100	0	0	0	-100	0	0.246	0	
6083948	30530364	0	0	0	6	0	0.034	0	969
24377720	30084109	0	0	0	4	0	0.01	0	97
23757166	23758399	0	0	0	544	0	0.044	0	970
11064670	-100	0	0	0	-100	0	0.254	0	
14210378	-100	0	0	0	-100	0	0.226	0	
4579574	5655624	0	0	0	427	0	0.041	0	973
40656857	40685032	0	0	0	135	0	0.02	0	974
22336015	22367511	0	0	0	8	0	0.013	0	975
13685262	-100	0	0	0	-100	0	0.257	0	
3668128	54311116	0	0	0	1	0	0.019	0	977
7401888	33058340	0	0	0	11	0	0.019	0	978
9851188	16136461	0	0	0	1	0	0.015	0	979
58395488	-100	0	0	0	-100	0	0.309	0	
33870219	-100	0	0	0	-100	0	0.257	0	
21692406	-100	0	0	0	-100	0	0.243	0	
8623657	40685771	0	0	0	11	0	0.01	0	982
7302053	14471224	0	0	0	1293	0	0.059	0	983
2674649	-100	0	0	0	-100	0	0.226	0	
3416728	34139882	0	0	0	7767	0	0.187	0	985
53530497	-100	0	0	0	-100	0	0.233	0	
21303	44247614	0	0	0	63	0	0.027	0	987
2674462	2685636	0	0	0	454	0	0.026	0	988
1275852	2881491	0	0	0	424	0	0.035	0	989
28809958	28827006	0	0	0	1	0	0.014	0	99
40160904	40167231	0	0	0	21	0	0.014	0	991
35966588	-100	0	0	0	-100	0	0.236	0	
48188737	48189026	0	0	0	92	0	0.011	0	993
11565255	43830849	0	0	0	1	0	0.005	0	995
27232053	27315687	0	0	0	1	0	0.004	0	996
416345	41704561	0	0	0	4640	0	0.117	0	997
4770918	-100	0	0	0	-100	0	0.24	0	
