testPostId	trainPostId	TitleSim	BodySim	TagSim	LuceneHitRank	ProposedHitRank	lucene_hit_duration	Proposed_hit_duration	LuceneTestTrueLabel
6549791	6551806	0	0	0	1	0	0.48	0	1
23063520	-100	0	0	0	-100	0	0.446	0	
61278669	61280032	0	0	0	2730	0	0.255	0	100
16376942	32612190	0	0	0	17	0	0.146	0	1000
38779944	43088282	0	0	0	587	0	0.136	0	1001
33344259	33371684	0	0	0	7527	0	0.553	0	1002
41470590	-100	0	0	0	-100	0	0.294	0	
4508119	52127154	0	0	0	73	0	0.074	0	1004
41077828	41105621	0	0	0	53	0	0.079	0	1008
52303316	53651609	0	0	0	5946	0	0.253	0	1009
29308174	37685434	0	0	0	52	0	0.1	0	101
29269124	32039711	0	0	0	72	0	0.17	0	1010
33519285	-100	0	0	0	-100	0	0.363	0	
2849832	-100	0	0	0	-100	0	0.265	0	
31291004	31396977	0	0	0	8580	0	0.205	0	1014
14676574	23970485	0	0	0	4530	0	0.159	0	1015
4769124	4769229	0	0	0	11	0	0.056	0	1016
25487373	25740313	0	0	0	1	0	0.077	0	1017
4892108	-100	0	0	0	-100	0	0.276	0	
9243816	40179693	0	0	0	1	0	0.073	0	1019
52627048	52648687	0	0	0	9	0	0.055	0	102
36696312	-100	0	0	0	-100	0	0.217	0	
3669315	30836009	0	0	0	965	0	0.116	0	1021
15277480	15303398	0	0	0	1	0	0.213	0	1022
2429485	10465805	0	0	0	335	0	0.08	0	1023
6722643	34652792	0	0	0	5622	0	0.148	0	1024
50381258	50401555	0	0	0	2	0	0.049	0	1025
61653399	61676227	0	0	0	1724	0	0.083	0	1026
18490942	18494218	0	0	0	360	0	0.07	0	1027
980149	981400	0	0	0	543	0	0.067	0	1028
14170770	-100	0	0	0	-100	0	0.213	0	
29179035	-100	0	0	0	-100	0	0.294	0	
3541529	13014145	0	0	0	3654	0	0.184	0	1033
31512485	33534115	0	0	0	23	0	0.105	0	1034
3641737	14232814	0	0	0	1186	0	0.106	0	1035
48283026	49397233	0	0	0	406	0	0.153	0	1036
3560710	-100	0	0	0	-100	0	0.343	0	
48282811	48302501	0	0	0	1	0	0.091	0	1038
18666218	-100	0	0	0	-100	0	0.329	0	
14091203	14091855	0	0	0	254	0	0.07	0	104
7912595	19535644	0	0	0	4945	0	0.182	0	1040
46709752	46724902	0	0	0	3	0	0.069	0	1041
9223153	-100	0	0	0	-100	0	0.291	0	
11126547	11149134	0	0	0	1	0	0.066	0	1043
163962	390977	0	0	0	10	0	0.067	0	1044
18701798	24088373	0	0	0	311	0	0.084	0	1045
3992874	-100	0	0	0	-100	0	0.252	0	
5396413	-100	0	0	0	-100	0	0.216	0	
893841	21590507	0	0	0	657	0	0.104	0	1048
13954299	-100	0	0	0	-100	0	0.261	0	
59267797	-100	0	0	0	-100	0	0.222	0	
24688959	24706053	0	0	0	316	0	0.049	0	1050
11602136	-100	0	0	0	-100	0	0.162	0	
55955656	56408112	0	0	0	2	0	0.051	0	1052
9619774	10679416	0	0	0	5906	0	0.149	0	1053
23377647	23389672	0	0	0	1318	0	0.101	0	1054
20717180	-100	0	0	0	-100	0	0.2	0	
5345803	-100	0	0	0	-100	0	0.16	0	
51951195	-100	0	0	0	-100	0	0.166	0	
21089553	21110352	0	0	0	1	0	0.038	0	1058
7811656	7910666	0	0	0	1	0	0.044	0	1059
4129430	-100	0	0	0	-100	0	0.187	0	
4571355	-100	0	0	0	-100	0	0.161	0	
308364	24765685	0	0	0	149	0	0.052	0	1061
22852717	22898881	0	0	0	3567	0	0.093	0	1062
2860722	3983131	0	0	0	2197	0	0.072	0	1063
29762813	29762892	0	0	0	44	0	0.07	0	1064
36749923	39920813	0	0	0	4543	0	0.092	0	1065
20114685	-100	0	0	0	-100	0	0.129	0	
4764048	-100	0	0	0	-100	0	0.16	0	
24013832	-100	0	0	0	-100	0	0.168	0	
104952	307478	0	0	0	1	0	0.043	0	1069
35586426	35587137	0	0	0	648	0	0.044	0	107
61869567	61873532	0	0	0	231	0	0.045	0	1070
32551089	-100	0	0	0	-100	0	0.182	0	
40544480	40553609	0	0	0	159	0	0.106	0	1072
2847410	-100	0	0	0	-100	0	0.207	0	
2978096	2981724	0	0	0	4234	0	0.095	0	1074
49590038	52581857	0	0	0	1373	0	0.057	0	1075
8433421	14857597	0	0	0	767	0	0.069	0	1076
56598489	56649481	0	0	0	584	0	0.109	0	1078
31301369	-100	0	0	0	-100	0	0.192	0	
40566994	40570886	0	0	0	106	0	0.041	0	108
30886056	30977618	0	0	0	1	0	0.045	0	1080
38487653	-100	0	0	0	-100	0	0.13	0	
7646512	-100	0	0	0	-100	0	0.138	0	
14368525	-100	0	0	0	-100	0	0.173	0	
5123361	36634632	0	0	0	35	0	0.042	0	109
642213	9743485	0	0	0	2925	0	0.078	0	1092
7492180	-100	0	0	0	-100	0	0.137	0	
33860576	-100	0	0	0	-100	0	0.134	0	
1092561	-100	0	0	0	-100	0	0.163	0	
19442400	26670147	0	0	0	1414	0	0.075	0	1096
35553999	35572515	0	0	0	452	0	0.071	0	1097
2897317	3091484	0	0	0	186	0	0.043	0	1098
35901417	35902965	0	0	0	689	0	0.077	0	11
8071851	8081919	0	0	0	1	0	0.047	0	110
53151044	53151521	0	0	0	1	0	0.058	0	111
14738335	28955478	0	0	0	2544	0	0.147	0	1119
17497801	17543093	0	0	0	52	0	0.098	0	112
25046418	25047109	0	0	0	1332	0	0.076	0	1120
2506167	-100	0	0	0	-100	0	0.195	0	
26845249	26876967	0	0	0	5623	0	0.125	0	1122
41463005	51423426	0	0	0	391	0	0.089	0	1123
30781811	30976131	0	0	0	85	0	0.127	0	1124
2770474	-100	0	0	0	-100	0	0.239	0	
22041699	42095280	0	0	0	3569	0	0.105	0	1126
15826893	15932767	0	0	0	1162	0	0.078	0	1129
13565594	13567029	0	0	0	937	0	0.096	0	113
9863610	36896140	0	0	0	2641	0	0.092	0	1131
43105753	43106069	0	0	0	12	0	0.053	0	1132
43558745	43562870	0	0	0	289	0	0.059	0	1133
6783939	6784152	0	0	0	215	0	0.054	0	1134
6858524	-100	0	0	0	-100	0	0.2	0	
8169243	-100	0	0	0	-100	0	0.183	0	
57441890	62091548	0	0	0	787	0	0.072	0	1137
26519082	39966190	0	0	0	76	0	0.074	0	1138
10454150	16033266	0	0	0	1	0	0.05	0	1139
48167985	48223804	0	0	0	26	0	0.061	0	114
13295089	14472359	0	0	0	1	0	0.082	0	1140
44960715	44977868	0	0	0	788	0	0.101	0	1141
16032789	16063402	0	0	0	2	0	0.052	0	1142
28405921	28408195	0	0	0	1	0	0.061	0	1143
50897768	-100	0	0	0	-100	0	0.213	0	
58508771	59884174	0	0	0	1	0	0.065	0	1145
22746429	28918861	0	0	0	9518	0	0.197	0	1146
2663170	37639386	0	0	0	3780	0	0.121	0	1147
5633784	11177580	0	0	0	889	0	0.061	0	1148
1459865	2925279	0	0	0	8	0	0.054	0	1149
58390998	-100	0	0	0	-100	0	0.177	0	
30993211	-100	0	0	0	-100	0	0.152	0	
27041788	27490165	0	0	0	7	0	0.041	0	1152
1875830	1876179	0	0	0	932	0	0.051	0	1153
49289854	-100	0	0	0	-100	0	0.166	0	
14730156	14730534	0	0	0	5246	0	0.102	0	1155
61120228	61143922	0	0	0	1106	0	0.065	0	1156
1613494	-100	0	0	0	-100	0	0.194	0	
10002082	-100	0	0	0	-100	0	0.182	0	
35701888	-100	0	0	0	-100	0	0.159	0	
32700265	32730915	0	0	0	3	0	0.04	0	116
41197021	-100	0	0	0	-100	0	0.13	0	
21143275	-100	0	0	0	-100	0	0.18	0	
18182016	-100	0	0	0	-100	0	0.173	0	
15444418	15444503	0	0	0	919	0	0.094	0	1163
3726326	-100	0	0	0	-100	0	0.193	0	
14457724	21480235	0	0	0	196	0	0.046	0	1165
6123327	7254131	0	0	0	8747	0	0.145	0	1166
15704276	-100	0	0	0	-100	0	0.13	0	
41720249	-100	0	0	0	-100	0	0.145	0	
7116610	7117069	0	0	0	9	0	0.053	0	1169
13586957	41628620	0	0	0	1	0	0.038	0	117
30385900	39590272	0	0	0	692	0	0.069	0	1170
27564257	27662074	0	0	0	1	0	0.059	0	1171
31814451	31866822	0	0	0	1	0	0.04	0	1172
33855611	33857489	0	0	0	2154	0	0.087	0	1173
1693634	-100	0	0	0	-100	0	0.16	0	
34836104	-100	0	0	0	-100	0	0.151	0	
48273253	48341888	0	0	0	1050	0	0.074	0	1176
21185634	-100	0	0	0	-100	0	0.193	0	
4807286	22654422	0	0	0	246	0	0.099	0	1179
30110297	38466574	0	0	0	151	0	0.062	0	118
10578359	-100	0	0	0	-100	0	0.135	0	
5355163	8230786	0	0	0	7	0	0.051	0	1181
33280217	-100	0	0	0	-100	0	0.182	0	
46961749	-100	0	0	0	-100	0	0.19	0	
21867222	49428082	0	0	0	49	0	0.044	0	1185
1212797	1213265	0	0	0	59	0	0.043	0	1186
33854388	38953523	0	0	0	6878	0	0.174	0	1187
24155026	-100	0	0	0	-100	0	0.184	0	
38021595	46437172	0	0	0	239	0	0.039	0	1189
29603018	29654457	0	0	0	1	0	0.039	0	119
21936507	-100	0	0	0	-100	0	0.175	0	
4385806	-100	0	0	0	-100	0	0.162	0	
48131712	55087826	0	0	0	2414	0	0.072	0	1192
55045367	55090524	0	0	0	1651	0	0.075	0	1193
25915607	25958491	0	0	0	1	0	0.046	0	1194
29135201	-100	0	0	0	-100	0	0.217	0	
5957134	27039019	0	0	0	6828	0	0.152	0	1196
11833571	-100	0	0	0	-100	0	0.152	0	
19269345	33553265	0	0	0	567	0	0.08	0	1198
39620802	39621098	0	0	0	28	0	0.039	0	1199
5109687	-100	0	0	0	-100	0	0.181	0	
50892964	52903503	0	0	0	3000	0	0.084	0	1200
51282912	51284346	0	0	0	6641	0	0.149	0	1201
840081	-100	0	0	0	-100	0	0.234	0	
6969465	6969584	0	0	0	1	0	0.138	0	1203
17862383	17920081	0	0	0	1	0	0.081	0	1204
11833070	-100	0	0	0	-100	0	0.224	0	
45990714	-100	0	0	0	-100	0	0.211	0	
14412846	-100	0	0	0	-100	0	0.321	0	
48835628	49057387	0	0	0	1123	0	0.106	0	1209
9848423	16813653	0	0	0	10	0	0.078	0	1210
822750	8985548	0	0	0	7	0	0.072	0	1211
17204487	-100	0	0	0	-100	0	0.234	0	
46960015	46960774	0	0	0	385	0	0.082	0	1213
5541256	5542443	0	0	0	10	0	0.061	0	1214
46435719	50833730	0	0	0	2377	0	0.17	0	1215
23629126	23654693	0	0	0	314	0	0.092	0	1216
8427691	23122555	0	0	0	113	0	0.062	0	1217
229924	11981434	0	0	0	122	0	0.124	0	1218
511768	40273809	0	0	0	1152	0	0.11	0	1219
59437118	59464455	0	0	0	1	0	0.089	0	122
33343188	-100	0	0	0	-100	0	0.225	0	
1047200	9912873	0	0	0	39	0	0.056	0	1221
4242469	-100	0	0	0	-100	0	0.33	0	
18648069	42649007	0	0	0	1438	0	0.116	0	1223
728233	11739804	0	0	0	2822	0	0.113	0	1224
1666802	23230003	0	0	0	412	0	0.075	0	1225
8424303	8424672	0	0	0	3369	0	0.234	0	1226
2268478	-100	0	0	0	-100	0	0.245	0	
14578711	14582270	0	0	0	8237	0	0.258	0	1228
33852194	33881027	0	0	0	32	0	0.1	0	1229
50261793	51372040	0	0	0	9641	0	0.269	0	123
21400254	42979325	0	0	0	1	0	0.119	0	1230
4276493	-100	0	0	0	-100	0	0.255	0	
6358375	23890539	0	0	0	284	0	0.13	0	1232
8891746	-100	0	0	0	-100	0	0.337	0	
46334463	47191531	0	0	0	113	0	0.058	0	1234
21556868	24414707	0	0	0	315	0	0.065	0	1235
46737054	-100	0	0	0	-100	0	0.277	0	
6850807	56050322	0	0	0	9	0	0.072	0	1237
1607748	1608733	0	0	0	1	0	0.075	0	1238
61376375	61599629	0	0	0	2	0	0.068	0	1239
53407371	-100	0	0	0	-100	0	0.218	0	
19841328	19864735	0	0	0	328	0	0.062	0	1240
49317541	49325813	0	0	0	2038	0	0.104	0	1241
1969579	13287963	0	0	0	8364	0	0.281	0	1242
1274022	-100	0	0	0	-100	0	0.282	0	
17711655	-100	0	0	0	-100	0	0.258	0	
43550191	-100	0	0	0	-100	0	0.251	0	
13141542	-100	0	0	0	-100	0	0.305	0	
6240894	12639578	0	0	0	4737	0	0.262	0	1247
8640351	8640644	0	0	0	3	0	0.073	0	1248
17012941	28100863	0	0	0	1277	0	0.186	0	1249
27977851	27979067	0	0	0	31	0	0.113	0	125
7038797	-100	0	0	0	-100	0	0.305	0	
16826585	17220872	0	0	0	25	0	0.075	0	1251
12049352	-100	0	0	0	-100	0	0.307	0	
27821106	27826117	0	0	0	485	0	0.14	0	1254
20632860	42701019	0	0	0	1564	0	0.149	0	1256
927574	-100	0	0	0	-100	0	0.317	0	
18383698	-100	0	0	0	-100	0	0.367	0	
4752028	4753977	0	0	0	7857	0	0.309	0	1259
49117489	-100	0	0	0	-100	0	0.336	0	
43811345	43864080	0	0	0	39	0	0.195	0	1260
9482912	17334786	0	0	0	15	0	0.153	0	1261
29561852	46082394	0	0	0	6821	0	0.642	0	1262
56603575	-100	0	0	0	-100	0	0.386	0	
24286173	28606941	0	0	0	56	0	0.065	0	1264
16468189	35019687	0	0	0	3456	0	0.104	0	1265
16214768	-100	0	0	0	-100	0	0.193	0	
3615724	5393997	0	0	0	849	0	0.072	0	1267
3440984	-100	0	0	0	-100	0	0.229	0	
2709124	4037525	0	0	0	1	0	0.043	0	1269
32504150	37458778	0	0	0	33	0	0.043	0	127
42762424	44468507	0	0	0	1	0	0.081	0	1270
22942255	22951378	0	0	0	22	0	0.079	0	1271
7937602	-100	0	0	0	-100	0	0.192	0	
33254054	33263734	0	0	0	2390	0	0.086	0	1273
5386477	-100	0	0	0	-100	0	0.147	0	
17400137	28465121	0	0	0	40	0	0.068	0	1275
39354086	39396028	0	0	0	15	0	0.042	0	1276
8945327	-100	0	0	0	-100	0	0.157	0	
23892018	23970565	0	0	0	7	0	0.065	0	1278
49839428	49870730	0	0	0	60	0	0.045	0	1279
2287731	-100	0	0	0	-100	0	0.162	0	
55344174	55379852	0	0	0	46	0	0.042	0	1280
3439589	47906066	0	0	0	3	0	0.041	0	1281
35160909	43809751	0	0	0	9472	0	0.154	0	1284
15235857	-100	0	0	0	-100	0	0.139	0	
25893828	-100	0	0	0	-100	0	0.182	0	
20583531	-100	0	0	0	-100	0	0.184	0	
32957830	32997699	0	0	0	1262	0	0.08	0	1288
51883017	-100	0	0	0	-100	0	0.152	0	
50362849	59601840	0	0	0	697	0	0.052	0	1290
4567875	4568057	0	0	0	1	0	0.039	0	1291
2043381	-100	0	0	0	-100	0	0.126	0	
6168107	-100	0	0	0	-100	0	0.165	0	
5656664	6936124	0	0	0	1866	0	0.061	0	1294
6322245	6322364	0	0	0	127	0	0.063	0	1295
145573	5813954	0	0	0	54	0	0.04	0	1296
5797837	-100	0	0	0	-100	0	0.155	0	
34602748	34602933	0	0	0	3722	0	0.082	0	1298
49793818	-100	0	0	0	-100	0	0.159	0	
55502417	55502720	0	0	0	4	0	0.052	0	130
16773789	-100	0	0	0	-100	0	0.166	0	
17440810	20813138	0	0	0	131	0	0.046	0	1302
40039303	57964217	0	0	0	3	0	0.053	0	1303
8453546	8681001	0	0	0	62	0	0.037	0	1304
28489762	28500533	0	0	0	269	0	0.048	0	1305
11826554	11832960	0	0	0	7418	0	0.122	0	1306
1935964	1963241	0	0	0	245	0	0.045	0	1307
23454793	23455104	0	0	0	1088	0	0.078	0	1308
27342524	27346593	0	0	0	2521	0	0.072	0	1309
41124382	-100	0	0	0	-100	0	0.18	0	
41448626	-100	0	0	0	-100	0	0.193	0	
11486622	11494403	0	0	0	9451	0	0.168	0	1311
684475	-100	0	0	0	-100	0	0.191	0	
179723	-100	0	0	0	-100	0	0.175	0	
36992039	36992569	0	0	0	2	0	0.052	0	1314
5988686	14080932	0	0	0	291	0	0.054	0	1315
2940367	32907258	0	0	0	3226	0	0.106	0	1316
23622622	23644729	0	0	0	1	0	0.051	0	1317
10607215	-100	0	0	0	-100	0	0.168	0	
44593991	44629448	0	0	0	1	0	0.048	0	1319
31794709	49826523	0	0	0	1	0	0.046	0	132
37969114	-100	0	0	0	-100	0	0.175	0	
6105994	44267673	0	0	0	4878	0	0.111	0	1323
954945	3543835	0	0	0	118	0	0.047	0	1324
18552029	18589140	0	0	0	1826	0	0.127	0	1325
24622472	-100	0	0	0	-100	0	0.142	0	
43192898	43283029	0	0	0	27	0	0.04	0	1327
13576055	-100	0	0	0	-100	0	0.239	0	
235386	235664	0	0	0	13	0	0.053	0	1329
34792403	34793392	0	0	0	737	0	0.087	0	133
32534940	32535874	0	0	0	5923	0	0.12	0	1330
10724783	-100	0	0	0	-100	0	0.188	0	
2388196	2392932	0	0	0	14	0	0.058	0	1332
6873138	-100	0	0	0	-100	0	0.176	0	
28521188	34616086	0	0	0	237	0	0.059	0	1335
7443222	-100	0	0	0	-100	0	0.168	0	
11996801	-100	0	0	0	-100	0	0.19	0	
14915752	45539945	0	0	0	73	0	0.055	0	134
23621677	-100	0	0	0	-100	0	0.182	0	
57438217	57444893	0	0	0	93	0	0.089	0	1341
19427196	48533080	0	0	0	7308	0	0.197	0	1342
15232758	15248944	0	0	0	706	0	0.096	0	1343
15756960	51015016	0	0	0	2281	0	0.145	0	1344
11759725	29845527	0	0	0	4	0	0.075	0	1345
1804840	14503620	0	0	0	1	0	0.07	0	1346
25694780	49214277	0	0	0	2149	0	0.287	0	1347
17113619	43019598	0	0	0	9266	0	0.229	0	1348
290034	7282853	0	0	0	78	0	0.068	0	1349
15392553	15410833	0	0	0	6644	0	0.216	0	135
256109	-100	0	0	0	-100	0	0.63	0	
49921271	-100	0	0	0	-100	0	0.579	0	
8274451	-100	0	0	0	-100	0	0.973	0	
14570347	17980387	0	0	0	12	0	0.174	0	1353
34277737	-100	0	0	0	-100	0	1.025	0	
4671900	-100	0	0	0	-100	0	0.537	0	
37311006	-100	0	0	0	-100	0	0.445	0	
44329583	-100	0	0	0	-100	0	0.395	0	
23970532	24457112	0	0	0	3666	0	0.253	0	1358
7526853	31274869	0	0	0	837	0	0.134	0	1359
35315472	35315826	0	0	0	677	0	0.117	0	136
54188	-100	0	0	0	-100	0	0.376	0	
42317398	43018537	0	0	0	56	0	0.126	0	1361
18799904	19325552	0	0	0	7	0	0.126	0	137
8838095	8847504	0	0	0	18	0	0.101	0	138
61004055	61004727	0	0	0	72	0	0.14	0	139
6800824	6801843	0	0	0	1687	0	0.142	0	14
4972470	-100	0	0	0	-100	0	0.327	0	
40089204	44034633	0	0	0	71	0	0.098	0	142
16701108	-100	0	0	0	-100	0	0.351	0	
60387132	-100	0	0	0	-100	0	0.229	0	
4483366	4532263	0	0	0	1	0	0.061	0	1445
31221990	31224886	0	0	0	4	0	0.067	0	1446
3172571	3172699	0	0	0	2705	0	0.078	0	1447
37513384	37515821	0	0	0	499	0	0.067	0	1448
40040998	40828845	0	0	0	50	0	0.046	0	1449
59430481	59431398	0	0	0	20	0	0.063	0	145
34670375	34782217	0	0	0	635	0	0.049	0	1451
26663	153559	0	0	0	1	0	0.037	0	1452
1625105	-100	0	0	0	-100	0	0.149	0	
22821651	-100	0	0	0	-100	0	0.158	0	
9746748	9747406	0	0	0	644	0	0.07	0	1456
3317740	-100	0	0	0	-100	0	0.14	0	
26764813	26785787	0	0	0	6	0	0.04	0	1459
44750040	44764944	0	0	0	1	0	0.064	0	146
229069	4813947	0	0	0	15	0	0.037	0	1460
3571250	10932473	0	0	0	1170	0	0.051	0	1461
21900237	57318275	0	0	0	63	0	0.061	0	1462
51930334	51931979	0	0	0	109	0	0.083	0	1463
52038186	-100	0	0	0	-100	0	0.167	0	
57959602	-100	0	0	0	-100	0	0.157	0	
4158900	4864866	0	0	0	9978	0	0.178	0	1466
3661041	3661106	0	0	0	3437	0	0.106	0	1467
23356308	23384840	0	0	0	21	0	0.05	0	1468
11459928	12084040	0	0	0	13	0	0.049	0	1469
59954327	59976065	0	0	0	1594	0	0.082	0	147
1038482	-100	0	0	0	-100	0	0.207	0	
35370901	35414755	0	0	0	69	0	0.054	0	1471
22569535	46802313	0	0	0	55	0	0.067	0	1472
4048749	-100	0	0	0	-100	0	0.247	0	
46510531	46512248	0	0	0	1452	0	0.065	0	1474
19903338	46721075	0	0	0	288	0	0.076	0	1475
31186926	-100	0	0	0	-100	0	0.294	0	
669818	969232	0	0	0	354	0	0.21	0	1478
4610232	18029110	0	0	0	1	0	0.08	0	1479
8574022	8581284	0	0	0	5175	0	0.198	0	148
13918400	-100	0	0	0	-100	0	0.284	0	
24442836	24443065	0	0	0	7288	0	0.184	0	1481
59779679	59793556	0	0	0	9	0	0.086	0	1482
2615162	2616107	0	0	0	189	0	0.059	0	1483
11048657	11048946	0	0	0	2	0	0.138	0	1484
3119929	4129023	0	0	0	2267	0	0.213	0	1485
3318714	-100	0	0	0	-100	0	0.275	0	
19215027	-100	0	0	0	-100	0	0.309	0	
12272666	-100	0	0	0	-100	0	0.317	0	
16014736	-100	0	0	0	-100	0	0.259	0	
29545214	29545315	0	0	0	150	0	0.069	0	149
9994421	-100	0	0	0	-100	0	0.285	0	
18663963	-100	0	0	0	-100	0	0.377	0	
514420	-100	0	0	0	-100	0	0.38	0	
6653789	6806637	0	0	0	7	0	0.044	0	1493
6416385	-100	0	0	0	-100	0	0.166	0	
34301090	34301584	0	0	0	1	0	0.071	0	1495
13654927	-100	0	0	0	-100	0	0.129	0	
6180012	-100	0	0	0	-100	0	0.168	0	
5424042	26383155	0	0	0	36	0	0.037	0	1498
13842411	13877994	0	0	0	2431	0	0.07	0	15
31691130	43962398	0	0	0	77	0	0.039	0	150
4001736	4292352	0	0	0	392	0	0.063	0	1500
34054482	-100	0	0	0	-100	0	0.154	0	
60053973	61710818	0	0	0	24	0	0.04	0	1503
9580397	-100	0	0	0	-100	0	0.163	0	
35626511	-100	0	0	0	-100	0	0.128	0	
3692954	3767869	0	0	0	44	0	0.035	0	1506
3300525	-100	0	0	0	-100	0	0.154	0	
4741436	4741629	0	0	0	67	0	0.037	0	1508
10246444	42589496	0	0	0	234	0	0.048	0	1509
59428743	-100	0	0	0	-100	0	0.254	0	
26160465	-100	0	0	0	-100	0	0.188	0	
26681873	26761385	0	0	0	44	0	0.04	0	1511
2319381	-100	0	0	0	-100	0	0.187	0	
31710681	-100	0	0	0	-100	0	0.174	0	
34101244	-100	0	0	0	-100	0	0.164	0	
34215202	34300914	0	0	0	37	0	0.04	0	1515
51347773	57431947	0	0	0	3372	0	0.097	0	1516
53750460	-100	0	0	0	-100	0	0.154	0	
38463980	38482805	0	0	0	6595	0	0.122	0	1519
35835368	-100	0	0	0	-100	0	0.234	0	
38402133	38437533	0	0	0	3	0	0.042	0	1520
42448274	-100	0	0	0	-100	0	0.149	0	
20207372	20226270	0	0	0	2149	0	0.068	0	1522
37976835	44324583	0	0	0	7	0	0.037	0	1523
6397501	6461621	0	0	0	1	0	0.038	0	1525
8935055	8935520	0	0	0	3484	0	0.101	0	1526
4002757	23989823	0	0	0	12	0	0.04	0	1527
17772103	-100	0	0	0	-100	0	0.153	0	
1594803	-100	0	0	0	-100	0	0.178	0	
13589435	20106407	0	0	0	3657	0	0.078	0	153
55858425	55965469	0	0	0	2	0	0.043	0	1530
42892227	61624859	0	0	0	1037	0	0.049	0	1531
41964745	-100	0	0	0	-100	0	0.158	0	
7361736	7502644	0	0	0	1	0	0.058	0	1533
47207621	53145189	0	0	0	3331	0	0.112	0	1534
14815274	43537587	0	0	0	1	0	0.048	0	1535
40813022	40818748	0	0	0	271	0	0.05	0	1536
40773463	-100	0	0	0	-100	0	0.165	0	
12251368	12259771	0	0	0	1	0	0.06	0	1539
20436611	42005229	0	0	0	73	0	0.06	0	154
9458664	9476045	0	0	0	63	0	0.048	0	1540
1129176	8147911	0	0	0	395	0	0.041	0	1541
26760052	26789417	0	0	0	2	0	0.061	0	1542
32007188	57829861	0	0	0	131	0	0.062	0	1543
7238958	10774436	0	0	0	3	0	0.06	0	1544
5977542	7905025	0	0	0	1095	0	0.068	0	1546
7642614	50294936	0	0	0	7107	0	0.128	0	1547
48255276	48255459	0	0	0	906	0	0.103	0	1548
7522949	-100	0	0	0	-100	0	0.253	0	
6466010	-100	0	0	0	-100	0	0.208	0	
1487950	2904341	0	0	0	11	0	0.084	0	1551
1855704	-100	0	0	0	-100	0	0.255	0	
30841015	30843930	0	0	0	1	0	0.057	0	1555
6016771	-100	0	0	0	-100	0	0.164	0	
55510	23829389	0	0	0	8344	0	0.137	0	1557
14176320	-100	0	0	0	-100	0	0.193	0	
32426161	-100	0	0	0	-100	0	0.17	0	
9842938	-100	0	0	0	-100	0	0.193	0	
2914666	3428177	0	0	0	428	0	0.049	0	1561
59287937	-100	0	0	0	-100	0	0.141	0	
14792016	-100	0	0	0	-100	0	0.175	0	
12290451	43798283	0	0	0	126	0	0.045	0	1564
16456286	-100	0	0	0	-100	0	0.143	0	
4738768	-100	0	0	0	-100	0	0.157	0	
8305863	8317375	0	0	0	335	0	0.045	0	1568
8304582	-100	0	0	0	-100	0	0.154	0	
40028595	40028967	0	0	0	662	0	0.059	0	157
30166644	30199249	0	0	0	7	0	0.041	0	1570
9944906	-100	0	0	0	-100	0	0.152	0	
7587595	39757354	0	0	0	2	0	0.041	0	1572
282176	26971660	0	0	0	1828	0	0.072	0	1573
52644921	-100	0	0	0	-100	0	0.148	0	
5527736	-100	0	0	0	-100	0	0.141	0	
756906	-100	0	0	0	-100	0	0.143	0	
33064955	37025383	0	0	0	50	0	0.032	0	1577
671714	2251394	0	0	0	517	0	0.046	0	1579
54468330	-100	0	0	0	-100	0	0.124	0	
7863603	-100	0	0	0	-100	0	0.15	0	
9920973	9921590	0	0	0	1345	0	0.057	0	1582
431469	-100	0	0	0	-100	0	0.141	0	
5369790	12864106	0	0	0	413	0	0.04	0	1584
2640446	3694630	0	0	0	4837	0	0.097	0	1585
171213	42882349	0	0	0	5635	0	0.095	0	1588
2143022	-100	0	0	0	-100	0	0.154	0	
43174109	43484206	0	0	0	2809	0	0.069	0	159
1155693	-100	0	0	0	-100	0	0.153	0	
24398102	-100	0	0	0	-100	0	0.202	0	
54947367	54949124	0	0	0	2663	0	0.073	0	1592
13991909	14024228	0	0	0	383	0	0.045	0	1593
27573928	-100	0	0	0	-100	0	0.199	0	
1180325	31394260	0	0	0	393	0	0.048	0	1596
461836	10095591	0	0	0	2414	0	0.067	0	1597
58679610	58932938	0	0	0	292	0	0.041	0	1598
43009867	43050622	0	0	0	5	0	0.049	0	1599
61324712	61327488	0	0	0	1654	0	0.062	0	16
35834026	35848012	0	0	0	4148	0	0.105	0	160
30189926	-100	0	0	0	-100	0	0.162	0	
57689726	57700049	0	0	0	6	0	0.067	0	1604
17076672	-100	0	0	0	-100	0	0.177	0	
3352838	8228072	0	0	0	4	0	0.045	0	1606
24725152	-100	0	0	0	-100	0	0.188	0	
15746271	-100	0	0	0	-100	0	0.127	0	
29771146	-100	0	0	0	-100	0	0.146	0	
15648705	15656928	0	0	0	5636	0	0.093	0	161
33154696	33576552	0	0	0	24	0	0.044	0	1610
42242202	49824962	0	0	0	21	0	0.038	0	1611
21185771	21251113	0	0	0	176	0	0.038	0	1612
33047452	33111252	0	0	0	3256	0	0.086	0	1613
665509	2638654	0	0	0	17	0	0.035	0	1614
2847729	-100	0	0	0	-100	0	0.124	0	
6248044	-100	0	0	0	-100	0	0.141	0	
7823480	7823524	0	0	0	9849	0	0.164	0	1618
9469968	21172702	0	0	0	65	0	0.06	0	1619
21415700	-100	0	0	0	-100	0	0.145	0	
4021981	-100	0	0	0	-100	0	0.17	0	
22561372	22587103	0	0	0	1	0	0.045	0	1621
3225386	-100	0	0	0	-100	0	0.207	0	
85122	13397571	0	0	0	33	0	0.038	0	1625
24776262	-100	0	0	0	-100	0	0.145	0	
21166675	-100	0	0	0	-100	0	0.191	0	
7904132	48013802	0	0	0	3435	0	0.088	0	1628
23036965	-100	0	0	0	-100	0	0.156	0	
3201273	3726716	0	0	0	763	0	0.048	0	1630
38027418	-100	0	0	0	-100	0	0.139	0	
30375750	51272067	0	0	0	704	0	0.05	0	1632
93260	-100	0	0	0	-100	0	0.142	0	
2637700	2637714	0	0	0	2001	0	0.06	0	1635
1588922	1592804	0	0	0	212	0	0.062	0	1636
27353026	27354200	0	0	0	332	0	0.043	0	1637
5625431	-100	0	0	0	-100	0	0.15	0	
11449617	18679838	0	0	0	3632	0	0.085	0	1639
32986874	32990900	0	0	0	4701	0	0.112	0	164
52010883	-100	0	0	0	-100	0	0.158	0	
52357	-100	0	0	0	-100	0	0.156	0	
45787191	45891062	0	0	0	896	0	0.057	0	1642
39075223	39106893	0	0	0	216	0	0.071	0	1643
3663506	-100	0	0	0	-100	0	0.192	0	
48058545	48062346	0	0	0	3136	0	0.09	0	1646
3161392	3667317	0	0	0	1252	0	0.053	0	1647
58035752	58329033	0	0	0	89	0	0.036	0	1649
41076212	-100	0	0	0	-100	0	0.194	0	
49422595	49424340	0	0	0	102	0	0.038	0	1650
2746855	2830622	0	0	0	1	0	0.036	0	1651
7245404	-100	0	0	0	-100	0	0.155	0	
9472880	9743605	0	0	0	5069	0	0.096	0	1653
23171894	41708018	0	0	0	417	0	0.046	0	1654
4362831	6326805	0	0	0	89	0	0.04	0	1655
47725266	47726503	0	0	0	31	0	0.069	0	1656
16267984	16268433	0	0	0	1736	0	0.088	0	1657
6251889	28075962	0	0	0	855	0	0.065	0	1658
53978098	53978389	0	0	0	1935	0	0.101	0	1659
61785434	61819277	0	0	0	3	0	0.036	0	166
580922	11287043	0	0	0	6648	0	0.13	0	1660
24030116	-100	0	0	0	-100	0	0.202	0	
2419928	2495420	0	0	0	87	0	0.035	0	1662
31600600	43470379	0	0	0	388	0	0.044	0	1663
13445688	55379591	0	0	0	8075	0	0.131	0	1664
42030063	42031216	0	0	0	13	0	0.059	0	1665
12479663	-100	0	0	0	-100	0	0.16	0	
2529617	55675651	0	0	0	7440	0	0.131	0	1667
28458616	28483250	0	0	0	14	0	0.06	0	1668
24131602	57354840	0	0	0	5057	0	0.162	0	1669
1491362	7800460	0	0	0	705	0	0.048	0	167
859304	-100	0	0	0	-100	0	0.189	0	
43005771	43006702	0	0	0	4	0	0.04	0	1671
33204020	-100	0	0	0	-100	0	0.158	0	
3046889	27049491	0	0	0	1379	0	0.056	0	1673
33872026	33873047	0	0	0	1	0	0.038	0	1674
2698145	60019664	0	0	0	2804	0	0.079	0	1675
3431434	47482921	0	0	0	5769	0	0.115	0	1676
9507973	-100	0	0	0	-100	0	0.167	0	
13888368	22296058	0	0	0	1443	0	0.059	0	1678
46746878	-100	0	0	0	-100	0	0.201	0	
5780918	-100	0	0	0	-100	0	0.155	0	
31146713	35141039	0	0	0	717	0	0.043	0	1686
92396	37368137	0	0	0	448	0	0.041	0	1687
902095	-100	0	0	0	-100	0	0.151	0	
32078762	-100	0	0	0	-100	0	0.156	0	
57124571	57125253	0	0	0	493	0	0.044	0	169
29411486	29750946	0	0	0	114	0	0.044	0	1690
37490956	37500149	0	0	0	117	0	0.047	0	1691
4298408	-100	0	0	0	-100	0	0.159	0	
7562096	-100	0	0	0	-100	0	0.161	0	
9671749	20616958	0	0	0	223	0	0.063	0	1694
15181424	26489837	0	0	0	33	0	0.064	0	1695
5979442	5997723	0	0	0	172	0	0.043	0	1696
6436257	15741811	0	0	0	42	0	0.04	0	1697
52105822	-100	0	0	0	-100	0	0.156	0	
31971586	-100	0	0	0	-100	0	0.161	0	
62110426	62110834	0	0	0	8	0	0.058	0	17
4092747	-100	0	0	0	-100	0	0.172	0	
23959595	25703149	0	0	0	1	0	0.038	0	1700
35402366	-100	0	0	0	-100	0	0.179	0	
4993650	47352663	0	0	0	99	0	0.042	0	1702
4486609	34353751	0	0	0	60	0	0.039	0	1703
206106	206564	0	0	0	4248	0	0.159	0	1705
34762829	35402262	0	0	0	215	0	0.061	0	1706
39842139	39858691	0	0	0	79	0	0.04	0	1707
7090623	8649828	0	0	0	509	0	0.07	0	1709
58899006	-100	0	0	0	-100	0	0.132	0	
98944	2271078	0	0	0	2652	0	0.09	0	1710
18921979	52703630	0	0	0	32	0	0.047	0	1711
6613870	-100	0	0	0	-100	0	0.162	0	
26858034	40382838	0	0	0	188	0	0.062	0	1713
60830000	-100	0	0	0	-100	0	0.172	0	
9187538	14151443	0	0	0	178	0	0.051	0	1715
13225500	40920783	0	0	0	1327	0	0.054	0	1716
10125140	-100	0	0	0	-100	0	0.162	0	
50344063	50354325	0	0	0	169	0	0.06	0	1718
6258559	50317010	0	0	0	4538	0	0.096	0	1719
37665206	37682156	0	0	0	69	0	0.07	0	172
3006438	-100	0	0	0	-100	0	0.141	0	
2290429	23092910	0	0	0	3539	0	0.088	0	1723
9339829	25395605	0	0	0	1270	0	0.115	0	1725
59256699	59271296	0	0	0	17	0	0.17	0	1726
11546478	11571512	0	0	0	758	0	0.086	0	1727
48893928	48899131	0	0	0	316	0	0.062	0	1728
2074099	7761810	0	0	0	4513	0	0.176	0	1729
38188848	38192687	0	0	0	3	0	0.055	0	173
27746109	27799086	0	0	0	50	0	0.079	0	1730
32940847	33828350	0	0	0	4370	0	0.209	0	1732
17313272	39271094	0	0	0	202	0	0.046	0	1733
57051494	57193038	0	0	0	10	0	0.045	0	1734
13057596	-100	0	0	0	-100	0	0.259	0	
2417065	42048974	0	0	0	2014	0	0.135	0	1736
571394	3450860	0	0	0	3305	0	0.202	0	1737
33469861	-100	0	0	0	-100	0	0.211	0	
1116493	30250934	0	0	0	8319	0	0.19	0	1740
2633092	2634580	0	0	0	2876	0	0.114	0	1741
8115368	27000797	0	0	0	1	0	0.057	0	1742
43767260	43789582	0	0	0	8605	0	0.193	0	1743
14306642	16857517	0	0	0	7214	0	0.185	0	1744
19709529	20846684	0	0	0	1747	0	0.126	0	1745
35662995	35683456	0	0	0	5413	0	0.14	0	1746
4417782	33807223	0	0	0	401	0	0.061	0	1748
5819217	7613528	0	0	0	8998	0	0.23	0	1749
11696739	-100	0	0	0	-100	0	0.19	0	
16377991	-100	0	0	0	-100	0	0.215	0	
27536395	-100	0	0	0	-100	0	0.218	0	
3681265	-100	0	0	0	-100	0	0.234	0	
6830936	15266448	0	0	0	2	0	0.092	0	1754
42216334	53378614	0	0	0	175	0	0.059	0	1755
60817890	60828520	0	0	0	1	0	0.057	0	1756
357404	12539165	0	0	0	21	0	0.053	0	1757
60819236	60826588	0	0	0	1	0	0.055	0	1758
18724999	-100	0	0	0	-100	0	0.462	0	
45537965	45538993	0	0	0	1	0	0.145	0	176
653336	-100	0	0	0	-100	0	0.438	0	
8434762	9448076	0	0	0	102	0	0.09	0	1761
48769662	-100	0	0	0	-100	0	0.264	0	
48045515	-100	0	0	0	-100	0	0.214	0	
10758664	21861148	0	0	0	2170	0	0.145	0	1764
55751382	-100	0	0	0	-100	0	0.222	0	
47624731	47624759	0	0	0	1270	0	0.081	0	178
11296854	-100	0	0	0	-100	0	0.248	0	
3426165	-100	0	0	0	-100	0	0.254	0	
45770089	45785705	0	0	0	2035	0	0.123	0	1787
40608111	51294033	0	0	0	208	0	0.077	0	179
3220009	3324898	0	0	0	11	0	0.132	0	1797
55060820	-100	0	0	0	-100	0	0.381	0	
6826310	-100	0	0	0	-100	0	0.307	0	
14327399	36168606	0	0	0	1	0	0.065	0	18
50244772	50245277	0	0	0	230	0	0.109	0	180
21554099	41309299	0	0	0	42	0	0.064	0	1800
164168	-100	0	0	0	-100	0	0.174	0	
25920681	42962515	0	0	0	31	0	0.064	0	1802
58468574	-100	0	0	0	-100	0	0.218	0	
279854	-100	0	0	0	-100	0	0.181	0	
10695945	-100	0	0	0	-100	0	0.181	0	
17390605	17392621	0	0	0	550	0	0.11	0	1808
57157677	57176148	0	0	0	66	0	0.068	0	1809
10398852	10401321	0	0	0	346	0	0.049	0	181
6517231	-100	0	0	0	-100	0	0.187	0	
19016099	19019252	0	0	0	373	0	0.08	0	1811
2226291	-100	0	0	0	-100	0	0.177	0	
16063123	27496004	0	0	0	6	0	0.088	0	1814
18581443	-100	0	0	0	-100	0	0.228	0	
44229676	44237528	0	0	0	1	0	0.05	0	1816
1259099	4484767	0	0	0	1468	0	0.105	0	1817
28163187	30404388	0	0	0	41	0	0.084	0	1818
5164538	-100	0	0	0	-100	0	0.182	0	
6728805	-100	0	0	0	-100	0	0.184	0	
59237684	59239085	0	0	0	20	0	0.049	0	1821
2631585	7020292	0	0	0	1402	0	0.061	0	1822
17842827	36104433	0	0	0	3839	0	0.085	0	1823
2033110	12160765	0	0	0	6651	0	0.126	0	1825
45072486	-100	0	0	0	-100	0	0.186	0	
35476454	39468928	0	0	0	12	0	0.04	0	1827
34314193	-100	0	0	0	-100	0	0.194	0	
23193038	-100	0	0	0	-100	0	0.164	0	
4728555	4750707	0	0	0	24	0	0.047	0	1830
19629587	19688442	0	0	0	1	0	0.056	0	1831
1301277	3317536	0	0	0	568	0	0.052	0	1832
862093	10149391	0	0	0	790	0	0.055	0	1833
26386010	52304410	0	0	0	8	0	0.04	0	1836
9428456	-100	0	0	0	-100	0	0.186	0	
24650468	24651271	0	0	0	143	0	0.036	0	1838
37705923	37706549	0	0	0	4344	0	0.155	0	184
60830	132738	0	0	0	26	0	0.037	0	1840
26713879	-100	0	0	0	-100	0	0.221	0	
34549603	34553835	0	0	0	1	0	0.045	0	1843
41262492	-100	0	0	0	-100	0	0.202	0	
15311667	24288513	0	0	0	1	0	0.048	0	1845
3417314	-100	0	0	0	-100	0	0.159	0	
1830158	-100	0	0	0	-100	0	0.143	0	
55357639	58894345	0	0	0	10	0	0.043	0	1848
760777	8454887	0	0	0	12	0	0.046	0	1849
39724268	39758300	0	0	0	1303	0	0.062	0	185
5113365	27443532	0	0	0	4070	0	0.091	0	1852
58729516	58814723	0	0	0	20	0	0.037	0	1853
17483	4465686	0	0	0	40	0	0.054	0	1854
700588	704780	0	0	0	5301	0	0.133	0	1855
3533589	-100	0	0	0	-100	0	0.173	0	
303562	492475	0	0	0	3	0	0.036	0	1857
4989820	9410681	0	0	0	2	0	0.036	0	1858
51862149	51913588	0	0	0	7	0	0.038	0	1859
35301733	35318908	0	0	0	3173	0	0.112	0	186
14131939	22074724	0	0	0	1041	0	0.074	0	1861
16524138	16589708	0	0	0	34	0	0.035	0	1862
301330	-100	0	0	0	-100	0	0.163	0	
11637611	33456141	0	0	0	4225	0	0.155	0	1864
43787056	-100	0	0	0	-100	0	0.161	0	
15703842	-100	0	0	0	-100	0	0.146	0	
22815477	22921728	0	0	0	3	0	0.034	0	1867
8194227	28997271	0	0	0	2	0	0.063	0	1868
11876128	11887104	0	0	0	3	0	0.036	0	1869
2009434	2014746	0	0	0	1	0	0.049	0	187
1514311	1525535	0	0	0	4092	0	0.094	0	1870
17048072	32342285	0	0	0	2758	0	0.088	0	1871
4346742	9597101	0	0	0	454	0	0.061	0	1872
20162903	44551908	0	0	0	52	0	0.065	0	1873
31728098	41591224	0	0	0	152	0	0.051	0	1874
17549906	-100	0	0	0	-100	0	0.167	0	
41689522	45441744	0	0	0	8992	0	0.164	0	1876
28036732	28057999	0	0	0	1550	0	0.064	0	1877
15737223	-100	0	0	0	-100	0	0.205	0	
1226634	49045026	0	0	0	907	0	0.058	0	1879
3645896	-100	0	0	0	-100	0	0.148	0	
3771208	-100	0	0	0	-100	0	0.135	0	
1552069	-100	0	0	0	-100	0	0.152	0	
20919935	28393195	0	0	0	276	0	0.041	0	1884
21174593	58318716	0	0	0	630	0	0.076	0	1885
33824954	-100	0	0	0	-100	0	0.172	0	
43384887	47630402	0	0	0	11	0	0.048	0	1887
19941859	31850484	0	0	0	3786	0	0.114	0	1888
1056879	1056921	0	0	0	8029	0	0.135	0	1889
5069489	-100	0	0	0	-100	0	0.186	0	
441306	27962978	0	0	0	8954	0	0.165	0	1891
4726768	8026170	0	0	0	1229	0	0.084	0	1892
58453021	58466245	0	0	0	140	0	0.058	0	1893
12328896	42871143	0	0	0	2	0	0.042	0	1894
4938875	60535023	0	0	0	1588	0	0.093	0	1895
1154974	1155389	0	0	0	1	0	0.094	0	1896
12661648	28897897	0	0	0	44	0	0.042	0	1897
17708449	19076544	0	0	0	934	0	0.054	0	1898
14375558	-100	0	0	0	-100	0	0.171	0	
13087966	13096292	0	0	0	3	0	0.043	0	19
32132574	32154832	0	0	0	1	0	0.057	0	1900
2727834	40216965	0	0	0	8487	0	0.165	0	1901
2911442	-100	0	0	0	-100	0	0.158	0	
47263793	47455800	0	0	0	11	0	0.042	0	1903
757059	19106342	0	0	0	56	0	0.081	0	1904
269837	867724	0	0	0	1	0	0.042	0	1905
4063146	-100	0	0	0	-100	0	0.18	0	
21010017	48504300	0	0	0	17	0	0.084	0	1907
19103244	-100	0	0	0	-100	0	0.195	0	
6540948	-100	0	0	0	-100	0	0.168	0	
609203	612097	0	0	0	3046	0	0.08	0	1910
15165502	-100	0	0	0	-100	0	0.142	0	
9685486	-100	0	0	0	-100	0	0.169	0	
12033188	31622059	0	0	0	8	0	0.067	0	1914
45882606	45891010	0	0	0	4	0	0.065	0	1915
3016956	3153114	0	0	0	1	0	0.039	0	1916
5484930	14261183	0	0	0	2135	0	0.096	0	1917
2396576	6423729	0	0	0	3991	0	0.095	0	1918
11635	9182912	0	0	0	9460	0	0.153	0	1919
50278663	50283077	0	0	0	3016	0	0.092	0	192
5221981	6377204	0	0	0	14	0	0.04	0	1920
461507	-100	0	0	0	-100	0	0.175	0	
7856453	17863079	0	0	0	892	0	0.05	0	1922
42411819	-100	0	0	0	-100	0	0.161	0	
6531543	-100	0	0	0	-100	0	0.171	0	
38026884	-100	0	0	0	-100	0	0.185	0	
438192	-100	0	0	0	-100	0	0.164	0	
6147866	-100	0	0	0	-100	0	0.159	0	
6773122	-100	0	0	0	-100	0	0.182	0	
13638408	24238937	0	0	0	615	0	0.055	0	1930
37231313	-100	0	0	0	-100	0	0.181	0	
52435630	56085280	0	0	0	1	0	0.082	0	1932
5553850	9444003	0	0	0	2	0	0.052	0	1933
27430640	27460527	0	0	0	1	0	0.041	0	1934
30581837	-100	0	0	0	-100	0	0.221	0	
6036086	48707481	0	0	0	3993	0	0.169	0	1937
11601998	47473621	0	0	0	17	0	0.046	0	1938
48932540	48953421	0	0	0	401	0	0.049	0	194
3022552	19393539	0	0	0	874	0	0.051	0	1941
2254498	5008804	0	0	0	38	0	0.038	0	1942
15735208	-100	0	0	0	-100	0	0.138	0	
1174169	13674935	0	0	0	3175	0	0.09	0	1944
47604606	47606810	0	0	0	4845	0	0.168	0	1945
4672991	5025843	0	0	0	111	0	0.065	0	1946
1483403	-100	0	0	0	-100	0	0.227	0	
9065081	9077612	0	0	0	5	0	0.106	0	1948
41594595	-100	0	0	0	-100	0	0.204	0	
51289394	51291661	0	0	0	8795	0	0.175	0	195
783212	-100	0	0	0	-100	0	0.285	0	
1413445	-100	0	0	0	-100	0	0.192	0	
9094422	14365595	0	0	0	203	0	0.066	0	1952
9587756	9705535	0	0	0	1	0	0.04	0	1953
2128321	-100	0	0	0	-100	0	0.132	0	
13840998	-100	0	0	0	-100	0	0.196	0	
539537	-100	0	0	0	-100	0	0.204	0	
11821158	53655187	0	0	0	4	0	0.044	0	1957
28674543	28680634	0	0	0	170	0	0.054	0	1958
12546036	42116186	0	0	0	7872	0	0.166	0	196
28769788	-100	0	0	0	-100	0	0.168	0	
28699281	-100	0	0	0	-100	0	0.168	0	
7000892	7013286	0	0	0	1020	0	0.072	0	1966
24530771	43239208	0	0	0	2914	0	0.079	0	1967
14187647	-100	0	0	0	-100	0	0.16	0	
3873625	-100	0	0	0	-100	0	0.192	0	
7141260	-100	0	0	0	-100	0	0.138	0	
148403	26196686	0	0	0	564	0	0.049	0	1971
402283	11107608	0	0	0	18	0	0.059	0	1972
15585267	-100	0	0	0	-100	0	0.135	0	
12761315	-100	0	0	0	-100	0	0.17	0	
3052788	8302231	0	0	0	316	0	0.044	0	1976
4539406	-100	0	0	0	-100	0	0.181	0	
52122996	52172457	0	0	0	56	0	0.044	0	1978
23049166	-100	0	0	0	-100	0	0.204	0	
20614282	-100	0	0	0	-100	0	0.318	0	
18700558	52583833	0	0	0	668	0	0.06	0	1982
1390913	49213720	0	0	0	862	0	0.056	0	1983
3517795	3517991	0	0	0	2490	0	0.071	0	1984
7346634	-100	0	0	0	-100	0	0.167	0	
18001629	35132860	0	0	0	7	0	0.044	0	1986
4071456	5115872	0	0	0	331	0	0.042	0	1987
15128383	15150451	0	0	0	9185	0	0.154	0	1988
477225	485649	0	0	0	5661	0	0.108	0	1989
14404904	-100	0	0	0	-100	0	0.153	0	
35893937	35919228	0	0	0	6	0	0.04	0	1990
4316442	12774207	0	0	0	1219	0	0.055	0	1991
4279164	7056882	0	0	0	174	0	0.042	0	1993
16596422	-100	0	0	0	-100	0	0.152	0	
29488392	29490493	0	0	0	144	0	0.039	0	1995
49538136	49550663	0	0	0	1449	0	0.054	0	1996
2102582	12972317	0	0	0	66	0	0.033	0	1998
12692892	-100	0	0	0	-100	0	0.124	0	
8121570	-100	0	0	0	-100	0	0.163	0	
37210716	46356623	0	0	0	244	0	0.082	0	20
21141848	21144237	0	0	0	1051	0	0.085	0	200
7401269	7401521	0	0	0	2143	0	0.062	0	2000
8357955	8393990	0	0	0	509	0	0.046	0	2001
56952305	-100	0	0	0	-100	0	0.152	0	
35703958	35722135	0	0	0	55	0	0.041	0	2005
29208668	-100	0	0	0	-100	0	0.156	0	
9407367	-100	0	0	0	-100	0	0.162	0	
17735852	-100	0	0	0	-100	0	0.166	0	
5467576	12887700	0	0	0	3074	0	0.084	0	2010
174612	940087	0	0	0	3750	0	0.098	0	2011
4276207	-100	0	0	0	-100	0	0.149	0	
2725044	-100	0	0	0	-100	0	0.152	0	
25242556	-100	0	0	0	-100	0	0.172	0	
26533740	-100	0	0	0	-100	0	0.17	0	
4254059	4461562	0	0	0	1919	0	0.069	0	2017
36534706	-100	0	0	0	-100	0	0.161	0	
28247137	28252909	0	0	0	13	0	0.047	0	202
21763038	-100	0	0	0	-100	0	0.156	0	
1259272	1260757	0	0	0	581	0	0.043	0	2021
3539583	21771639	0	0	0	15	0	0.041	0	2022
19927952	37588408	0	0	0	35	0	0.043	0	2023
181624	15671536	0	0	0	1741	0	0.059	0	2024
47752997	47868671	0	0	0	143	0	0.078	0	2026
2934904	-100	0	0	0	-100	0	0.134	0	
16782103	-100	0	0	0	-100	0	0.129	0	
22716560	-100	0	0	0	-100	0	0.126	0	
17228	24109	0	0	0	8343	0	0.172	0	2030
11630321	12276675	0	0	0	23	0	0.039	0	2031
6880832	15148749	0	0	0	1833	0	0.063	0	2032
8936549	13299394	0	0	0	52	0	0.066	0	2035
2481654	-100	0	0	0	-100	0	0.157	0	
1255559	26285254	0	0	0	1974	0	0.066	0	2039
38706879	-100	0	0	0	-100	0	0.182	0	
9183993	48710758	0	0	0	292	0	0.084	0	2040
5530505	-100	0	0	0	-100	0	0.196	0	
15513453	-100	0	0	0	-100	0	0.164	0	
5771868	-100	0	0	0	-100	0	0.134	0	
5430022	-100	0	0	0	-100	0	0.159	0	
6114067	26351587	0	0	0	4286	0	0.116	0	2046
11337494	-100	0	0	0	-100	0	0.159	0	
7724448	47283908	0	0	0	182	0	0.038	0	2049
42379391	45260216	0	0	0	1	0	0.037	0	205
9573748	9584641	0	0	0	49	0	0.065	0	2050
1185252	29289974	0	0	0	6695	0	0.117	0	2052
47878888	47963081	0	0	0	4	0	0.042	0	2053
14147705	30937544	0	0	0	92	0	0.035	0	2054
1657883	58986072	0	0	0	4306	0	0.09	0	2055
7788639	-100	0	0	0	-100	0	0.165	0	
24116817	-100	0	0	0	-100	0	0.186	0	
27492435	-100	0	0	0	-100	0	0.153	0	
7557179	-100	0	0	0	-100	0	0.152	0	
667634	-100	0	0	0	-100	0	0.232	0	
3134183	-100	0	0	0	-100	0	0.162	0	
30021274	33753912	0	0	0	1928	0	0.059	0	2064
5572464	9789560	0	0	0	78	0	0.057	0	2065
32510183	38415831	0	0	0	230	0	0.082	0	2066
2212776	17532460	0	0	0	193	0	0.062	0	2067
790687	-100	0	0	0	-100	0	0.25	0	
17024143	21725874	0	0	0	169	0	0.064	0	207
8706356	12598029	0	0	0	1100	0	0.073	0	2070
5088460	11714827	0	0	0	136	0	0.046	0	2072
306533	-100	0	0	0	-100	0	0.215	0	
4403726	4405634	0	0	0	1661	0	0.056	0	2074
4410790	4411320	0	0	0	1	0	0.04	0	2075
5346836	5347444	0	0	0	3313	0	0.101	0	2076
30487064	30489891	0	0	0	5984	0	0.112	0	2077
38705842	38707459	0	0	0	1	0	0.038	0	208
318398	-100	0	0	0	-100	0	0.154	0	
2616011	-100	0	0	0	-100	0	0.128	0	
486099	-100	0	0	0	-100	0	0.146	0	
9510514	11019232	0	0	0	266	0	0.048	0	2084
4702732	4984612	0	0	0	1535	0	0.065	0	2085
4984600	-100	0	0	0	-100	0	0.149	0	
1727881	-100	0	0	0	-100	0	0.128	0	
30329235	-100	0	0	0	-100	0	0.13	0	
2551775	-100	0	0	0	-100	0	0.152	0	
11511510	17636690	0	0	0	9472	0	0.147	0	2096
11538124	23153445	0	0	0	1549	0	0.081	0	2097
29074892	29077121	0	0	0	421	0	0.068	0	21
24048022	45599509	0	0	0	5076	0	0.101	0	210
1448467	-100	0	0	0	-100	0	0.142	0	
9131763	13635079	0	0	0	390	0	0.069	0	2101
8654327	24027333	0	0	0	3837	0	0.092	0	2102
13017946	-100	0	0	0	-100	0	0.166	0	
34688926	-100	0	0	0	-100	0	0.175	0	
32712057	-100	0	0	0	-100	0	0.181	0	
3092198	-100	0	0	0	-100	0	0.15	0	
124856	124880	0	0	0	253	0	0.054	0	2109
11985604	11999606	0	0	0	104	0	0.038	0	211
7265157	-100	0	0	0	-100	0	0.128	0	
39912	-100	0	0	0	-100	0	0.149	0	
3310737	-100	0	0	0	-100	0	0.191	0	
3582608	8054273	0	0	0	3	0	0.038	0	2113
37029541	37031805	0	0	0	200	0	0.04	0	2115
11814536	21065616	0	0	0	3286	0	0.075	0	2116
21805674	37614714	0	0	0	2134	0	0.062	0	2118
5539249	37482246	0	0	0	1177	0	0.052	0	2119
56006786	56029329	0	0	0	1547	0	0.079	0	212
103512	1609163	0	0	0	383	0	0.041	0	2120
573294	16499683	0	0	0	384	0	0.046	0	2122
16540725	50025862	0	0	0	5	0	0.074	0	2123
226061	5436139	0	0	0	51	0	0.072	0	2124
24498894	-100	0	0	0	-100	0	0.154	0	
809227	39864070	0	0	0	4237	0	0.109	0	2126
14158896	14170746	0	0	0	7	0	0.062	0	2127
3069950	-100	0	0	0	-100	0	0.142	0	
11955859	11972818	0	0	0	1	0	0.041	0	213
6006527	-100	0	0	0	-100	0	0.176	0	
4265167	4274763	0	0	0	472	0	0.042	0	2132
989795	12082405	0	0	0	6530	0	0.126	0	2133
38271718	-100	0	0	0	-100	0	0.164	0	
3716277	-100	0	0	0	-100	0	0.162	0	
34520013	36783808	0	0	0	885	0	0.051	0	2136
25078285	41351564	0	0	0	1314	0	0.055	0	2137
776508	-100	0	0	0	-100	0	0.202	0	
5698002	-100	0	0	0	-100	0	0.168	0	
2004419	-100	0	0	0	-100	0	0.214	0	
2505328	2533476	0	0	0	5652	0	0.106	0	2140
962132	18580779	0	0	0	498	0	0.047	0	2143
4155847	-100	0	0	0	-100	0	0.16	0	
2804893	45751856	0	0	0	15	0	0.051	0	2145
5093460	-100	0	0	0	-100	0	0.178	0	
9640256	-100	0	0	0	-100	0	0.189	0	
38213088	53806687	0	0	0	6150	0	0.136	0	215
5279051	-100	0	0	0	-100	0	0.217	0	
7592129	9459035	0	0	0	61	0	0.06	0	2155
199333	3944505	0	0	0	144	0	0.06	0	2156
22682513	22707814	0	0	0	1	0	0.082	0	2157
862858	867462	0	0	0	8483	0	0.179	0	2158
8123776	-100	0	0	0	-100	0	0.211	0	
49791664	49858977	0	0	0	1	0	0.041	0	216
6486432	8514633	0	0	0	1	0	0.067	0	2160
13880205	-100	0	0	0	-100	0	0.199	0	
53742062	53742648	0	0	0	2	0	0.067	0	2162
31445800	32857101	0	0	0	1017	0	0.063	0	2163
5760774	36900593	0	0	0	2954	0	0.131	0	2164
3673998	6337294	0	0	0	14	0	0.044	0	2165
1172939	-100	0	0	0	-100	0	0.166	0	
3681188	-100	0	0	0	-100	0	0.189	0	
3682049	3683881	0	0	0	153	0	0.051	0	2169
57577372	57579194	0	0	0	7288	0	0.167	0	217
18437875	18458663	0	0	0	35	0	0.071	0	2170
216823	-100	0	0	0	-100	0	0.179	0	
51120541	51121856	0	0	0	2	0	0.06	0	2172
13827973	-100	0	0	0	-100	0	0.176	0	
37924996	-100	0	0	0	-100	0	0.178	0	
23737449	-100	0	0	0	-100	0	0.154	0	
5803953	-100	0	0	0	-100	0	0.136	0	
9963798	-100	0	0	0	-100	0	0.18	0	
17730333	17731366	0	0	0	45	0	0.04	0	218
7949229	18553210	0	0	0	32	0	0.039	0	2180
7965262	-100	0	0	0	-100	0	0.156	0	
3179494	12323028	0	0	0	1960	0	0.063	0	2182
1978709	24186681	0	0	0	5104	0	0.109	0	2183
4230602	8046097	0	0	0	142	0	0.041	0	2185
54142	12824378	0	0	0	10	0	0.041	0	2186
40673080	41404001	0	0	0	4957	0	0.167	0	2187
5009869	-100	0	0	0	-100	0	0.195	0	
5598487	-100	0	0	0	-100	0	0.164	0	
43158839	43160533	0	0	0	5166	0	0.108	0	219
1837024	-100	0	0	0	-100	0	0.175	0	
23591075	23594969	0	0	0	2	0	0.062	0	2191
6089231	-100	0	0	0	-100	0	0.167	0	
7593086	-100	0	0	0	-100	0	0.216	0	
988069	1143262	0	0	0	959	0	0.062	0	2199
55026916	55028330	0	0	0	360	0	0.061	0	22
26643602	26645035	0	0	0	232	0	0.046	0	220
9701276	10159236	0	0	0	16	0	0.039	0	2200
9135144	9233358	0	0	0	80	0	0.041	0	2201
17388771	-100	0	0	0	-100	0	0.178	0	
205945	-100	0	0	0	-100	0	0.167	0	
181630	40809926	0	0	0	114	0	0.042	0	2204
570669	-100	0	0	0	-100	0	0.183	0	
35129135	36028302	0	0	0	66	0	0.042	0	2206
32507684	32508952	0	0	0	474	0	0.052	0	2207
197675	-100	0	0	0	-100	0	0.139	0	
24042774	32541268	0	0	0	42	0	0.066	0	2209
26111162	-100	0	0	0	-100	0	0.2	0	
839765	-100	0	0	0	-100	0	0.173	0	
30048533	45055402	0	0	0	3128	0	0.086	0	2214
6995310	7007403	0	0	0	324	0	0.044	0	2219
41664138	-100	0	0	0	-100	0	0.171	0	
27333311	27807118	0	0	0	2	0	0.081	0	2221
4437527	-100	0	0	0	-100	0	0.204	0	
201593	15265397	0	0	0	176	0	0.055	0	2225
410823	3770654	0	0	0	2069	0	0.08	0	2226
1525764	1833356	0	0	0	1	0	0.047	0	2228
1600399	8439595	0	0	0	2	0	0.035	0	2229
26119212	-100	0	0	0	-100	0	0.176	0	
18880654	45069219	0	0	0	43	0	0.065	0	2230
8530080	19710601	0	0	0	952	0	0.056	0	2231
7341607	-100	0	0	0	-100	0	0.147	0	
12015195	29772601	0	0	0	735	0	0.064	0	2233
22798558	22808067	0	0	0	38	0	0.042	0	2234
4875289	11638271	0	0	0	1517	0	0.088	0	2235
1642028	42355908	0	0	0	1153	0	0.067	0	2236
2046228	3778799	0	0	0	329	0	0.048	0	2237
18939882	30132951	0	0	0	1544	0	0.103	0	2238
12372531	-100	0	0	0	-100	0	0.177	0	
42920777	-100	0	0	0	-100	0	0.178	0	
8996385	8997000	0	0	0	1	0	0.048	0	2240
3729515	7033855	0	0	0	8624	0	0.173	0	2242
3695174	-100	0	0	0	-100	0	0.226	0	
240212	14574617	0	0	0	4766	0	0.186	0	2244
7546620	-100	0	0	0	-100	0	0.239	0	
478898	52164723	0	0	0	4336	0	0.12	0	2247
2790346	12207684	0	0	0	3	0	0.081	0	2248
4192170	41670800	0	0	0	602	0	0.047	0	2249
10207490	-100	0	0	0	-100	0	0.209	0	
25953601	-100	0	0	0	-100	0	0.191	0	
778378	4666450	0	0	0	662	0	0.057	0	2251
6447819	-100	0	0	0	-100	0	0.181	0	
8642363	14681349	0	0	0	3330	0	0.084	0	2254
9314534	9350810	0	0	0	108	0	0.048	0	2255
179105	-100	0	0	0	-100	0	0.159	0	
3496982	-100	0	0	0	-100	0	0.133	0	
1051379	35962647	0	0	0	331	0	0.045	0	2259
48924449	-100	0	0	0	-100	0	0.221	0	
333889	1945846	0	0	0	24	0	0.047	0	2260
6181464	12718423	0	0	0	930	0	0.082	0	2261
321068	-100	0	0	0	-100	0	0.139	0	
38392092	38393302	0	0	0	3265	0	0.103	0	2263
1010106	12724057	0	0	0	331	0	0.046	0	2264
348833	3026649	0	0	0	2144	0	0.08	0	2266
691719	4636456	0	0	0	1556	0	0.1	0	2267
3899870	-100	0	0	0	-100	0	0.215	0	
3355683	11665829	0	0	0	2781	0	0.079	0	2269
22509876	29593207	0	0	0	647	0	0.075	0	227
1732011	-100	0	0	0	-100	0	0.139	0	
213907	-100	0	0	0	-100	0	0.191	0	
25680461	58588748	0	0	0	1176	0	0.132	0	2272
50321788	-100	0	0	0	-100	0	0.223	0	
13632507	13636949	0	0	0	61	0	0.107	0	2274
13061979	40447401	0	0	0	1766	0	0.113	0	2275
671703	1239938	0	0	0	75	0	0.058	0	2276
10604794	33955275	0	0	0	637	0	0.074	0	2277
33690697	-100	0	0	0	-100	0	0.185	0	
42777424	-100	0	0	0	-100	0	0.234	0	
54166888	54167232	0	0	0	199	0	0.046	0	228
4557009	-100	0	0	0	-100	0	0.173	0	
180516	263945	0	0	0	7237	0	0.142	0	2282
11404710	17005258	0	0	0	2044	0	0.106	0	2283
4332164	4332286	0	0	0	1938	0	0.074	0	2284
8060025	12530406	0	0	0	21	0	0.08	0	2285
5153908	-100	0	0	0	-100	0	0.249	0	
12015156	-100	0	0	0	-100	0	0.189	0	
2402579	-100	0	0	0	-100	0	0.168	0	
29838574	31622153	0	0	0	8412	0	0.161	0	229
8335430	-100	0	0	0	-100	0	0.201	0	
375913	25865264	0	0	0	70	0	0.05	0	2296
5739937	-100	0	0	0	-100	0	0.197	0	
3703658	55716940	0	0	0	1515	0	0.097	0	2298
24901	1303899	0	0	0	518	0	0.059	0	2299
21733836	-100	0	0	0	-100	0	0.178	0	
56263432	56283794	0	0	0	2474	0	0.078	0	230
381621	-100	0	0	0	-100	0	0.164	0	
21943621	-100	0	0	0	-100	0	0.155	0	
936687	-100	0	0	0	-100	0	0.187	0	
1041866	13694605	0	0	0	1696	0	0.114	0	2304
118547	-100	0	0	0	-100	0	0.17	0	
59756738	59758453	0	0	0	15	0	0.075	0	2306
72010	-100	0	0	0	-100	0	0.218	0	
2354210	2939860	0	0	0	159	0	0.062	0	2308
13772567	-100	0	0	0	-100	0	0.189	0	
26882023	-100	0	0	0	-100	0	0.17	0	
24296571	32506643	0	0	0	1	0	0.048	0	2313
4990462	5002055	0	0	0	1	0	0.048	0	2314
1861912	-100	0	0	0	-100	0	0.157	0	
933850	1023306	0	0	0	9032	0	0.164	0	2316
3734247	-100	0	0	0	-100	0	0.241	0	
21502017	27744079	0	0	0	901	0	0.088	0	2321
22176777	22182432	0	0	0	3070	0	0.152	0	2322
5563000	43510056	0	0	0	2171	0	0.082	0	2323
24370732	24371868	0	0	0	28	0	0.045	0	2324
106508	-100	0	0	0	-100	0	0.245	0	
57483	1950779	0	0	0	1464	0	0.13	0	2327
3593687	59226791	0	0	0	5659	0	0.118	0	2328
19554841	54504247	0	0	0	97	0	0.057	0	2330
1898524	28245226	0	0	0	2944	0	0.131	0	2331
3025421	9084671	0	0	0	195	0	0.073	0	2333
614794	-100	0	0	0	-100	0	0.179	0	
2351148	-100	0	0	0	-100	0	0.171	0	
120876	21395395	0	0	0	3102	0	0.085	0	2338
54827950	-100	0	0	0	-100	0	0.182	0	
40579342	-100	0	0	0	-100	0	0.186	0	
38447226	39393850	0	0	0	268	0	0.05	0	2347
8891067	-100	0	0	0	-100	0	0.158	0	
23971761	38984153	0	0	0	92	0	0.043	0	2349
27689105	27690419	0	0	0	79	0	0.065	0	235
9553591	12346487	0	0	0	194	0	0.045	0	2350
15445758	-100	0	0	0	-100	0	0.164	0	
9954518	42416776	0	0	0	479	0	0.047	0	2352
6012157	9020372	0	0	0	562	0	0.076	0	2355
7038357	12547983	0	0	0	116	0	0.083	0	2356
1878285	-100	0	0	0	-100	0	0.209	0	
5930985	5951292	0	0	0	3270	0	0.098	0	236
26986570	-100	0	0	0	-100	0	0.186	0	
20815921	-100	0	0	0	-100	0	0.168	0	
18841747	18847739	0	0	0	1	0	0.063	0	2362
311166	5576922	0	0	0	1624	0	0.076	0	2363
43777837	43778590	0	0	0	10	0	0.043	0	2364
6320995	-100	0	0	0	-100	0	0.158	0	
185844	1197106	0	0	0	2813	0	0.079	0	2366
747470	-100	0	0	0	-100	0	0.157	0	
6255445	6255682	0	0	0	8	0	0.037	0	237
26189166	-100	0	0	0	-100	0	0.179	0	
10962290	11328264	0	0	0	4804	0	0.131	0	2371
8114276	28336207	0	0	0	129	0	0.069	0	2372
5481539	7153991	0	0	0	392	0	0.083	0	2373
3582001	3591832	0	0	0	1269	0	0.123	0	2374
1897675	2004820	0	0	0	1727	0	0.071	0	2375
1120140	-100	0	0	0	-100	0	0.185	0	
1494399	3418231	0	0	0	3	0	0.041	0	2377
54465850	54466591	0	0	0	3311	0	0.126	0	238
4767925	43471071	0	0	0	5804	0	0.127	0	2380
1686204	-100	0	0	0	-100	0	0.181	0	
4185350	-100	0	0	0	-100	0	0.197	0	
111478	8630552	0	0	0	12	0	0.059	0	2383
7823990	8851670	0	0	0	8654	0	0.151	0	2384
17775390	23980929	0	0	0	7401	0	0.202	0	2385
3229883	-100	0	0	0	-100	0	0.173	0	
824157	2062956	0	0	0	17	0	0.054	0	2387
7765239	-100	0	0	0	-100	0	0.479	0	
332030	-100	0	0	0	-100	0	0.93	0	
471432	-100	0	0	0	-100	0	0.431	0	
28573215	28574069	0	0	0	1276	0	0.239	0	2392
3498444	-100	0	0	0	-100	0	0.362	0	
4486326	4486442	0	0	0	504	0	0.069	0	2394
14595992	-100	0	0	0	-100	0	0.158	0	
14442894	19881803	0	0	0	1	0	0.098	0	2397
6399615	-100	0	0	0	-100	0	0.261	0	
2602013	3303527	0	0	0	6168	0	0.226	0	2399
4430835	-100	0	0	0	-100	0	0.221	0	
8634234	8635186	0	0	0	4159	0	0.155	0	240
116038	-100	0	0	0	-100	0	0.323	0	
15952412	15967293	0	0	0	171	0	0.083	0	2401
7689406	-100	0	0	0	-100	0	0.277	0	
15097783	21028299	0	0	0	242	0	0.14	0	2406
2409504	5840148	0	0	0	6	0	0.057	0	2407
41840608	-100	0	0	0	-100	0	0.242	0	
18467624	22253355	0	0	0	12	0	0.055	0	2411
6438086	6440392	0	0	0	483	0	0.158	0	2412
5205491	7482567	0	0	0	12	0	0.099	0	2413
30114397	-100	0	0	0	-100	0	0.242	0	
37378199	37644977	0	0	0	5359	0	0.161	0	2415
53849	236129	0	0	0	46	0	0.049	0	2418
28998697	33986937	0	0	0	7649	0	0.207	0	242
37209725	-100	0	0	0	-100	0	0.285	0	
1553382	4255598	0	0	0	1	0	0.071	0	2422
9330561	9331036	0	0	0	267	0	0.065	0	2423
4084777	19500404	0	0	0	2	0	0.072	0	2424
437150	2384107	0	0	0	4651	0	0.126	0	2427
28311795	-100	0	0	0	-100	0	0.201	0	
11016220	-100	0	0	0	-100	0	0.213	0	
5751737	5754228	0	0	0	2582	0	0.114	0	243
8454329	8486077	0	0	0	1	0	0.1	0	2430
38043442	-100	0	0	0	-100	0	0.218	0	
177437	3709207	0	0	0	5663	0	0.185	0	2438
6264249	12122446	0	0	0	2438	0	0.152	0	2439
24017636	36132402	0	0	0	2700	0	0.104	0	244
272900	-100	0	0	0	-100	0	0.283	0	
22444415	-100	0	0	0	-100	0	0.419	0	
4422507	4726570	0	0	0	2915	0	0.261	0	2455
29765961	45290121	0	0	0	4945	0	0.261	0	2456
2744181	-100	0	0	0	-100	0	0.352	0	
11433978	11434180	0	0	0	1	0	0.05	0	246
245742	1024361	0	0	0	1	0	0.063	0	2460
405039	-100	0	0	0	-100	0	0.23	0	
18764094	27341944	0	0	0	7390	0	0.154	0	247
1133739	1134388	0	0	0	1290	0	0.075	0	2471
2273330	-100	0	0	0	-100	0	0.193	0	
1567082	-100	0	0	0	-100	0	0.193	0	
12573816	-100	0	0	0	-100	0	0.219	0	
115703	495021	0	0	0	5416	0	0.123	0	2477
4866425	-100	0	0	0	-100	0	0.184	0	
46921042	-100	0	0	0	-100	0	0.16	0	
92859	34906229	0	0	0	464	0	0.086	0	2481
7627098	44868369	0	0	0	1022	0	0.109	0	2482
395123	-100	0	0	0	-100	0	0.209	0	
161177	-100	0	0	0	-100	0	0.21	0	
10270328	48842770	0	0	0	15	0	0.083	0	2485
2687392	8644707	0	0	0	1	0	0.176	0	2486
75538	-100	0	0	0	-100	0	0.269	0	
8808732	8824332	0	0	0	283	0	0.076	0	249
4030959	-100	0	0	0	-100	0	0.252	0	
4421706	34953523	0	0	0	3278	0	0.107	0	2493
7149461	7194127	0	0	0	1	0	0.132	0	2494
2830272	2835416	0	0	0	1	0	0.064	0	2495
11373203	-100	0	0	0	-100	0	0.19	0	
25311011	-100	0	0	0	-100	0	0.234	0	
7011238	-100	0	0	0	-100	0	0.232	0	
28545184	28551380	0	0	0	885	0	0.068	0	25
29938796	-100	0	0	0	-100	0	0.229	0	
14294271	14309245	0	0	0	907	0	0.172	0	2503
2558153	-100	0	0	0	-100	0	0.272	0	
228005	4351371	0	0	0	555	0	0.057	0	2506
14856344	17473753	0	0	0	1866	0	0.115	0	2507
1861294	50924929	0	0	0	20	0	0.052	0	2508
2808398	-100	0	0	0	-100	0	0.24	0	
56260017	58569932	0	0	0	1	0	0.051	0	251
21060574	21072058	0	0	0	1	0	0.053	0	2510
14768951	42026891	0	0	0	1058	0	0.119	0	2511
137038	38552116	0	0	0	32	0	0.084	0	2513
3828192	4980815	0	0	0	1	0	0.081	0	2514
317450	356950	0	0	0	1	0	0.082	0	2515
979759	-100	0	0	0	-100	0	0.387	0	
6218812	11312448	0	0	0	1203	0	0.237	0	2517
2080281	2084098	0	0	0	27	0	0.164	0	252
3279543	20511678	0	0	0	2928	0	0.391	0	2522
4986673	-100	0	0	0	-100	0	0.401	0	
670734	-100	0	0	0	-100	0	0.326	0	
13292237	15858141	0	0	0	406	0	0.295	0	2526
4850473	6245735	0	0	0	9364	0	0.51	0	2529
54872975	54902244	0	0	0	19	0	0.178	0	253
320798	-100	0	0	0	-100	0	0.402	0	
257288	-100	0	0	0	-100	0	0.295	0	
1005476	-100	0	0	0	-100	0	0.462	0	
610245	-100	0	0	0	-100	0	1.193	0	
6166337	-100	0	0	0	-100	0	0.832	0	
4782757	-100	0	0	0	-100	0	0.606	0	
1272680	-100	0	0	0	-100	0	0.574	0	
10231349	-100	0	0	0	-100	0	0.368	0	
10972577	52589094	0	0	0	24	0	0.086	0	255
2712076	-100	0	0	0	-100	0	0.342	0	
8193102	13957166	0	0	0	6	0	0.17	0	2553
8468774	13148772	0	0	0	1189	0	0.247	0	2554
3457967	-100	0	0	0	-100	0	0.336	0	
4638364	4709727	0	0	0	38	0	0.093	0	2558
11170012	11176990	0	0	0	88	0	0.076	0	256
38501587	-100	0	0	0	-100	0	0.278	0	
596162	-100	0	0	0	-100	0	0.169	0	
10653903	-100	0	0	0	-100	0	0.154	0	
3601602	15482508	0	0	0	768	0	0.083	0	2563
22009008	-100	0	0	0	-100	0	0.169	0	
620137	1613341	0	0	0	22	0	0.053	0	2565
906734	-100	0	0	0	-100	0	0.155	0	
33988297	37618213	0	0	0	91	0	0.063	0	2568
37121425	37139784	0	0	0	6	0	0.042	0	257
146452	35152877	0	0	0	1274	0	0.065	0	2570
2894891	-100	0	0	0	-100	0	0.127	0	
449436	1661529	0	0	0	132	0	0.037	0	2579
222916	47867789	0	0	0	10	0	0.039	0	258
86582	1008019	0	0	0	1	0	0.036	0	2580
612328	22386191	0	0	0	1	0	0.037	0	2581
27683855	-100	0	0	0	-100	0	0.191	0	
52399753	52402665	0	0	0	8248	0	0.145	0	26
15100515	15110526	0	0	0	1	0	0.045	0	260
61237796	-100	0	0	0	-100	0	0.263	0	
8279964	8284561	0	0	0	591	0	0.089	0	262
4876253	4885161	0	0	0	4	0	0.066	0	263
21391299	-100	0	0	0	-100	0	0.238	0	
11167483	11219159	0	0	0	75	0	0.113	0	265
9331404	9432499	0	0	0	8	0	0.065	0	266
2008707	5692009	0	0	0	1911	0	0.106	0	267
38692288	38721084	0	0	0	2	0	0.057	0	268
38429078	38429908	0	0	0	2	0	0.076	0	269
39813866	39814446	0	0	0	5665	0	0.144	0	27
22919759	23762420	0	0	0	1	0	0.066	0	270
8595087	8597039	0	0	0	1	0	0.073	0	271
23231012	35074830	0	0	0	111	0	0.084	0	272
30003891	36370335	0	0	0	8249	0	0.244	0	273
8542611	8542752	0	0	0	122	0	0.095	0	274
35556450	35633531	0	0	0	1	0	0.088	0	275
53630837	53632120	0	0	0	3418	0	0.168	0	276
6444876	6449198	0	0	0	1	0	0.096	0	277
39998793	40001901	0	0	0	5726	0	0.255	0	278
53629760	53713992	0	0	0	6	0	0.108	0	279
6523292	6523878	0	0	0	3	0	0.129	0	28
45765087	56663116	0	0	0	16	0	0.104	0	280
4346240	-100	0	0	0	-100	0	0.445	0	
34492720	34494559	0	0	0	13	0	0.081	0	282
25908414	26103828	0	0	0	1	0	0.11	0	283
30800772	38468644	0	0	0	4746	0	0.223	0	284
32854765	-100	0	0	0	-100	0	0.435	0	
61760083	61768725	0	0	0	1	0	0.258	0	286
15355048	-100	0	0	0	-100	0	0.325	0	
48647161	48696645	0	0	0	104	0	0.089	0	288
23287222	-100	0	0	0	-100	0	0.238	0	
8620383	-100	0	0	0	-100	0	0.213	0	
15879071	15881735	0	0	0	25	0	0.063	0	290
50222760	50244264	0	0	0	1	0	0.053	0	291
55986995	55987832	0	0	0	2644	0	0.163	0	292
49695508	49696603	0	0	0	409	0	0.069	0	293
27430864	27675026	0	0	0	2	0	0.069	0	294
30563673	37380430	0	0	0	9	0	0.047	0	295
15984453	15984499	0	0	0	356	0	0.125	0	296
48120268	48121671	0	0	0	4236	0	0.253	0	297
59655911	-100	0	0	0	-100	0	0.371	0	
25094989	25146997	0	0	0	201	0	0.082	0	299
5761041	5761204	0	0	0	5666	0	0.218	0	3
54233187	-100	0	0	0	-100	0	0.41	0	
38171543	53626481	0	0	0	87	0	0.073	0	300
61752890	-100	0	0	0	-100	0	0.225	0	
29997142	-100	0	0	0	-100	0	0.234	0	
10634603	10635365	0	0	0	1093	0	0.074	0	303
13255826	-100	0	0	0	-100	0	0.146	0	
14830908	27411379	0	0	0	3314	0	0.072	0	305
60441437	-100	0	0	0	-100	0	0.151	0	
30294294	30298467	0	0	0	9455	0	0.149	0	307
10697991	10721269	0	0	0	174	0	0.061	0	308
34487014	34488323	0	0	0	5667	0	0.15	0	309
46307266	46630386	0	0	0	1	0	0.1	0	31
10108720	10122219	0	0	0	1	0	0.249	0	310
22166767	22167235	0	0	0	11	0	0.218	0	311
30030925	30032332	0	0	0	166	0	0.08	0	312
31079297	31081551	0	0	0	5835	0	0.168	0	313
18774522	29506426	0	0	0	92	0	0.054	0	314
6184658	-100	0	0	0	-100	0	0.225	0	
31077823	-100	0	0	0	-100	0	0.244	0	
3217441	22951260	0	0	0	2465	0	0.192	0	317
44718664	44719583	0	0	0	1	0	0.06	0	318
50311966	50322241	0	0	0	13	0	0.111	0	319
45843428	-100	0	0	0	-100	0	0.287	0	
726456	-100	0	0	0	-100	0	0.192	0	
43375114	43397349	0	0	0	1	0	0.045	0	322
53882498	53885538	0	0	0	8	0	0.042	0	323
8268687	-100	0	0	0	-100	0	0.177	0	
35854686	38680819	0	0	0	558	0	0.081	0	325
19325258	19540594	0	0	0	13	0	0.038	0	326
38414951	-100	0	0	0	-100	0	0.194	0	
49546754	-100	0	0	0	-100	0	0.206	0	
49162554	49162871	0	0	0	1	0	0.045	0	329
19366503	52539331	0	0	0	1197	0	0.058	0	33
50210908	50211746	0	0	0	5669	0	0.098	0	330
39725067	39727409	0	0	0	35	0	0.076	0	331
58861467	58862280	0	0	0	2	0	0.044	0	332
16954974	-100	0	0	0	-100	0	0.168	0	
710604	-100	0	0	0	-100	0	0.158	0	
33510086	-100	0	0	0	-100	0	0.183	0	
3810269	3810281	0	0	0	271	0	0.042	0	336
20602734	20603707	0	0	0	2	0	0.033	0	337
5790514	20073401	0	0	0	7	0	0.042	0	338
42437697	42578008	0	0	0	1156	0	0.051	0	339
48724815	48727627	0	0	0	480	0	0.046	0	34
28708497	-100	0	0	0	-100	0	0.2	0	
41557421	-100	0	0	0	-100	0	0.164	0	
5643923	59729491	0	0	0	494	0	0.054	0	342
3808708	-100	0	0	0	-100	0	0.155	0	
29272497	-100	0	0	0	-100	0	0.162	0	
5642819	5644448	0	0	0	5670	0	0.094	0	345
57540155	-100	0	0	0	-100	0	0.128	0	
6167017	6167515	0	0	0	1685	0	0.081	0	347
399792	-100	0	0	0	-100	0	0.186	0	
23015482	23033043	0	0	0	395	0	0.072	0	349
18576986	18577584	0	0	0	472	0	0.072	0	35
26351963	26374116	0	0	0	607	0	0.052	0	350
15193108	-100	0	0	0	-100	0	0.195	0	
57811230	57811424	0	0	0	1	0	0.05	0	352
30133364	-100	0	0	0	-100	0	0.164	0	
32118485	32120691	0	0	0	1358	0	0.057	0	354
25392935	25407804	0	0	0	4563	0	0.125	0	355
29313296	-100	0	0	0	-100	0	0.131	0	
13071037	13089110	0	0	0	1073	0	0.059	0	36
21685426	-100	0	0	0	-100	0	0.169	0	
5116642	-100	0	0	0	-100	0	0.984	0	
3543725	3566774	0	0	0	1	0	0.036	0	364
29759105	-100	0	0	0	-100	0	0.181	0	
37620642	-100	0	0	0	-100	0	0.152	0	
15653199	15663805	0	0	0	8	0	0.036	0	367
39194295	39195955	0	0	0	1	0	0.04	0	368
40028124	45485671	0	0	0	93	0	0.043	0	369
13406987	-100	0	0	0	-100	0	0.177	0	
61476419	-100	0	0	0	-100	0	0.123	0	
8274083	-100	0	0	0	-100	0	0.156	0	
39791941	-100	0	0	0	-100	0	0.166	0	
23061113	32115766	0	0	0	195	0	0.069	0	373
21727015	36111009	0	0	0	43	0	0.045	0	374
16124663	-100	0	0	0	-100	0	0.165	0	
37095624	-100	0	0	0	-100	0	0.156	0	
61999188	62001869	0	0	0	5251	0	0.111	0	377
52561764	-100	0	0	0	-100	0	0.13	0	
29512112	-100	0	0	0	-100	0	0.167	0	
36687185	36697711	0	0	0	568	0	0.054	0	38
23725631	23729016	0	0	0	3203	0	0.102	0	380
41552514	41554125	0	0	0	7	0	0.061	0	382
1990032	1990135	0	0	0	644	0	0.05	0	383
7754713	7755257	0	0	0	4227	0	0.105	0	384
32737268	34997097	0	0	0	813	0	0.09	0	385
45666043	46107312	0	0	0	169	0	0.061	0	386
55967949	55969287	0	0	0	1	0	0.064	0	387
4390112	4390945	0	0	0	1621	0	0.063	0	389
4974617	4977726	0	0	0	7001	0	0.126	0	39
6841263	25034867	0	0	0	92	0	0.04	0	390
12487923	-100	0	0	0	-100	0	0.13	0	
54132563	54135026	0	0	0	114	0	0.055	0	392
17432233	17432707	0	0	0	936	0	0.051	0	393
28277715	-100	0	0	0	-100	0	0.152	0	
1326510	59899540	0	0	0	67	0	0.036	0	395
7292588	7292842	0	0	0	8	0	0.042	0	396
27687751	-100	0	0	0	-100	0	0.161	0	
60060462	-100	0	0	0	-100	0	0.158	0	
1659614	-100	0	0	0	-100	0	0.139	0	
54656017	55047561	0	0	0	303	0	0.039	0	4
34316306	48990136	0	0	0	470	0	0.046	0	40
13331610	55442633	0	0	0	4195	0	0.102	0	400
61318092	61452913	0	0	0	1	0	0.037	0	401
31063055	-100	0	0	0	-100	0	0.162	0	
6999845	-100	0	0	0	-100	0	0.146	0	
7305614	-100	0	0	0	-100	0	0.168	0	
24770397	24770614	0	0	0	55	0	0.04	0	405
8621052	-100	0	0	0	-100	0	0.181	0	
19896142	24769623	0	0	0	1174	0	0.057	0	407
33157910	33280524	0	0	0	651	0	0.071	0	408
2748866	2749263	0	0	0	347	0	0.065	0	409
14952141	-100	0	0	0	-100	0	0.127	0	
29825352	-100	0	0	0	-100	0	0.158	0	
15856027	-100	0	0	0	-100	0	0.131	0	
17428841	-100	0	0	0	-100	0	0.161	0	
35843485	35847567	0	0	0	7	0	0.061	0	414
22538802	22671635	0	0	0	2002	0	0.103	0	415
30797762	30837891	0	0	0	4	0	0.074	0	416
33444814	33681093	0	0	0	7500	0	0.199	0	417
61493830	-100	0	0	0	-100	0	0.196	0	
9048883	12837433	0	0	0	1330	0	0.099	0	419
46362227	46364828	0	0	0	5417	0	0.136	0	42
34018144	35444086	0	0	0	879	0	0.07	0	420
26919664	-100	0	0	0	-100	0	0.18	0	
34203588	34223547	0	0	0	72	0	0.061	0	422
5038305	-100	0	0	0	-100	0	0.235	0	
24901772	45475241	0	0	0	1764	0	0.138	0	424
56223084	56225374	0	0	0	16	0	0.071	0	425
30008658	30010444	0	0	0	907	0	0.094	0	426
38293708	42719326	0	0	0	8938	0	0.249	0	427
2483227	2483260	0	0	0	5674	0	0.164	0	428
57003010	57009060	0	0	0	4031	0	0.252	0	429
10186102	10192651	0	0	0	12	0	0.052	0	43
26600136	26621813	0	0	0	6	0	0.085	0	430
18963580	28267484	0	0	0	3804	0	0.109	0	431
55524140	-100	0	0	0	-100	0	0.251	0	
57167890	59949212	0	0	0	1274	0	0.08	0	433
18997021	25325891	0	0	0	1	0	0.041	0	434
26540615	26541667	0	0	0	28	0	0.063	0	435
32103323	-100	0	0	0	-100	0	0.189	0	
1432336	16945930	0	0	0	4248	0	0.117	0	437
3529449	3529674	0	0	0	542	0	0.11	0	438
20825039	20830773	0	0	0	9	0	0.078	0	439
34842547	36138094	0	0	0	1	0	0.069	0	44
38656443	-100	0	0	0	-100	0	0.238	0	
44500144	-100	0	0	0	-100	0	0.287	0	
9123022	-100	0	0	0	-100	0	0.229	0	
21958189	26597542	0	0	0	499	0	0.086	0	443
6415186	13837668	0	0	0	139	0	0.114	0	445
42326130	42360760	0	0	0	4030	0	0.181	0	446
17457862	17476526	0	0	0	1	0	0.091	0	447
20599721	-100	0	0	0	-100	0	0.384	0	
60151358	60153693	0	0	0	1	0	0.085	0	449
3114997	3136586	0	0	0	1	0	0.07	0	45
48617011	-100	0	0	0	-100	0	0.246	0	
10343177	-100	0	0	0	-100	0	0.48	0	
12122317	12276668	0	0	0	54	0	0.233	0	452
59626494	-100	0	0	0	-100	0	0.395	0	
27464190	42062557	0	0	0	2661	0	0.138	0	454
30266009	30277865	0	0	0	6712	0	0.232	0	455
31969547	40227333	0	0	0	879	0	0.078	0	456
20981540	-100	0	0	0	-100	0	0.176	0	
5099967	-100	0	0	0	-100	0	0.143	0	
17945003	18035286	0	0	0	721	0	0.051	0	459
20932939	20933134	0	0	0	1	0	0.05	0	46
8247552	48603877	0	0	0	2497	0	0.063	0	460
16110898	-100	0	0	0	-100	0	0.174	0	
31605012	31611813	0	0	0	1499	0	0.068	0	462
36818877	36865275	0	0	0	280	0	0.079	0	463
13561693	13563873	0	0	0	272	0	0.052	0	464
179684	4610671	0	0	0	472	0	0.068	0	465
5722942	12701170	0	0	0	1	0	0.047	0	466
15060372	27645319	0	0	0	375	0	0.052	0	467
23004941	-100	0	0	0	-100	0	0.233	0	
4610073	18205234	0	0	0	1872	0	0.075	0	469
52388910	-100	0	0	0	-100	0	0.335	0	
35506712	-100	0	0	0	-100	0	0.264	0	
51235025	51244047	0	0	0	27	0	0.11	0	471
29329860	-100	0	0	0	-100	0	0.227	0	
22213452	22214272	0	0	0	16	0	0.054	0	473
30263007	30265207	0	0	0	2822	0	0.235	0	476
29729049	29730796	0	0	0	3689	0	0.238	0	477
2999952	-100	0	0	0	-100	0	0.327	0	
47668769	-100	0	0	0	-100	0	0.473	0	
39690503	39806517	0	0	0	5676	0	0.271	0	480
45204856	45264761	0	0	0	1	0	0.17	0	481
2868673	19703835	0	0	0	1	0	0.107	0	482
41622896	46253990	0	0	0	28	0	0.128	0	483
11387564	16769758	0	0	0	3126	0	0.164	0	486
7979640	8028526	0	0	0	18	0	0.115	0	487
30523825	-100	0	0	0	-100	0	0.355	0	
55765938	-100	0	0	0	-100	0	0.498	0	
60246132	60250900	0	0	0	7014	0	0.168	0	49
55492141	55498738	0	0	0	76	0	0.065	0	490
5223789	29571936	0	0	0	2812	0	0.102	0	491
13935357	23277681	0	0	0	108	0	0.038	0	492
5094960	-100	0	0	0	-100	0	0.259	0	
1417121	-100	0	0	0	-100	0	0.408	0	
11910558	11938359	0	0	0	59	0	0.221	0	495
28511802	33930037	0	0	0	9696	0	0.34	0	496
48347642	55214156	0	0	0	2953	0	0.376	0	497
37861410	-100	0	0	0	-100	0	0.248	0	
59761144	-100	0	0	0	-100	0	0.246	0	
4187850	4191253	0	0	0	1	0	0.054	0	5
52538669	52667937	0	0	0	1	0	0.064	0	50
14034478	33142145	0	0	0	759	0	0.086	0	500
13743357	-100	0	0	0	-100	0	0.184	0	
9864328	13781225	0	0	0	263	0	0.09	0	502
10106936	43365382	0	0	0	652	0	0.157	0	503
10605469	10606462	0	0	0	2567	0	0.176	0	504
46510891	46515831	0	0	0	1	0	0.073	0	505
12432084	-100	0	0	0	-100	0	0.223	0	
15053173	-100	0	0	0	-100	0	0.428	0	
11263396	21378938	0	0	0	449	0	0.141	0	509
38491608	-100	0	0	0	-100	0	0.622	0	
34559607	34566179	0	0	0	166	0	0.208	0	510
4829437	19379077	0	0	0	74	0	0.129	0	511
25538776	-100	0	0	0	-100	0	0.283	0	
23529563	-100	0	0	0	-100	0	0.297	0	
43141124	-100	0	0	0	-100	0	0.465	0	
13065271	13865853	0	0	0	8345	0	0.468	0	515
12516584	14363929	0	0	0	1275	0	0.107	0	516
59616117	59637006	0	0	0	129	0	0.06	0	517
14066120	14067547	0	0	0	431	0	0.082	0	518
13343874	13360783	0	0	0	642	0	0.076	0	519
43989414	43995946	0	0	0	6	0	0.066	0	52
42976708	43100934	0	0	0	1	0	0.071	0	520
2206270	36814862	0	0	0	141	0	0.097	0	521
22653233	22657386	0	0	0	4	0	0.064	0	522
48356152	-100	0	0	0	-100	0	0.51	0	
10962044	10984490	0	0	0	19	0	0.086	0	524
11989319	-100	0	0	0	-100	0	0.243	0	
52541086	53190412	0	0	0	4399	0	0.193	0	526
54476881	-100	0	0	0	-100	0	0.291	0	
51332851	51374558	0	0	0	530	0	0.143	0	528
34185286	34186365	0	0	0	78	0	0.144	0	529
4149229	-100	0	0	0	-100	0	0.349	0	
10854274	-100	0	0	0	-100	0	0.74	0	
41556257	-100	0	0	0	-100	0	0.264	0	
45980501	45992636	0	0	0	68	0	0.059	0	533
1191240	1191349	0	0	0	8785	0	0.206	0	534
29991889	29994372	0	0	0	86	0	0.052	0	535
26321728	-100	0	0	0	-100	0	0.167	0	
16622398	-100	0	0	0	-100	0	0.151	0	
28680879	-100	0	0	0	-100	0	0.147	0	
14000715	-100	0	0	0	-100	0	0.153	0	
7555545	7556636	0	0	0	1	0	0.036	0	54
37855794	37874287	0	0	0	3337	0	0.107	0	540
58302970	58306832	0	0	0	1	0	0.046	0	541
51749081	51752143	0	0	0	164	0	0.07	0	542
39665300	39690166	0	0	0	42	0	0.072	0	543
18456450	18456695	0	0	0	5679	0	0.123	0	544
7860480	40738263	0	0	0	6	0	0.091	0	545
13020695	-100	0	0	0	-100	0	0.234	0	
32160401	-100	0	0	0	-100	0	0.195	0	
27630523	27632805	0	0	0	5680	0	0.101	0	548
36281187	36675012	0	0	0	14	0	0.039	0	549
57886451	57886648	0	0	0	71	0	0.057	0	55
32348660	36407941	0	0	0	2	0	0.064	0	550
4975394	-100	0	0	0	-100	0	0.157	0	
37911950	53320015	0	0	0	1155	0	0.058	0	552
56727833	-100	0	0	0	-100	0	0.166	0	
35231982	35276564	0	0	0	294	0	0.066	0	554
54546367	59726288	0	0	0	3	0	0.043	0	555
15832631	-100	0	0	0	-100	0	0.173	0	
25576363	-100	0	0	0	-100	0	0.18	0	
28547419	28564029	0	0	0	1018	0	0.057	0	558
56988898	-100	0	0	0	-100	0	0.171	0	
32720478	32741319	0	0	0	1	0	0.045	0	56
16880645	-100	0	0	0	-100	0	0.234	0	
17404683	17407948	0	0	0	34	0	0.063	0	561
57250160	57264084	0	0	0	5681	0	0.112	0	562
11637063	11660758	0	0	0	47	0	0.042	0	563
52006987	52024492	0	0	0	373	0	0.066	0	564
52060862	52069804	0	0	0	441	0	0.063	0	565
29504070	29614410	0	0	0	477	0	0.081	0	566
7704526	7705222	0	0	0	420	0	0.053	0	567
50705571	-100	0	0	0	-100	0	0.202	0	
1149764	-100	0	0	0	-100	0	0.17	0	
58448071	58449034	0	0	0	1	0	0.052	0	57
507884	-100	0	0	0	-100	0	0.2	0	
13298793	13310496	0	0	0	10	0	0.061	0	571
27363861	27383949	0	0	0	8	0	0.075	0	572
43878810	43891849	0	0	0	11	0	0.069	0	573
7703358	27965722	0	0	0	611	0	0.05	0	574
25622109	-100	0	0	0	-100	0	0.163	0	
16365826	16404173	0	0	0	2731	0	0.091	0	576
16090612	16092347	0	0	0	293	0	0.061	0	578
37062120	37078753	0	0	0	709	0	0.077	0	579
15155237	15173692	0	0	0	90	0	0.037	0	58
35012814	-100	0	0	0	-100	0	0.217	0	
41867111	-100	0	0	0	-100	0	0.257	0	
7439175	-100	0	0	0	-100	0	0.193	0	
12157137	12182551	0	0	0	20	0	0.041	0	583
26895238	30320369	0	0	0	6664	0	0.126	0	584
218747	1150464	0	0	0	2	0	0.118	0	585
34438946	34440316	0	0	0	265	0	0.046	0	586
8245909	8299107	0	0	0	8966	0	0.154	0	587
11632203	11649104	0	0	0	27	0	0.043	0	588
23709529	-100	0	0	0	-100	0	0.16	0	
1022487	-100	0	0	0	-100	0	0.173	0	
405953	6203015	0	0	0	34	0	0.036	0	590
1408361	13587502	0	0	0	1	0	0.053	0	591
39681190	-100	0	0	0	-100	0	0.199	0	
3844010	-100	0	0	0	-100	0	0.148	0	
13280921	13281089	0	0	0	3382	0	0.098	0	594
23165475	-100	0	0	0	-100	0	0.198	0	
11630823	14878938	0	0	0	1233	0	0.058	0	596
26310824	26311379	0	0	0	262	0	0.053	0	597
27621522	-100	0	0	0	-100	0	0.176	0	
709146	-100	0	0	0	-100	0	0.163	0	
53205907	53209631	0	0	0	21	0	0.062	0	6
62077796	62078530	0	0	0	1369	0	0.076	0	60
24739986	-100	0	0	0	-100	0	0.162	0	
10915568	36796290	0	0	0	3881	0	0.091	0	601
7904281	41860785	0	0	0	887	0	0.061	0	602
53842888	55292768	0	0	0	258	0	0.042	0	603
7179062	7181153	0	0	0	5682	0	0.102	0	604
39821244	39832733	0	0	0	1939	0	0.108	0	605
3240609	3241645	0	0	0	3358	0	0.091	0	607
29381290	-100	0	0	0	-100	0	0.167	0	
5337370	-100	0	0	0	-100	0	0.156	0	
25377341	25396281	0	0	0	12	0	0.054	0	61
14657092	-100	0	0	0	-100	0	0.164	0	
50163959	50164588	0	0	0	1803	0	0.065	0	611
15036633	-100	0	0	0	-100	0	0.191	0	
17657761	-100	0	0	0	-100	0	0.257	0	
23162398	23172567	0	0	0	352	0	0.051	0	614
6759560	-100	0	0	0	-100	0	0.187	0	
42044116	42046021	0	0	0	5946	0	0.145	0	616
44914938	44920101	0	0	0	1	0	0.045	0	617
49638281	49639536	0	0	0	567	0	0.055	0	618
33647458	-100	0	0	0	-100	0	0.165	0	
37697155	37710525	0	0	0	1	0	0.068	0	62
23161514	-100	0	0	0	-100	0	0.153	0	
11935689	27726049	0	0	0	9	0	0.051	0	621
29190790	29201599	0	0	0	222	0	0.063	0	622
58550903	-100	0	0	0	-100	0	0.273	0	
40462612	40470650	0	0	0	605	0	0.097	0	624
733717	27879680	0	0	0	1650	0	0.166	0	625
45751978	-100	0	0	0	-100	0	0.307	0	
2837854	2838107	0	0	0	3	0	0.053	0	627
37840682	37879781	0	0	0	1035	0	0.065	0	628
49267066	49287221	0	0	0	77	0	0.045	0	629
52376111	-100	0	0	0	-100	0	0.187	0	
4810026	-100	0	0	0	-100	0	0.217	0	
1664262	1681327	0	0	0	1	0	0.048	0	631
3647331	20800684	0	0	0	967	0	0.093	0	632
4285346	4294629	0	0	0	1	0	0.069	0	633
27393985	45179671	0	0	0	3	0	0.064	0	634
7168484	47649507	0	0	0	1	0	0.064	0	635
25518171	-100	0	0	0	-100	0	0.246	0	
53305408	-100	0	0	0	-100	0	0.147	0	
56463341	-100	0	0	0	-100	0	0.185	0	
59808321	59828544	0	0	0	46	0	0.054	0	639
23802209	41119365	0	0	0	3391	0	0.097	0	64
11362002	-100	0	0	0	-100	0	0.194	0	
10051221	10060748	0	0	0	2372	0	0.105	0	641
22371789	60771584	0	0	0	38	0	0.056	0	642
19176029	-100	0	0	0	-100	0	0.201	0	
36265109	-100	0	0	0	-100	0	0.203	0	
29245312	-100	0	0	0	-100	0	0.173	0	
6642050	-100	0	0	0	-100	0	0.147	0	
30051662	-100	0	0	0	-100	0	0.166	0	
46272628	48061343	0	0	0	3	0	0.043	0	648
18701018	33435553	0	0	0	886	0	0.077	0	649
55784120	-100	0	0	0	-100	0	0.225	0	
12933790	13009694	0	0	0	1	0	0.086	0	650
7776022	-100	0	0	0	-100	0	0.213	0	
8476975	-100	0	0	0	-100	0	0.217	0	
34167067	34229428	0	0	0	15	0	0.056	0	653
4806848	-100	0	0	0	-100	0	0.192	0	
3495422	3495984	0	0	0	5684	0	0.112	0	655
29851098	29867841	0	0	0	1	0	0.089	0	656
27176432	27200350	0	0	0	1	0	0.047	0	657
30096963	30103356	0	0	0	5855	0	0.127	0	658
18308866	42676256	0	0	0	3759	0	0.092	0	66
28746372	52384571	0	0	0	622	0	0.078	0	660
18975512	-100	0	0	0	-100	0	0.175	0	
14939242	16077809	0	0	0	1	0	0.046	0	662
50777836	50783053	0	0	0	6759	0	0.126	0	663
14883128	14886524	0	0	0	1	0	0.048	0	664
31806336	31809625	0	0	0	1	0	0.042	0	665
1659641	1678924	0	0	0	5685	0	0.105	0	666
5847480	5853855	0	0	0	5686	0	0.103	0	667
16355634	33640835	0	0	0	7148	0	0.123	0	668
10156044	21874774	0	0	0	9651	0	0.148	0	669
53161886	-100	0	0	0	-100	0	0.167	0	
46223437	-100	0	0	0	-100	0	0.136	0	
31407210	-100	0	0	0	-100	0	0.145	0	
2209929	6377160	0	0	0	1181	0	0.054	0	672
15203541	-100	0	0	0	-100	0	0.174	0	
2182408	6505963	0	0	0	22	0	0.042	0	674
12764696	12765186	0	0	0	6868	0	0.118	0	675
56446068	-100	0	0	0	-100	0	0.148	0	
9136734	15814328	0	0	0	470	0	0.049	0	678
4279023	-100	0	0	0	-100	0	0.144	0	
14139265	14934911	0	0	0	92	0	0.042	0	68
1919626	-100	0	0	0	-100	0	0.16	0	
52180744	52185464	0	0	0	1751	0	0.065	0	681
1977742	1980145	0	0	0	1	0	0.039	0	682
38767653	38770895	0	0	0	1	0	0.038	0	683
9783512	9783866	0	0	0	1	0	0.039	0	684
39422973	-100	0	0	0	-100	0	0.153	0	
34134252	34162446	0	0	0	56	0	0.042	0	686
14302834	14314410	0	0	0	481	0	0.082	0	687
48842016	48842937	0	0	0	5688	0	0.099	0	688
57390595	58541216	0	0	0	1	0	0.04	0	689
9903718	-100	0	0	0	-100	0	0.171	0	
221185	-100	0	0	0	-100	0	0.224	0	
21316374	-100	0	0	0	-100	0	0.186	0	
32696870	-100	0	0	0	-100	0	0.222	0	
31762923	43074272	0	0	0	227	0	0.074	0	693
13189650	-100	0	0	0	-100	0	0.224	0	
42828859	43073800	0	0	0	25	0	0.047	0	696
48705742	48733619	0	0	0	3941	0	0.128	0	697
8039896	-100	0	0	0	-100	0	0.216	0	
59588564	-100	0	0	0	-100	0	0.162	0	
36950532	36958661	0	0	0	1	0	0.051	0	7
7023539	-100	0	0	0	-100	0	0.199	0	
53821315	53840959	0	0	0	1971	0	0.099	0	700
32849257	-100	0	0	0	-100	0	0.26	0	
15611089	15648681	0	0	0	932	0	0.097	0	702
28130531	-100	0	0	0	-100	0	0.529	0	
30489754	30500236	0	0	0	937	0	0.112	0	704
3925836	16333783	0	0	0	1	0	0.06	0	705
15611024	15611487	0	0	0	7	0	0.089	0	706
27391205	-100	0	0	0	-100	0	0.395	0	
36256242	36323932	0	0	0	1	0	0.113	0	708
3488048	-100	0	0	0	-100	0	0.731	0	
8635981	-100	0	0	0	-100	0	0.607	0	
4275050	5585195	0	0	0	879	0	0.119	0	710
4274386	4282662	0	0	0	34	0	0.08	0	711
30388453	43215529	0	0	0	27	0	0.067	0	712
40343663	40356990	0	0	0	264	0	0.069	0	713
22400980	-100	0	0	0	-100	0	0.362	0	
3989111	3992548	0	0	0	5217	0	0.196	0	715
20264616	27918831	0	0	0	1544	0	0.232	0	716
1913541	1914342	0	0	0	1	0	0.091	0	717
20002029	22521324	0	0	0	46	0	0.065	0	718
4272939	4274058	0	0	0	1917	0	0.14	0	719
2828738	2843796	0	0	0	116	0	0.08	0	72
5583646	5644670	0	0	0	757	0	0.074	0	722
12923657	58614226	0	0	0	3	0	0.077	0	723
11164982	-100	0	0	0	-100	0	0.193	0	
13131803	13185457	0	0	0	30	0	0.053	0	725
57992892	58011898	0	0	0	6623	0	0.272	0	726
35116327	58848694	0	0	0	43	0	0.198	0	727
57515813	57516409	0	0	0	26	0	0.1	0	729
2828637	2850157	0	0	0	67	0	0.102	0	73
2437283	-100	0	0	0	-100	0	0.427	0	
14138360	-100	0	0	0	-100	0	0.494	0	
14118775	14120131	0	0	0	586	0	0.106	0	732
33939687	33988934	0	0	0	458	0	0.134	0	733
24194631	24196949	0	0	0	2	0	0.063	0	734
38861985	38940389	0	0	0	57	0	0.055	0	735
45505477	-100	0	0	0	-100	0	0.276	0	
34559984	34599965	0	0	0	5421	0	0.224	0	737
35204104	46915878	0	0	0	250	0	0.146	0	738
9843177	9934790	0	0	0	715	0	0.099	0	739
40050243	40052857	0	0	0	3	0	0.11	0	74
33039199	-100	0	0	0	-100	0	0.273	0	
31378816	31533512	0	0	0	1	0	0.053	0	741
14821846	-100	0	0	0	-100	0	0.201	0	
6741050	6754778	0	0	0	105	0	0.079	0	743
24459495	45258052	0	0	0	1357	0	0.091	0	744
42796710	42805379	0	0	0	6062	0	0.187	0	745
11425576	-100	0	0	0	-100	0	0.254	0	
39397254	39400018	0	0	0	5689	0	0.152	0	747
3378520	3541632	0	0	0	566	0	0.087	0	748
46474889	46502745	0	0	0	2	0	0.115	0	749
48965685	48967213	0	0	0	1658	0	0.141	0	75
8087438	-100	0	0	0	-100	0	0.191	0	
55387656	-100	0	0	0	-100	0	0.167	0	
55258304	55297953	0	0	0	6	0	0.045	0	752
28910892	-100	0	0	0	-100	0	0.162	0	
30745837	31297745	0	0	0	104	0	0.045	0	754
5985273	23289157	0	0	0	1	0	0.042	0	755
19491626	32284106	0	0	0	289	0	0.057	0	756
5841992	5842583	0	0	0	41	0	0.046	0	757
50930693	51020354	0	0	0	1	0	0.054	0	758
8805521	-100	0	0	0	-100	0	0.199	0	
53421559	-100	0	0	0	-100	0	0.181	0	
4531085	4531201	0	0	0	259	0	0.038	0	760
49261221	-100	0	0	0	-100	0	0.128	0	
24213942	36774770	0	0	0	4456	0	0.114	0	762
14037656	-100	0	0	0	-100	0	0.206	0	
40601894	40706705	0	0	0	4642	0	0.104	0	764
9511499	17488259	0	0	0	3862	0	0.121	0	765
28267104	28306704	0	0	0	1	0	0.073	0	766
9116036	-100	0	0	0	-100	0	0.174	0	
2957759	-100	0	0	0	-100	0	0.166	0	
20701397	-100	0	0	0	-100	0	0.204	0	
59712985	59765650	0	0	0	61	0	0.067	0	77
7938373	7939770	0	0	0	194	0	0.041	0	770
7676223	-100	0	0	0	-100	0	0.167	0	
8619133	8619356	0	0	0	1	0	0.039	0	772
46735324	55225535	0	0	0	1636	0	0.063	0	774
32317370	-100	0	0	0	-100	0	0.157	0	
56434495	-100	0	0	0	-100	0	0.162	0	
40705852	44241667	0	0	0	7507	0	0.154	0	777
56696510	56709825	0	0	0	3318	0	0.099	0	778
44396538	44637879	0	0	0	1	0	0.037	0	779
9162001	16308861	0	0	0	24	0	0.043	0	78
5840529	-100	0	0	0	-100	0	0.127	0	
29312444	54599136	0	0	0	4	0	0.04	0	781
17035464	41144668	0	0	0	1456	0	0.067	0	782
55385298	55409192	0	0	0	215	0	0.042	0	783
9771868	12276683	0	0	0	4	0	0.061	0	784
37296785	-100	0	0	0	-100	0	0.176	0	
32577466	32692176	0	0	0	169	0	0.045	0	786
52762511	55387065	0	0	0	15	0	0.061	0	787
11065606	12136300	0	0	0	3228	0	0.089	0	788
326487	-100	0	0	0	-100	0	0.2	0	
54858938	54895996	0	0	0	9	0	0.063	0	790
2501737	24555288	0	0	0	48	0	0.056	0	791
57132337	-100	0	0	0	-100	0	0.227	0	
23401376	-100	0	0	0	-100	0	0.242	0	
594782	614492	0	0	0	4	0	0.055	0	794
19469145	19469878	0	0	0	287	0	0.056	0	795
15191103	17736337	0	0	0	31	0	0.046	0	796
332554	-100	0	0	0	-100	0	0.159	0	
40178332	40195129	0	0	0	2	0	0.041	0	798
40059618	40059902	0	0	0	5	0	0.04	0	799
6803918	6804029	0	0	0	2	0	0.051	0	8
41100523	-100	0	0	0	-100	0	0.164	0	
19808054	34047732	0	0	0	1411	0	0.072	0	800
4715829	32073454	0	0	0	12	0	0.041	0	801
11596959	-100	0	0	0	-100	0	0.187	0	
5312773	5326564	0	0	0	916	0	0.058	0	803
21333990	-100	0	0	0	-100	0	0.164	0	
30420182	-100	0	0	0	-100	0	0.153	0	
43445184	-100	0	0	0	-100	0	0.16	0	
38181357	-100	0	0	0	-100	0	0.196	0	
19213084	29167707	0	0	0	183	0	0.042	0	808
44511121	-100	0	0	0	-100	0	0.178	0	
8903400	8903811	0	0	0	2	0	0.052	0	810
5923702	5924248	0	0	0	1	0	0.067	0	811
16322465	16325277	0	0	0	1383	0	0.111	0	812
24973123	26971680	0	0	0	24	0	0.054	0	813
24750218	31154429	0	0	0	130	0	0.044	0	814
54857347	54858015	0	0	0	79	0	0.036	0	815
53546616	53664253	0	0	0	67	0	0.034	0	816
8373783	-100	0	0	0	-100	0	0.164	0	
36163846	40455415	0	0	0	359	0	0.041	0	819
8070098	8081735	0	0	0	11	0	0.049	0	82
711770	-100	0	0	0	-100	0	0.198	0	
13280932	15272971	0	0	0	164	0	0.041	0	821
41487287	-100	0	0	0	-100	0	0.158	0	
2689963	-100	0	0	0	-100	0	0.163	0	
7820145	8782895	0	0	0	29	0	0.059	0	824
52317134	-100	0	0	0	-100	0	0.166	0	
44632652	-100	0	0	0	-100	0	0.157	0	
18507518	-100	0	0	0	-100	0	0.154	0	
30937987	43218715	0	0	0	1	0	0.063	0	828
43724903	43726871	0	0	0	809	0	0.054	0	83
593403	27068650	0	0	0	15	0	0.039	0	830
32049360	43111572	0	0	0	6	0	0.043	0	831
51741014	51747719	0	0	0	78	0	0.046	0	832
35250198	-100	0	0	0	-100	0	0.171	0	
6357394	6358882	0	0	0	5	0	0.044	0	834
33097558	-100	0	0	0	-100	0	0.258	0	
31000399	31000677	0	0	0	4	0	0.065	0	836
37124192	44369648	0	0	0	4	0	0.063	0	837
29165104	29171442	0	0	0	6	0	0.046	0	838
19450536	19856468	0	0	0	2	0	0.072	0	839
3648797	32976919	0	0	0	1355	0	0.071	0	84
56425276	60816079	0	0	0	2038	0	0.075	0	840
8312328	-100	0	0	0	-100	0	0.161	0	
2688043	-100	0	0	0	-100	0	0.211	0	
23699731	28931487	0	0	0	5287	0	0.134	0	843
60621606	60708675	0	0	0	2056	0	0.088	0	844
46827433	-100	0	0	0	-100	0	0.223	0	
13011532	20804145	0	0	0	26	0	0.039	0	846
32866306	32868136	0	0	0	376	0	0.056	0	847
7451442	-100	0	0	0	-100	0	0.163	0	
12262019	-100	0	0	0	-100	0	0.177	0	
50274433	50282452	0	0	0	1	0	0.057	0	85
70880	73134	0	0	0	436	0	0.054	0	850
36021322	36024325	0	0	0	2	0	0.055	0	851
41483552	41485042	0	0	0	1	0	0.057	0	852
17628207	-100	0	0	0	-100	0	0.276	0	
18938845	18950043	0	0	0	277	0	0.085	0	857
42007362	42008967	0	0	0	4	0	0.045	0	858
2506119	2685501	0	0	0	20	0	0.047	0	859
6238216	-100	0	0	0	-100	0	0.146	0	
26831382	55559308	0	0	0	439	0	0.083	0	860
55995817	-100	0	0	0	-100	0	0.178	0	
39908634	39909688	0	0	0	1	0	0.046	0	862
7665912	-100	0	0	0	-100	0	0.149	0	
12677711	51619955	0	0	0	715	0	0.072	0	864
5908961	-100	0	0	0	-100	0	0.168	0	
55637772	55714406	0	0	0	8	0	0.04	0	866
52753902	52778061	0	0	0	7	0	0.043	0	867
55375221	-100	0	0	0	-100	0	0.223	0	
11631777	38717447	0	0	0	4	0	0.048	0	869
40574918	-100	0	0	0	-100	0	0.18	0	
44102989	-100	0	0	0	-100	0	0.162	0	
37656076	37682392	0	0	0	184	0	0.052	0	872
17489857	57210107	0	0	0	3810	0	0.092	0	873
28374185	28421319	0	0	0	9990	0	0.173	0	874
16566771	16577697	0	0	0	5	0	0.059	0	875
29160601	29806039	0	0	0	1	0	0.056	0	876
48063162	-100	0	0	0	-100	0	0.16	0	
21894450	-100	0	0	0	-100	0	0.165	0	
37953246	37953843	0	0	0	1	0	0.063	0	88
17363886	17364987	0	0	0	19	0	0.039	0	880
9761158	9761392	0	0	0	9409	0	0.143	0	881
49117293	49118587	0	0	0	2	0	0.064	0	882
5078387	16590329	0	0	0	58	0	0.041	0	883
11269678	-100	0	0	0	-100	0	0.159	0	
44625665	44629067	0	0	0	2	0	0.041	0	885
56855059	56946349	0	0	0	13	0	0.035	0	886
42171663	-100	0	0	0	-100	0	0.147	0	
8855000	-100	0	0	0	-100	0	0.146	0	
4113845	42587067	0	0	0	94	0	0.037	0	892
3558609	12905951	0	0	0	53	0	0.04	0	893
19362455	19383427	0	0	0	4926	0	0.1	0	894
20126354	20245865	0	0	0	605	0	0.048	0	895
12419603	-100	0	0	0	-100	0	0.163	0	
12171377	46370615	0	0	0	162	0	0.067	0	897
49814895	49817446	0	0	0	329	0	0.042	0	898
18581560	-100	0	0	0	-100	0	0.131	0	
14143730	14144415	0	0	0	86	0	0.042	0	9
33495839	-100	0	0	0	-100	0	0.146	0	
13429656	13438512	0	0	0	25	0	0.036	0	900
17373210	18411250	0	0	0	2	0	0.04	0	903
14825427	-100	0	0	0	-100	0	0.191	0	
33876647	-100	0	0	0	-100	0	0.134	0	
12984861	-100	0	0	0	-100	0	0.157	0	
59828513	59895532	0	0	0	50	0	0.042	0	908
32317266	40167670	0	0	0	237	0	0.052	0	909
20127204	20131671	0	0	0	29	0	0.035	0	91
31254767	-100	0	0	0	-100	0	0.178	0	
58254685	58255579	0	0	0	32	0	0.035	0	911
9336209	10657756	0	0	0	9468	0	0.169	0	912
39381076	45841822	0	0	0	4066	0	0.124	0	913
25831085	-100	0	0	0	-100	0	0.151	0	
36666368	36667957	0	0	0	5696	0	0.119	0	915
29681515	-100	0	0	0	-100	0	0.192	0	
10020653	49509960	0	0	0	652	0	0.064	0	917
11331314	11340223	0	0	0	254	0	0.046	0	918
13530054	13534723	0	0	0	3594	0	0.099	0	919
47913054	47944348	0	0	0	1019	0	0.073	0	92
60876410	60877011	0	0	0	3052	0	0.095	0	920
36759124	36809025	0	0	0	7	0	0.034	0	921
5453361	-100	0	0	0	-100	0	0.156	0	
29251038	29252969	0	0	0	1	0	0.037	0	923
19719317	19719617	0	0	0	40	0	0.052	0	924
5127600	5129788	0	0	0	1	0	0.039	0	925
48030786	-100	0	0	0	-100	0	0.183	0	
883498	883536	0	0	0	1	0	0.041	0	927
4082065	30466949	0	0	0	479	0	0.066	0	928
4514679	-100	0	0	0	-100	0	0.138	0	
41122518	47388091	0	0	0	3186	0	0.074	0	93
10543987	10550362	0	0	0	1008	0	0.051	0	930
32301783	35940136	0	0	0	2	0	0.036	0	931
35709648	35731217	0	0	0	197	0	0.038	0	932
2941491	33135019	0	0	0	1	0	0.039	0	933
1787752	1801258	0	0	0	2715	0	0.075	0	934
12778463	12902688	0	0	0	1	0	0.037	0	935
40819566	41214159	0	0	0	1280	0	0.056	0	936
3097593	-100	0	0	0	-100	0	0.131	0	
33380402	54181249	0	0	0	2	0	0.041	0	938
24958270	-100	0	0	0	-100	0	0.154	0	
35591510	35611780	0	0	0	147	0	0.061	0	94
44883810	44896180	0	0	0	33	0	0.039	0	940
10451585	10462806	0	0	0	6	0	0.037	0	941
52393148	52394623	0	0	0	7	0	0.036	0	942
4534679	-100	0	0	0	-100	0	0.161	0	
8059673	8067329	0	0	0	5	0	0.049	0	944
18407083	18407320	0	0	0	3	0	0.037	0	945
12826887	12902021	0	0	0	98	0	0.044	0	946
19347004	31776359	0	0	0	5	0	0.06	0	947
39604917	46718471	0	0	0	90	0	0.04	0	948
8492761	-100	0	0	0	-100	0	0.147	0	
12724887	12826508	0	0	0	7097	0	0.128	0	95
9820027	-100	0	0	0	-100	0	0.166	0	
36756336	-100	0	0	0	-100	0	0.147	0	
15396193	27620277	0	0	0	4485	0	0.135	0	953
17001780	-100	0	0	0	-100	0	0.164	0	
51510308	51520697	0	0	0	547	0	0.042	0	955
1061152	-100	0	0	0	-100	0	0.142	0	
18406369	33254272	0	0	0	4454	0	0.1	0	957
56679102	56683185	0	0	0	1	0	0.041	0	959
61803664	-100	0	0	0	-100	0	0.157	0	
3299834	-100	0	0	0	-100	0	0.157	0	
17205700	17224256	0	0	0	9	0	0.037	0	961
36491006	36512643	0	0	0	2	0	0.033	0	962
46457449	-100	0	0	0	-100	0	0.183	0	
39938409	58513592	0	0	0	73	0	0.036	0	964
5397782	-100	0	0	0	-100	0	0.155	0	
38417190	38417413	0	0	0	1	0	0.035	0	966
12906970	-100	0	0	0	-100	0	0.154	0	
28925143	36754893	0	0	0	162	0	0.047	0	968
6083948	-100	0	0	0	-100	0	0.157	0	
24377720	30084109	0	0	0	1	0	0.041	0	97
23757166	23758399	0	0	0	773	0	0.068	0	970
11064670	-100	0	0	0	-100	0	0.126	0	
14210378	-100	0	0	0	-100	0	0.163	0	
4579574	-100	0	0	0	-100	0	0.152	0	
40656857	40685032	0	0	0	5	0	0.041	0	974
22336015	22367511	0	0	0	15	0	0.046	0	975
13685262	-100	0	0	0	-100	0	0.127	0	
3668128	54311116	0	0	0	1213	0	0.054	0	977
7401888	33058340	0	0	0	8284	0	0.135	0	978
9851188	16136461	0	0	0	2	0	0.062	0	979
58395488	58397530	0	0	0	734	0	0.045	0	98
33870219	33872140	0	0	0	188	0	0.063	0	980
21692406	21811485	0	0	0	1692	0	0.064	0	981
8623657	-100	0	0	0	-100	0	0.141	0	
7302053	-100	0	0	0	-100	0	0.173	0	
2674649	-100	0	0	0	-100	0	0.15	0	
3416728	34139882	0	0	0	2788	0	0.07	0	985
53530497	-100	0	0	0	-100	0	0.155	0	
21303	44247614	0	0	0	2854	0	0.074	0	987
2674462	2685636	0	0	0	7	0	0.055	0	988
1275852	2881491	0	0	0	8457	0	0.141	0	989
28809958	28827006	0	0	0	1	0	0.038	0	99
40160904	40167231	0	0	0	2	0	0.041	0	991
35966588	-100	0	0	0	-100	0	0.181	0	
48188737	48189026	0	0	0	2023	0	0.085	0	993
11565255	29694490	0	0	0	3781	0	0.08	0	995
27232053	27315687	0	0	0	3	0	0.036	0	996
416345	41704561	0	0	0	890	0	0.059	0	997
4770918	-100	0	0	0	-100	0	0.169	0	
