testPostId	trainPostId	TitleSim	BodySim	TagSim	LuceneHitRank	ProposedHitRank	lucene_hit_duration	Proposed_hit_duration	LuceneTestTrueLabel
57657901	-100	0	0	0	-100	0	0.615	0	
50569314	-100	0	0	0	-100	0	0.23	0	
26145967	26159529	0	0	0	1	0	0.04	0	100
58314023	59791480	0	0	0	47	0	0.03	0	1000
14975638	15489065	0	0	0	2	0	0.022	0	1001
45206230	45635464	0	0	0	1	0	0.01	0	1002
46684038	-100	0	0	0	-100	0	0.272	0	
3903157	4948361	0	0	0	6255	0	0.161	0	1004
2589275	40089885	0	0	0	72	0	0.02	0	1005
36065232	36699272	0	0	0	6347	0	0.17	0	1006
16475081	16559250	0	0	0	36	0	0.012	0	1007
15853204	45372987	0	0	0	260	0	0.04	0	1008
9862519	26374327	0	0	0	1	0	0.02	0	1009
38658033	-100	0	0	0	-100	0	0.149	0	
43275478	-100	0	0	0	-100	0	0.234	0	
11950703	-100	0	0	0	-100	0	0.222	0	
14041601	-100	0	0	0	-100	0	0.01	0	
48912908	48913362	0	0	0	1	0	0.018	0	1018
2564258	19038396	0	0	0	1	0	0.022	0	1019
36368712	58859811	0	0	0	1401	0	0.05	0	102
2231993	38620373	0	0	0	6397	0	0.19	0	1020
56366734	56382379	0	0	0	1	0	0.022	0	1021
45201654	45515218	0	0	0	156	0	0.01	0	1023
14268814	28036294	0	0	0	1	0	0.01	0	1024
26497751	-100	0	0	0	-100	0	0.311	0	
28306604	-100	0	0	0	-100	0	0.247	0	
57430411	57465187	0	0	0	1	0	0.022	0	1028
8499378	15273148	0	0	0	1318	0	0.047	0	1029
28543538	-100	0	0	0	-100	0	0.217	0	
42449257	43536583	0	0	0	37	0	0.015	0	1030
23875757	-100	0	0	0	-100	0	0.254	0	
52187189	-100	0	0	0	-100	0	0.232	0	
53235655	-100	0	0	0	-100	0	0.238	0	
14964457	-100	0	0	0	-100	0	0.047	0	
47730589	52378661	0	0	0	13	0	0.016	0	1035
49041280	49074570	0	0	0	20	0	0.031	0	1036
27545423	28813057	0	0	0	848	0	0.022	0	1037
17178831	-100	0	0	0	-100	0	0.263	0	
15486551	17151024	0	0	0	9	0	0.016	0	1039
18018097	18083363	0	0	0	1	0	0.006	0	104
33574457	-100	0	0	0	-100	0	0.063	0	
52650467	52655729	0	0	0	147	0	0.038	0	1043
1567718	-100	0	0	0	-100	0	0.222	0	
57356463	-100	0	0	0	-100	0	0.22	0	
26896087	-100	0	0	0	-100	0	0.073	0	
24881923	38101558	0	0	0	1	0	0.04	0	1047
40652012	43551312	0	0	0	1	0	0.02	0	1048
38036680	48211887	0	0	0	1418	0	0.048	0	1049
59960252	-100	0	0	0	-100	0	0.244	0	
8260808	-100	0	0	0	-100	0	0.222	0	
21729415	-100	0	0	0	-100	0	0.201	0	
9171036	-100	0	0	0	-100	0	0.252	0	
7326865	7327521	0	0	0	2547	0	0.089	0	1054
3082716	-100	0	0	0	-100	0	0.163	0	
51923603	51996021	0	0	0	188	0	0.02	0	1056
41699952	41739418	0	0	0	83	0	0.01	0	1057
33419325	-100	0	0	0	-100	0	0.282	0	
57024793	58739159	0	0	0	1	0	0.02	0	1059
45279880	45556677	0	0	0	2	0	0.03	0	106
13912387	-100	0	0	0	-100	0	0.231	0	
28159936	-100	0	0	0	-100	0	0.202	0	
43189512	44551816	0	0	0	2077	0	0.061	0	1063
14366406	-100	0	0	0	-100	0	0.03	0	
5027480	-100	0	0	0	-100	0	0.252	0	
10004847	11028353	0	0	0	8836	0	0.201	0	1067
12417454	-100	0	0	0	-100	0	0.232	0	
31178704	-100	0	0	0	-100	0	0.232	0	
51569831	51581399	0	0	0	71	0	0.02	0	107
9220849	20849641	0	0	0	4	0	0.01	0	1070
8854046	15285089	0	0	0	2	0	0.008	0	1071
43223579	52334647	0	0	0	137	0	0.021	0	1072
47651868	49120060	0	0	0	183	0	0.012	0	1075
56249536	-100	0	0	0	-100	0	0.11	0	
27677283	-100	0	0	0	-100	0	0.232	0	
2824965	14260340	0	0	0	1	0	0.02	0	1078
52708868	52710549	0	0	0	14	0	0.01	0	1079
56026040	-100	0	0	0	-100	0	0.232	0	
24135157	34516346	0	0	0	1040	0	0.03	0	1080
7425100	11954734	0	0	0	5	0	0.009	0	1081
4765256	-100	0	0	0	-100	0	0.223	0	
11851240	11892241	0	0	0	4	0	0.021	0	1083
60289954	60310790	0	0	0	260	0	0.02	0	1084
11121385	38237350	0	0	0	34	0	0.01	0	1085
11693599	-100	0	0	0	-100	0	0.02	0	
29504327	29547506	0	0	0	6944	0	0.161	0	1088
24033733	-100	0	0	0	-100	0	0.222	0	
40035067	40044958	0	0	0	3	0	0.02	0	109
55853841	55970694	0	0	0	2	0	0.038	0	1090
42611836	-100	0	0	0	-100	0	0.224	0	
45047885	45122894	0	0	0	184	0	0.01	0	1092
25528067	-100	0	0	0	-100	0	0.139	0	
11254452	11288900	0	0	0	1	0	0.002	0	1094
12806128	-100	0	0	0	-100	0	0.242	0	
38895565	55853359	0	0	0	18	0	0.031	0	1097
38169765	38289656	0	0	0	1	0	0.007	0	1098
38644943	-100	0	0	0	-100	0	0.201	0	
57647120	-100	0	0	0	-100	0	0.231	0	
55482534	55501292	0	0	0	2	0	0.016	0	110
36431158	36454567	0	0	0	2293	0	0.069	0	1100
33048097	44318860	0	0	0	335	0	0.031	0	1101
49184274	49198437	0	0	0	30	0	0.016	0	1102
12075037	-100	0	0	0	-100	0	0.216	0	
20679635	20682542	0	0	0	781	0	0.038	0	1104
34619117	34631794	0	0	0	2	0	0.016	0	1105
10888117	17655648	0	0	0	63	0	0.0	0	1109
24305672	24308718	0	0	0	1	0	0.015	0	111
39137287	39164688	0	0	0	1	0	0.0	0	1110
27326929	-100	0	0	0	-100	0	0.248	0	
29957669	42564379	0	0	0	7913	0	0.179	0	1112
45891034	-100	0	0	0	-100	0	0.22	0	
10689055	52844649	0	0	0	23	0	0.01	0	1114
59159729	59197298	0	0	0	1	0	0.002	0	1115
4996090	-100	0	0	0	-100	0	0.221	0	
48433790	48511974	0	0	0	92	0	0.02	0	1117
11056625	15141952	0	0	0	53	0	0.011	0	1118
3685285	29262916	0	0	0	6	0	0.01	0	1119
6329962	-100	0	0	0	-100	0	0.231	0	
40385321	40436727	0	0	0	280	0	0.03	0	1122
51481913	52565472	0	0	0	1	0	0.011	0	1123
25587773	41171676	0	0	0	14	0	0.02	0	1124
15403903	25315309	0	0	0	1	0	0.008	0	1125
45607736	45627646	0	0	0	1538	0	0.052	0	1126
31471808	42499099	0	0	0	8773	0	0.192	0	1127
22558887	-100	0	0	0	-100	0	0.04	0	
11134812	42481827	0	0	0	106	0	0.02	0	1129
33479862	47907626	0	0	0	1	0	0.01	0	113
6178763	7001799	0	0	0	2	0	0.021	0	1131
10762287	-100	0	0	0	-100	0	0.221	0	
22305023	-100	0	0	0	-100	0	0.222	0	
32575397	33306592	0	0	0	1	0	0.0	0	1134
51964208	56375203	0	0	0	1	0	0.02	0	1135
6967664	27611438	0	0	0	389	0	0.02	0	1136
26796829	33775239	0	0	0	407	0	0.029	0	1137
28987622	47663131	0	0	0	155	0	0.012	0	1139
57334741	57359221	0	0	0	5056	0	0.111	0	114
47723890	47746656	0	0	0	716	0	0.02	0	1140
7942519	-100	0	0	0	-100	0	0.222	0	
2286831	-100	0	0	0	-100	0	0.231	0	
1429907	5365974	0	0	0	21	0	0.0	0	1144
19936432	-100	0	0	0	-100	0	0.22	0	
30946374	-100	0	0	0	-100	0	0.224	0	
36094718	36141451	0	0	0	9	0	0.018	0	1147
57110805	57160711	0	0	0	1	0	0.02	0	1148
27014134	-100	0	0	0	-100	0	0.234	0	
58627988	58906457	0	0	0	43	0	0.01	0	115
19885381	33103203	0	0	0	1	0	0.02	0	1152
24916945	24948003	0	0	0	2	0	0.02	0	1153
11486369	-100	0	0	0	-100	0	0.121	0	
5831794	-100	0	0	0	-100	0	0.0	0	
34001333	-100	0	0	0	-100	0	0.23	0	
7960798	-100	0	0	0	-100	0	0.222	0	
12125364	49781741	0	0	0	4053	0	0.092	0	1161
53479557	53864892	0	0	0	16	0	0.01	0	1162
9617629	27676179	0	0	0	9	0	0.011	0	1163
31947727	31994387	0	0	0	1	0	0.02	0	1164
8761857	-100	0	0	0	-100	0	0.181	0	
14490071	34533472	0	0	0	95	0	0.01	0	1166
10498477	14839730	0	0	0	1456	0	0.041	0	1167
25178452	-100	0	0	0	-100	0	0.251	0	
30060278	39418783	0	0	0	1	0	0.0	0	1169
27184918	-100	0	0	0	-100	0	0.239	0	
24129772	-100	0	0	0	-100	0	0.199	0	
11144551	17878048	0	0	0	78	0	0.016	0	1171
30159041	31259932	0	0	0	708	0	0.031	0	1172
37761096	-100	0	0	0	-100	0	0.216	0	
47722530	-100	0	0	0	-100	0	0.232	0	
8273313	18492844	0	0	0	299	0	0.007	0	1175
36974450	36974742	0	0	0	162	0	0.031	0	1176
36187931	51407129	0	0	0	304	0	0.016	0	1177
35725156	35859083	0	0	0	92	0	0.031	0	1179
17222981	-100	0	0	0	-100	0	0.226	0	
16512371	-100	0	0	0	-100	0	0.209	0	
24590154	42562128	0	0	0	2	0	0.02	0	1181
57498890	58487886	0	0	0	318	0	0.023	0	1182
8400901	16118050	0	0	0	76	0	0.01	0	1183
37991389	50867641	0	0	0	40	0	0.01	0	1184
1266279	-100	0	0	0	-100	0	0.209	0	
7486386	-100	0	0	0	-100	0	0.254	0	
61353320	61369850	0	0	0	30	0	0.021	0	1189
27727590	30330104	0	0	0	1	0	0.01	0	119
27114926	-100	0	0	0	-100	0	0.231	0	
1169539	51857177	0	0	0	559	0	0.031	0	1192
49743774	49818889	0	0	0	532	0	0.028	0	1193
18349053	18361570	0	0	0	76	0	0.01	0	1194
36023558	-100	0	0	0	-100	0	0.224	0	
29125019	30765866	0	0	0	1	0	0.008	0	1196
3699405	33613337	0	0	0	2376	0	0.062	0	1197
8203818	31528981	0	0	0	2	0	0.021	0	1198
28814322	52344047	0	0	0	2	0	0.02	0	1199
36936613	36953026	0	0	0	2	0	0.02	0	12
50062132	50231159	0	0	0	1	0	0.028	0	120
1245273	7828248	0	0	0	32	0	0.002	0	1200
32857212	61760349	0	0	0	43	0	0.01	0	1201
9863604	30266732	0	0	0	1	0	0.01	0	1202
18110397	52317124	0	0	0	3039	0	0.091	0	1203
18067519	-100	0	0	0	-100	0	0.242	0	
56983105	56986638	0	0	0	797	0	0.037	0	1208
43000077	-100	0	0	0	-100	0	0.216	0	
43371723	49752514	0	0	0	1	0	0.016	0	121
7368262	13642092	0	0	0	2157	0	0.047	0	1210
19009308	36144946	0	0	0	1	0	0.022	0	1211
12038160	31412724	0	0	0	1	0	0.016	0	1212
33027611	-100	0	0	0	-100	0	0.216	0	
3483203	-100	0	0	0	-100	0	0.232	0	
3642188	51687808	0	0	0	47	0	0.015	0	1216
23528862	59199273	0	0	0	1	0	0.0	0	1217
25565817	-100	0	0	0	-100	0	0.223	0	
27779667	31729775	0	0	0	35	0	0.016	0	1219
12766253	12771988	0	0	0	1	0	0.015	0	122
5320814	10562078	0	0	0	4340	0	0.101	0	1220
61798169	61876254	0	0	0	1	0	0.031	0	1221
29736577	49181715	0	0	0	688	0	0.031	0	1222
43460760	43526149	0	0	0	1	0	0.007	0	1223
2126108	9617348	0	0	0	3742	0	0.1	0	1228
10411871	24651664	0	0	0	4	0	0.0	0	1229
33769770	50023898	0	0	0	996	0	0.047	0	123
47720329	59808375	0	0	0	196	0	0.015	0	1230
54535966	54764144	0	0	0	678	0	0.016	0	1231
33180058	-100	0	0	0	-100	0	0.223	0	
51352697	-100	0	0	0	-100	0	0.216	0	
50341423	-100	0	0	0	-100	0	0.216	0	
47719961	58295133	0	0	0	14	0	0.016	0	1235
61602871	61613387	0	0	0	25	0	0.015	0	1236
23483421	23493873	0	0	0	1	0	0.016	0	1237
15673550	21605401	0	0	0	10	0	0.0	0	1238
11070101	26562926	0	0	0	141	0	0.024	0	1239
52874031	-100	0	0	0	-100	0	0.222	0	
2893005	3472980	0	0	0	3	0	0.01	0	1240
41088751	42387066	0	0	0	1774	0	0.061	0	125
1882734	-100	0	0	0	-100	0	0.191	0	
4442518	20588435	0	0	0	12	0	0.02	0	1251
42524450	49924813	0	0	0	7	0	0.01	0	1252
14899197	15475832	0	0	0	1	0	0.011	0	1253
10305614	10572878	0	0	0	1	0	0.01	0	1254
15960352	20134823	0	0	0	9054	0	0.195	0	1255
57547769	57680924	0	0	0	4	0	0.015	0	1256
27367914	-100	0	0	0	-100	0	0.248	0	
53070606	53071578	0	0	0	1	0	0.015	0	126
3261597	10058839	0	0	0	2258	0	0.054	0	1263
22480052	34623780	0	0	0	92	0	0.015	0	1265
12675147	23231246	0	0	0	3	0	0.016	0	1266
34896004	35660588	0	0	0	1	0	0.0	0	1267
61649029	61741207	0	0	0	166	0	0.038	0	1268
46842293	46872965	0	0	0	1	0	0.015	0	127
49440262	52649215	0	0	0	60	0	0.016	0	1271
49554201	49665486	0	0	0	2800	0	0.1	0	1272
10966109	31822873	0	0	0	1225	0	0.054	0	1273
22329685	27593677	0	0	0	805	0	0.031	0	1274
21273691	21274527	0	0	0	315	0	0.031	0	1275
51126843	-100	0	0	0	-100	0	0.216	0	
46842118	46901745	0	0	0	14	0	0.022	0	128
21435339	21477525	0	0	0	8817	0	0.217	0	1282
23026145	-100	0	0	0	-100	0	0.231	0	
45722157	59174298	0	0	0	4	0	0.016	0	1284
42771185	43046753	0	0	0	1	0	0.016	0	1285
21185336	-100	0	0	0	-100	0	0.3	0	
60916444	-100	0	0	0	-100	0	0.239	0	
25964504	-100	0	0	0	-100	0	0.232	0	
30064401	30065418	0	0	0	1973	0	0.069	0	129
10368180	16028659	0	0	0	234	0	0.015	0	1290
28360148	-100	0	0	0	-100	0	0.248	0	
11280277	30894636	0	0	0	1464	0	0.037	0	1292
19196923	33359284	0	0	0	6009	0	0.148	0	1293
34898222	34903368	0	0	0	1	0	0.015	0	1294
10483349	16115102	0	0	0	2	0	0.022	0	1296
7726034	15383057	0	0	0	747	0	0.047	0	1297
10662314	-100	0	0	0	-100	0	0.232	0	
29827948	29892116	0	0	0	151	0	0.022	0	1299
48469441	-100	0	0	0	-100	0	0.248	0	
49229558	49269338	0	0	0	1	0	0.031	0	130
51597297	51650023	0	0	0	42	0	0.016	0	1300
7885147	34008486	0	0	0	70	0	0.006	0	1301
4959018	-100	0	0	0	-100	0	0.2	0	
32544646	-100	0	0	0	-100	0	0.217	0	
10706753	-100	0	0	0	-100	0	0.237	0	
12040245	31458536	0	0	0	2	0	0.018	0	1306
6085238	51892875	0	0	0	4	0	0.002	0	1307
9968976	-100	0	0	0	-100	0	0.222	0	
61873468	61900256	0	0	0	1	0	0.01	0	1309
35306306	-100	0	0	0	-100	0	0.242	0	
21962452	21971447	0	0	0	12	0	0.01	0	1311
3932038	42707308	0	0	0	278	0	0.01	0	1312
16070405	16072487	0	0	0	52	0	0.03	0	1313
25697358	-100	0	0	0	-100	0	0.222	0	
1195826	17217951	0	0	0	18	0	0.018	0	1315
11676476	12139934	0	0	0	3518	0	0.093	0	1317
5161055	-100	0	0	0	-100	0	0.241	0	
25755930	31220586	0	0	0	1	0	0.01	0	1319
41597604	-100	0	0	0	-100	0	0.232	0	
40901445	51249359	0	0	0	78	0	0.03	0	1320
20637248	34609967	0	0	0	1	0	0.009	0	1321
2858014	45460273	0	0	0	1	0	0.022	0	1322
51387157	-100	0	0	0	-100	0	0.255	0	
27532044	52334725	0	0	0	1	0	0.015	0	1324
45357806	45375409	0	0	0	1	0	0.016	0	1325
16289182	-100	0	0	0	-100	0	0.338	0	
28500096	56622368	0	0	0	2438	0	0.093	0	1329
30902906	-100	0	0	0	-100	0	0.159	0	
35025145	43131595	0	0	0	76	0	0.008	0	1330
8888516	-100	0	0	0	-100	0	0.254	0	
9506442	58504930	0	0	0	392	0	0.045	0	1334
18647777	24231827	0	0	0	2045	0	0.071	0	1335
9449184	27778559	0	0	0	1712	0	0.052	0	1336
21502181	-100	0	0	0	-100	0	0.218	0	
9096671	11353287	0	0	0	3346	0	0.085	0	1338
56629367	56634463	0	0	0	168	0	0.026	0	1339
45265792	-100	0	0	0	-100	0	0.373	0	
1630724	2182337	0	0	0	5350	0	0.158	0	1341
37131569	-100	0	0	0	-100	0	0.234	0	
7883154	-100	0	0	0	-100	0	0.243	0	
12546365	61526548	0	0	0	1	0	0.001	0	1345
39694490	48286116	0	0	0	1	0	0.012	0	1346
49746686	49813500	0	0	0	4884	0	0.134	0	1347
3744178	7299440	0	0	0	6731	0	0.15	0	1348
9661469	9669411	0	0	0	1	0	0.021	0	1349
54701979	-100	0	0	0	-100	0	0.204	0	
34213765	36817423	0	0	0	95	0	0.016	0	1351
6902087	-100	0	0	0	-100	0	0.222	0	
11301738	11606441	0	0	0	1739	0	0.05	0	1353
10049602	-100	0	0	0	-100	0	0.22	0	
60330449	60556267	0	0	0	5419	0	0.141	0	1355
11668904	37998364	0	0	0	67	0	0.015	0	1356
34731975	49452857	0	0	0	2	0	0.019	0	1357
51269865	-100	0	0	0	-100	0	0.259	0	
48067906	-100	0	0	0	-100	0	0.256	0	
58677247	58793147	0	0	0	3	0	0.017	0	136
28579361	49967559	0	0	0	14	0	0.028	0	1360
17569309	-100	0	0	0	-100	0	0.269	0	
29775461	48774624	0	0	0	5799	0	0.148	0	1362
32773617	-100	0	0	0	-100	0	0.245	0	
16846380	43211628	0	0	0	2910	0	0.104	0	1364
7227976	40802404	0	0	0	11	0	0.036	0	1365
36033449	39507019	0	0	0	1	0	0.035	0	1366
9071020	20562177	0	0	0	14	0	0.011	0	1367
36571864	-100	0	0	0	-100	0	0.288	0	
38177908	-100	0	0	0	-100	0	0.247	0	
39262534	-100	0	0	0	-100	0	0.221	0	
9558040	13219387	0	0	0	203	0	0.011	0	1371
25145982	-100	0	0	0	-100	0	0.242	0	
45549449	-100	0	0	0	-100	0	0.227	0	
8153594	8713994	0	0	0	40	0	0.013	0	1377
14883925	-100	0	0	0	-100	0	0.228	0	
17121390	17127645	0	0	0	896	0	0.043	0	1380
11846295	43696806	0	0	0	29	0	0.016	0	1381
12018499	-100	0	0	0	-100	0	0.246	0	
12647774	-100	0	0	0	-100	0	0.216	0	
16626462	29696172	0	0	0	2	0	0.008	0	1385
10661295	-100	0	0	0	-100	0	0.236	0	
24705431	60151766	0	0	0	295	0	0.024	0	1388
22287498	23482036	0	0	0	2135	0	0.06	0	1389
58370234	58375977	0	0	0	1	0	0.024	0	139
30540644	-100	0	0	0	-100	0	0.283	0	
16196327	28261825	0	0	0	379	0	0.022	0	1392
17306695	17329288	0	0	0	1162	0	0.045	0	1393
18093107	24953127	0	0	0	5	0	0.031	0	1394
4427234	9277363	0	0	0	2034	0	0.074	0	1395
34345945	36255181	0	0	0	21	0	0.018	0	1396
28979857	34214859	0	0	0	307	0	0.033	0	1397
9851655	-100	0	0	0	-100	0	0.32	0	
60822398	60827811	0	0	0	1	0	0.008	0	1399
49517374	49521036	0	0	0	1935	0	0.081	0	14
38971260	-100	0	0	0	-100	0	0.313	0	
3681647	12252750	0	0	0	106	0	0.019	0	1400
12362176	-100	0	0	0	-100	0	0.321	0	
38540093	38541103	0	0	0	3091	0	0.106	0	1402
30652116	30675761	0	0	0	279	0	0.025	0	1403
35525240	38277826	0	0	0	17	0	0.018	0	1404
34522732	-100	0	0	0	-100	0	0.206	0	
25946047	30888631	0	0	0	57	0	0.023	0	1406
2409317	10770698	0	0	0	4209	0	0.109	0	1407
47950817	47976994	0	0	0	2	0	0.021	0	1408
45824409	45826042	0	0	0	239	0	0.023	0	1409
55485704	55498710	0	0	0	1	0	0.03	0	141
5713713	23679925	0	0	0	4	0	0.01	0	1410
6216968	45889756	0	0	0	209	0	0.022	0	1411
6258004	8855589	0	0	0	596	0	0.019	0	1412
34096162	-100	0	0	0	-100	0	0.235	0	
4785933	5223113	0	0	0	264	0	0.026	0	1414
9965747	-100	0	0	0	-100	0	0.164	0	
7004710	-100	0	0	0	-100	0	0.239	0	
29102155	-100	0	0	0	-100	0	0.24	0	
2436688	17046336	0	0	0	156	0	0.027	0	1418
48713927	-100	0	0	0	-100	0	0.253	0	
28159143	28807266	0	0	0	11	0	0.018	0	1420
15059076	21818181	0	0	0	2948	0	0.085	0	1421
36668078	36676878	0	0	0	9170	0	0.201	0	1422
17761858	-100	0	0	0	-100	0	0.199	0	
15913417	16542994	0	0	0	431	0	0.023	0	1424
52606467	59248550	0	0	0	1	0	0.012	0	1425
35040579	35056668	0	0	0	1	0	0.009	0	1426
21614443	-100	0	0	0	-100	0	0.292	0	
15502263	19410781	0	0	0	7	0	0.005	0	1428
52864035	-100	0	0	0	-100	0	0.233	0	
57937662	57946786	0	0	0	2214	0	0.065	0	1430
40596609	40636032	0	0	0	1160	0	0.042	0	1431
48337624	48394545	0	0	0	909	0	0.044	0	1432
8161836	-100	0	0	0	-100	0	0.251	0	
8055508	-100	0	0	0	-100	0	0.25	0	
8197559	25211078	0	0	0	159	0	0.009	0	1435
9184969	10112587	0	0	0	1	0	0.007	0	1436
10431403	-100	0	0	0	-100	0	0.215	0	
36335498	-100	0	0	0	-100	0	0.042	0	
3650862	-100	0	0	0	-100	0	0.24	0	
17691036	-100	0	0	0	-100	0	0.254	0	
12464396	24907018	0	0	0	154	0	0.009	0	1442
27004167	-100	0	0	0	-100	0	0.032	0	
3443687	11228403	0	0	0	40	0	0.017	0	1445
15267018	15298359	0	0	0	40	0	0.004	0	1446
49676982	-100	0	0	0	-100	0	0.159	0	
1828206	-100	0	0	0	-100	0	0.247	0	
60062217	-100	0	0	0	-100	0	0.241	0	
2193742	5788117	0	0	0	11	0	0.024	0	1451
16390221	31432176	0	0	0	18	0	0.013	0	1452
47850921	-100	0	0	0	-100	0	0.231	0	
10939516	-100	0	0	0	-100	0	0.228	0	
5208679	-100	0	0	0	-100	0	0.242	0	
18881073	-100	0	0	0	-100	0	0.305	0	
11940605	28094645	0	0	0	11	0	0.012	0	1457
1401904	-100	0	0	0	-100	0	0.29	0	
25693082	39507618	0	0	0	1	0	0.033	0	1459
9378482	-100	0	0	0	-100	0	0.353	0	
28748046	28761809	0	0	0	159	0	0.021	0	1461
14983805	29100911	0	0	0	1	0	0.013	0	1462
9508747	-100	0	0	0	-100	0	0.226	0	
43251214	61868853	0	0	0	20	0	0.019	0	1465
52932440	52933667	0	0	0	283	0	0.029	0	1467
33117997	33143257	0	0	0	7559	0	0.198	0	1468
52338580	52339226	0	0	0	1	0	0.02	0	147
26123516	41670314	0	0	0	328	0	0.016	0	148
23077125	23131824	0	0	0	79	0	0.007	0	1480
29980426	32546083	0	0	0	6	0	0.015	0	1482
18171246	44200195	0	0	0	970	0	0.043	0	1483
29241492	37090722	0	0	0	3	0	0.007	0	1484
1395577	5182238	0	0	0	1842	0	0.059	0	1485
18287981	25069798	0	0	0	1298	0	0.05	0	1486
15059093	25007324	0	0	0	623	0	0.02	0	1487
22003683	-100	0	0	0	-100	0	0.212	0	
29624895	29629049	0	0	0	3	0	0.014	0	1489
45259737	51045709	0	0	0	1	0	0.018	0	149
2643939	-100	0	0	0	-100	0	0.24	0	
9871106	9874512	0	0	0	61	0	0.008	0	1491
11979017	-100	0	0	0	-100	0	0.225	0	
12514612	27690729	0	0	0	7450	0	0.169	0	1494
19404270	43095645	0	0	0	9117	0	0.211	0	1495
18511249	21618556	0	0	0	58	0	0.011	0	1496
27953588	49570793	0	0	0	206	0	0.008	0	1497
24070714	42098881	0	0	0	2456	0	0.067	0	1498
50858296	50860018	0	0	0	45	0	0.039	0	1499
27497068	27507448	0	0	0	1	0	0.021	0	15
51551082	51603769	0	0	0	2031	0	0.066	0	150
21760298	21764361	0	0	0	118	0	0.027	0	1500
38109501	39337862	0	0	0	1701	0	0.051	0	1502
17808575	21367922	0	0	0	8	0	0.011	0	1503
12019638	12023403	0	0	0	31	0	0.014	0	1505
10035551	-100	0	0	0	-100	0	0.237	0	
10438969	46712379	0	0	0	542	0	0.023	0	1508
59153010	59187457	0	0	0	1	0	0.021	0	151
15660954	15730793	0	0	0	1	0	0.026	0	1510
19470426	35020810	0	0	0	528	0	0.033	0	1512
36040542	38900293	0	0	0	14	0	0.018	0	1514
8096313	9439256	0	0	0	7	0	0.019	0	1516
13106645	-100	0	0	0	-100	0	0.246	0	
24536154	27125672	0	0	0	8	0	0.018	0	1518
46857193	46925686	0	0	0	845	0	0.03	0	1519
25905144	41589266	0	0	0	8380	0	0.205	0	152
5251507	-100	0	0	0	-100	0	0.247	0	
18487369	-100	0	0	0	-100	0	0.215	0	
27637455	36133374	0	0	0	594	0	0.016	0	1524
9917049	34496000	0	0	0	4245	0	0.093	0	1525
13703344	-100	0	0	0	-100	0	0.225	0	
12584704	-100	0	0	0	-100	0	0.237	0	
16255579	34797443	0	0	0	1890	0	0.062	0	1528
57935571	57967678	0	0	0	2916	0	0.068	0	1529
48142634	48154928	0	0	0	1	0	0.019	0	153
5980240	-100	0	0	0	-100	0	0.01	0	
30460410	30560689	0	0	0	2533	0	0.065	0	1532
42469003	42491624	0	0	0	55	0	0.017	0	1533
47934438	48104724	0	0	0	1	0	0.004	0	1534
16284766	23594580	0	0	0	1868	0	0.055	0	1535
26291988	31721023	0	0	0	2182	0	0.068	0	1536
1189759	-100	0	0	0	-100	0	0.176	0	
15034471	15042418	0	0	0	1	0	0.009	0	1538
5352099	21509346	0	0	0	20	0	0.012	0	1539
56530842	56532527	0	0	0	6017	0	0.158	0	154
1848331	6099243	0	0	0	564	0	0.037	0	1540
7963393	27153974	0	0	0	1365	0	0.054	0	1541
44616530	-100	0	0	0	-100	0	0.233	0	
23840523	24094963	0	0	0	5	0	0.002	0	155
18989001	-100	0	0	0	-100	0	0.229	0	
26917689	40837588	0	0	0	28	0	0.017	0	1552
3099219	54413787	0	0	0	87	0	0.012	0	1553
5106782	34097133	0	0	0	194	0	0.027	0	1555
22569176	57457590	0	0	0	1506	0	0.041	0	1556
38372906	39330299	0	0	0	4129	0	0.099	0	1557
8389913	8390943	0	0	0	1	0	0.023	0	1558
8843700	32499520	0	0	0	191	0	0.018	0	156
26519172	-100	0	0	0	-100	0	0.223	0	
1815606	3452086	0	0	0	17	0	0.002	0	1568
27264266	27296022	0	0	0	49	0	0.008	0	1569
47405422	52335837	0	0	0	601	0	0.035	0	157
30006822	33421854	0	0	0	579	0	0.035	0	1570
19253820	-100	0	0	0	-100	0	0.207	0	
29793398	50070741	0	0	0	246	0	0.013	0	1572
9315258	-100	0	0	0	-100	0	0.131	0	
5226807	7993722	0	0	0	5568	0	0.136	0	1575
3864535	11724311	0	0	0	7	0	0.025	0	1577
18406991	20432635	0	0	0	1990	0	0.056	0	1579
26706159	30513616	0	0	0	128	0	0.012	0	158
5465314	8251306	0	0	0	1513	0	0.049	0	1582
26477679	26491934	0	0	0	8	0	0.014	0	1583
30671958	47804593	0	0	0	1101	0	0.053	0	1584
5415132	40391272	0	0	0	4	0	0.014	0	1585
28574757	52357757	0	0	0	561	0	0.032	0	1586
24904683	41918861	0	0	0	1	0	0.027	0	1587
11275187	-100	0	0	0	-100	0	0.223	0	
55550126	56099758	0	0	0	1642	0	0.061	0	1589
52334944	58713038	0	0	0	13	0	0.017	0	159
13167531	-100	0	0	0	-100	0	0.235	0	
16253789	-100	0	0	0	-100	0	0.233	0	
15625990	28032846	0	0	0	236	0	0.026	0	1593
29583849	42723141	0	0	0	323	0	0.016	0	1594
31458051	31463445	0	0	0	2887	0	0.07	0	1596
45351663	-100	0	0	0	-100	0	0.231	0	
20039335	20076511	0	0	0	7000	0	0.159	0	1598
45405167	61117221	0	0	0	50	0	0.024	0	1599
33263759	33284951	0	0	0	6696	0	0.155	0	16
52334683	52382354	0	0	0	1	0	0.02	0	160
34865789	44362281	0	0	0	109	0	0.016	0	1600
28889057	-100	0	0	0	-100	0	0.248	0	
7864931	10758965	0	0	0	13	0	0.023	0	1604
6558921	7953833	0	0	0	247	0	0.006	0	1606
12925063	-100	0	0	0	-100	0	0.229	0	
11433432	40640132	0	0	0	357	0	0.024	0	1608
22945651	59079147	0	0	0	3894	0	0.104	0	1609
52858332	52875140	0	0	0	1	0	0.022	0	161
32999460	51118608	0	0	0	9540	0	0.231	0	1610
21295936	21644848	0	0	0	5031	0	0.133	0	1611
57253488	57672160	0	0	0	4261	0	0.11	0	1612
2547402	-100	0	0	0	-100	0	0.217	0	
6675066	-100	0	0	0	-100	0	0.108	0	
4227223	4512465	0	0	0	1137	0	0.039	0	1619
31381066	32411080	0	0	0	4136	0	0.116	0	162
7611169	15624656	0	0	0	333	0	0.024	0	1620
12786335	12898318	0	0	0	2180	0	0.056	0	1621
7355187	12307139	0	0	0	219	0	0.017	0	1626
1535021	-100	0	0	0	-100	0	0.198	0	
2899581	-100	0	0	0	-100	0	0.237	0	
38440350	-100	0	0	0	-100	0	0.241	0	
8091303	-100	0	0	0	-100	0	0.221	0	
25137444	25143428	0	0	0	7365	0	0.172	0	1631
9555889	-100	0	0	0	-100	0	0.234	0	
7854433	-100	0	0	0	-100	0	0.279	0	
3606697	61531149	0	0	0	8	0	0.03	0	1634
11214012	27028825	0	0	0	5370	0	0.136	0	1635
31690007	42151880	0	0	0	1	0	0.009	0	1636
15875786	29790915	0	0	0	102	0	0.016	0	1637
36478278	47519624	0	0	0	28	0	0.005	0	164
11020437	-100	0	0	0	-100	0	0.252	0	
1299871	38066077	0	0	0	3808	0	0.124	0	1647
17638090	18080378	0	0	0	5420	0	0.146	0	1648
22133577	-100	0	0	0	-100	0	0.308	0	
56817353	56817718	0	0	0	50	0	0.02	0	165
26003574	57123813	0	0	0	31	0	0.014	0	1650
2894775	-100	0	0	0	-100	0	0.252	0	
25866788	47171585	0	0	0	1	0	0.019	0	1652
7901925	-100	0	0	0	-100	0	0.239	0	
7549694	61266084	0	0	0	414	0	0.033	0	1656
12409960	29357612	0	0	0	5381	0	0.123	0	1657
10525957	10536396	0	0	0	8355	0	0.2	0	1658
14124373	14358526	0	0	0	3170	0	0.091	0	1659
59184868	59192861	0	0	0	12	0	0.006	0	166
5671719	-100	0	0	0	-100	0	0.238	0	
6644997	18994631	0	0	0	254	0	0.028	0	1661
8751497	46150851	0	0	0	251	0	0.032	0	1662
22305444	32492667	0	0	0	1	0	0.037	0	1664
35651669	-100	0	0	0	-100	0	0.266	0	
20600900	-100	0	0	0	-100	0	0.239	0	
29360182	29361182	0	0	0	10	0	0.018	0	1668
3302356	3318333	0	0	0	4142	0	0.11	0	1669
58159645	-100	0	0	0	-100	0	0.185	0	
4126326	26273892	0	0	0	3	0	0.026	0	1670
3505701	-100	0	0	0	-100	0	0.278	0	
11562656	15467219	0	0	0	316	0	0.012	0	1673
23261760	26794236	0	0	0	3065	0	0.094	0	1674
18720036	24715894	0	0	0	33	0	0.011	0	1675
2247045	-100	0	0	0	-100	0	0.236	0	
43515925	43518958	0	0	0	1	0	0.009	0	1679
45779447	-100	0	0	0	-100	0	0.223	0	
5453336	-100	0	0	0	-100	0	0.221	0	
9198637	-100	0	0	0	-100	0	0.215	0	
12448428	13294952	0	0	0	1235	0	0.036	0	1682
14680075	31897329	0	0	0	3	0	0.006	0	1683
5963269	-100	0	0	0	-100	0	0.244	0	
44728704	-100	0	0	0	-100	0	0.254	0	
20941744	20950880	0	0	0	2201	0	0.054	0	17
28006813	28213620	0	0	0	1	0	0.026	0	170
58878544	-100	0	0	0	-100	0	0.254	0	
39746947	39833768	0	0	0	1474	0	0.048	0	172
41052687	51594999	0	0	0	1	0	0.008	0	173
19858729	60757051	0	0	0	14	0	0.024	0	174
34764830	38534383	0	0	0	148	0	0.028	0	175
36110331	40793506	0	0	0	13	0	0.022	0	176
58131498	58132035	0	0	0	1003	0	0.034	0	177
50229410	50231104	0	0	0	21	0	0.02	0	178
8023315	-100	0	0	0	-100	0	0.141	0	
45321041	45322657	0	0	0	2835	0	0.086	0	18
52193105	53678412	0	0	0	299	0	0.024	0	180
57867429	57870092	0	0	0	2373	0	0.063	0	181
50838664	50854067	0	0	0	1	0	0.007	0	182
60450608	60561129	0	0	0	249	0	0.027	0	183
46295687	55735530	0	0	0	12	0	0.023	0	184
19895107	34539408	0	0	0	3	0	0.008	0	185
46818951	46839455	0	0	0	41	0	0.009	0	186
40789601	-100	0	0	0	-100	0	0.244	0	
31089205	31092962	0	0	0	346	0	0.016	0	188
48128383	-100	0	0	0	-100	0	0.251	0	
53971364	-100	0	0	0	-100	0	0.22	0	
33447901	33472328	0	0	0	1	0	0.008	0	190
54943418	54950917	0	0	0	1	0	0.009	0	191
15097497	15147336	0	0	0	1	0	0.025	0	192
17718842	-100	0	0	0	-100	0	0.226	0	
44457243	44473379	0	0	0	33	0	0.022	0	194
37924896	40787001	0	0	0	4524	0	0.124	0	195
58611777	-100	0	0	0	-100	0	0.224	0	
44697183	44718072	0	0	0	3001	0	0.094	0	197
13577918	41050532	0	0	0	119	0	0.008	0	198
59397169	59429703	0	0	0	25	0	0.021	0	199
30918550	-100	0	0	0	-100	0	0.238	0	
36669528	36673576	0	0	0	12	0	0.026	0	20
18694281	18764825	0	0	0	6894	0	0.178	0	200
48651010	59396848	0	0	0	218	0	0.014	0	201
50483582	50487229	0	0	0	1	0	0.011	0	202
43970831	47822694	0	0	0	34	0	0.002	0	203
47074159	47080518	0	0	0	25	0	0.019	0	204
57820798	57864965	0	0	0	1	0	0.023	0	205
52840058	53074411	0	0	0	17	0	0.015	0	206
47537760	-100	0	0	0	-100	0	0.243	0	
37110555	37133471	0	0	0	67	0	0.018	0	209
37193380	37200885	0	0	0	1	0	0.002	0	21
43990569	-100	0	0	0	-100	0	0.253	0	
36620585	39207125	0	0	0	215	0	0.03	0	211
55721820	55724880	0	0	0	1	0	0.016	0	212
43435385	47071014	0	0	0	1	0	0.023	0	213
44973544	45015794	0	0	0	301	0	0.012	0	214
57031898	57294988	0	0	0	302	0	0.032	0	215
57101282	57293986	0	0	0	3	0	0.013	0	216
53099087	53130611	0	0	0	48	0	0.026	0	217
9058728	-100	0	0	0	-100	0	0.243	0	
51000699	51090065	0	0	0	1	0	0.024	0	219
31949659	31950166	0	0	0	1	0	0.02	0	22
57029872	-100	0	0	0	-100	0	0.236	0	
13812373	34221612	0	0	0	164	0	0.023	0	221
38348097	45493545	0	0	0	4573	0	0.12	0	222
26618951	26621092	0	0	0	1090	0	0.039	0	223
56503342	56515650	0	0	0	716	0	0.027	0	224
20343611	27929462	0	0	0	148	0	0.043	0	225
52576686	52832970	0	0	0	51	0	0.011	0	226
16132625	16152161	0	0	0	3973	0	0.128	0	227
48454816	48638350	0	0	0	26	0	0.02	0	228
49435594	58598873	0	0	0	27	0	0.019	0	229
30113308	30115455	0	0	0	1	0	0.033	0	23
53618077	53648755	0	0	0	77	0	0.028	0	230
26354768	26359909	0	0	0	1	0	0.016	0	231
38675292	38682488	0	0	0	1	0	0.009	0	232
31092005	35266730	0	0	0	1440	0	0.084	0	233
41608294	-100	0	0	0	-100	0	0.317	0	
21895585	-100	0	0	0	-100	0	0.217	0	
59119580	59158870	0	0	0	26	0	0.029	0	236
35322815	-100	0	0	0	-100	0	0.286	0	
41817623	-100	0	0	0	-100	0	0.336	0	
59380554	59395052	0	0	0	1	0	0.033	0	239
50048754	61046041	0	0	0	2733	0	0.126	0	24
11650996	-100	0	0	0	-100	0	0.413	0	
25876755	-100	0	0	0	-100	0	0.265	0	
54661129	54661698	0	0	0	1	0	0.028	0	244
21630406	46106423	0	0	0	1	0	0.009	0	247
45222720	45251117	0	0	0	232	0	0.039	0	248
46643184	46650208	0	0	0	1	0	0.003	0	249
5749252	5761576	0	0	0	1	0	0.035	0	25
57563989	-100	0	0	0	-100	0	0.353	0	
7473067	7486450	0	0	0	1	0	0.041	0	251
59639543	59653531	0	0	0	9	0	0.069	0	252
44434739	44456676	0	0	0	225	0	0.04	0	253
21917358	21923028	0	0	0	1792	0	0.118	0	254
43981187	-100	0	0	0	-100	0	0.42	0	
43712843	-100	0	0	0	-100	0	0.404	0	
60948668	-100	0	0	0	-100	0	0.296	0	
25056597	25076293	0	0	0	3917	0	0.107	0	258
59113457	59117165	0	0	0	43	0	0.022	0	259
15431924	15447622	0	0	0	2808	0	0.075	0	26
31063959	-100	0	0	0	-100	0	0.263	0	
38782051	60423973	0	0	0	68	0	0.016	0	261
12975794	-100	0	0	0	-100	0	0.232	0	
48627287	48659095	0	0	0	392	0	0.031	0	263
52086833	-100	0	0	0	-100	0	0.251	0	
54000814	56105878	0	0	0	1	0	0.029	0	265
23217681	24542583	0	0	0	53	0	0.009	0	266
9829424	-100	0	0	0	-100	0	0.261	0	
37878693	-100	0	0	0	-100	0	0.024	0	
56490797	56491759	0	0	0	4	0	0.011	0	269
58685422	58689515	0	0	0	98	0	0.036	0	27
53701824	53869307	0	0	0	1	0	0.01	0	270
34994790	-100	0	0	0	-100	0	0.456	0	
36041601	-100	0	0	0	-100	0	0.208	0	
52558238	-100	0	0	0	-100	0	0.36	0	
42974231	-100	0	0	0	-100	0	0.416	0	
47315053	-100	0	0	0	-100	0	0.375	0	
28964929	-100	0	0	0	-100	0	0.357	0	
46266078	-100	0	0	0	-100	0	0.323	0	
42595256	42633156	0	0	0	677	0	0.069	0	278
19787909	-100	0	0	0	-100	0	0.313	0	
43480866	-100	0	0	0	-100	0	0.321	0	
57601875	57798411	0	0	0	1	0	0.016	0	280
39779573	39792781	0	0	0	6	0	0.034	0	281
33251264	36039309	0	0	0	3562	0	0.14	0	282
15591880	16694587	0	0	0	33	0	0.018	0	283
15591704	15593537	0	0	0	6213	0	0.328	0	284
23017552	23035841	0	0	0	1	0	0.022	0	285
54906090	-100	0	0	0	-100	0	0.369	0	
43660562	45212781	0	0	0	298	0	0.027	0	287
56484967	56496925	0	0	0	48	0	0.016	0	288
30560405	31347470	0	0	0	23	0	0.006	0	289
47183558	51869337	0	0	0	503	0	0.021	0	29
9298765	48903882	0	0	0	780	0	0.044	0	290
44030594	44094497	0	0	0	1073	0	0.043	0	295
44721152	-100	0	0	0	-100	0	0.396	0	
47570984	47590287	0	0	0	1	0	0.01	0	297
38133485	38192010	0	0	0	557	0	0.054	0	298
40538304	40551678	0	0	0	5226	0	0.231	0	299
41925706	41936951	0	0	0	2156	0	0.086	0	3
37450698	55560381	0	0	0	17	0	0.02	0	30
11394091	13349613	0	0	0	1169	0	0.068	0	300
47044939	47048035	0	0	0	494	0	0.048	0	301
34020079	50452750	0	0	0	257	0	0.021	0	302
42587758	42588378	0	0	0	137	0	0.027	0	303
57529808	57577735	0	0	0	2966	0	0.131	0	304
54426953	54465075	0	0	0	1	0	0.027	0	306
49115813	-100	0	0	0	-100	0	0.324	0	
31838855	-100	0	0	0	-100	0	0.48	0	
25109672	25547152	0	0	0	192	0	0.019	0	309
37974317	38010031	0	0	0	8847	0	0.334	0	31
47083455	47304933	0	0	0	10	0	0.028	0	310
35075215	35118287	0	0	0	2	0	0.035	0	311
44419857	44802712	0	0	0	1	0	0.024	0	312
16201906	-100	0	0	0	-100	0	0.299	0	
33015823	34983149	0	0	0	1	0	0.042	0	314
31796914	40225786	0	0	0	687	0	0.03	0	315
8539303	-100	0	0	0	-100	0	0.221	0	
32885570	-100	0	0	0	-100	0	0.238	0	
34286905	45206286	0	0	0	2060	0	0.067	0	318
15421130	-100	0	0	0	-100	0	0.252	0	
39808631	39832436	0	0	0	3	0	0.021	0	32
22661397	22788870	0	0	0	1	0	0.005	0	320
44295144	-100	0	0	0	-100	0	0.249	0	
25020092	36671531	0	0	0	454	0	0.026	0	322
28461220	-100	0	0	0	-100	0	0.232	0	
8899096	14271584	0	0	0	4	0	0.017	0	324
59360232	59376487	0	0	0	1	0	0.009	0	325
31837419	31842356	0	0	0	249	0	0.025	0	326
51494868	-100	0	0	0	-100	0	0.24	0	
52281220	52300914	0	0	0	1	0	0.025	0	328
32181742	-100	0	0	0	-100	0	0.235	0	
52127834	-100	0	0	0	-100	0	0.243	0	
33442362	59212970	0	0	0	3	0	0.017	0	330
22396234	26952232	0	0	0	638	0	0.038	0	331
18706182	18726155	0	0	0	1078	0	0.033	0	332
32686195	-100	0	0	0	-100	0	0.117	0	
56736475	56768930	0	0	0	1	0	0.011	0	335
57332088	61979235	0	0	0	5673	0	0.158	0	336
50752133	51296577	0	0	0	20	0	0.036	0	337
50273919	50290782	0	0	0	87	0	0.08	0	338
34454034	36562894	0	0	0	7224	0	0.28	0	339
46360218	-100	0	0	0	-100	0	0.266	0	
45873483	60930523	0	0	0	2	0	0.011	0	340
19054092	33989595	0	0	0	1149	0	0.056	0	341
52803902	52814300	0	0	0	1	0	0.03	0	342
34266186	37861578	0	0	0	5	0	0.017	0	343
55686910	-100	0	0	0	-100	0	0.289	0	
39023962	-100	0	0	0	-100	0	0.282	0	
23309687	49146550	0	0	0	2865	0	0.107	0	348
10859858	-100	0	0	0	-100	0	0.315	0	
55535021	55537032	0	0	0	858	0	0.033	0	35
31044922	31057192	0	0	0	520	0	0.03	0	350
2732397	37129926	0	0	0	9076	0	0.213	0	351
42578273	42596449	0	0	0	5285	0	0.13	0	352
29902891	29905071	0	0	0	1	0	0.028	0	353
51486048	-100	0	0	0	-100	0	0.276	0	
44591583	-100	0	0	0	-100	0	0.24	0	
44411575	56254631	0	0	0	675	0	0.026	0	356
29529021	29543785	0	0	0	996	0	0.038	0	357
44158882	44538939	0	0	0	1	0	0.007	0	358
45721802	-100	0	0	0	-100	0	0.224	0	
44262563	44279773	0	0	0	75	0	0.023	0	36
24242704	24257271	0	0	0	2	0	0.015	0	360
29601156	30047010	0	0	0	1871	0	0.054	0	361
56597412	56598005	0	0	0	1	0	0.017	0	362
60925357	-100	0	0	0	-100	0	0.171	0	
27965291	-100	0	0	0	-100	0	0.072	0	
31365768	33400250	0	0	0	2853	0	0.079	0	365
45458787	45461707	0	0	0	1	0	0.019	0	366
30778718	-100	0	0	0	-100	0	0.249	0	
19920281	-100	0	0	0	-100	0	0.15	0	
31045512	31564834	0	0	0	19	0	0.023	0	369
59204544	59242628	0	0	0	240	0	0.025	0	37
44005847	44147299	0	0	0	2	0	0.008	0	370
45720125	49509228	0	0	0	184	0	0.016	0	371
52535696	52543892	0	0	0	874	0	0.023	0	372
49140030	60506879	0	0	0	14	0	0.023	0	379
49013393	51078004	0	0	0	2	0	0.017	0	38
39166027	39173002	0	0	0	269	0	0.02	0	380
34054287	-100	0	0	0	-100	0	0.24	0	
53059075	53060304	0	0	0	1	0	0.009	0	382
23961022	-100	0	0	0	-100	0	0.197	0	
27368770	59356541	0	0	0	8438	0	0.191	0	384
23436577	23833294	0	0	0	76	0	0.01	0	385
60660622	-100	0	0	0	-100	0	0.232	0	
20290069	-100	0	0	0	-100	0	0.233	0	
16474179	-100	0	0	0	-100	0	0.256	0	
47552930	-100	0	0	0	-100	0	0.212	0	
42426970	42461697	0	0	0	1163	0	0.043	0	39
16902902	-100	0	0	0	-100	0	0.119	0	
53697235	-100	0	0	0	-100	0	0.238	0	
22386555	56322590	0	0	0	1	0	0.009	0	393
15046111	15069078	0	0	0	41	0	0.024	0	394
33920330	34061912	0	0	0	374	0	0.031	0	395
52532428	-100	0	0	0	-100	0	0.246	0	
16880627	21613467	0	0	0	157	0	0.005	0	397
25330753	-100	0	0	0	-100	0	0.266	0	
23836169	-100	0	0	0	-100	0	0.257	0	
55284306	-100	0	0	0	-100	0	0.202	0	
50958860	-100	0	0	0	-100	0	0.232	0	
23327746	23329178	0	0	0	14	0	0.022	0	401
58298622	-100	0	0	0	-100	0	0.295	0	
48336742	-100	0	0	0	-100	0	0.234	0	
44666715	44688711	0	0	0	1	0	0.015	0	404
15044342	-100	0	0	0	-100	0	0.249	0	
33748871	33750235	0	0	0	409	0	0.033	0	406
21596906	-100	0	0	0	-100	0	0.278	0	
44786138	44787310	0	0	0	4374	0	0.118	0	41
35866379	-100	0	0	0	-100	0	0.053	0	
25020788	39508831	0	0	0	5	0	0.018	0	411
45975959	56027198	0	0	0	334	0	0.015	0	412
13272612	43616480	0	0	0	1	0	0.017	0	413
53053598	53059211	0	0	0	5	0	0.006	0	414
14827853	-100	0	0	0	-100	0	0.036	0	
53799909	53952083	0	0	0	1	0	0.023	0	416
5913006	7280421	0	0	0	1	0	0.008	0	418
33954292	-100	0	0	0	-100	0	0.246	0	
43731301	43737524	0	0	0	1	0	0.008	0	42
61702762	61707244	0	0	0	9	0	0.02	0	420
15670151	22381154	0	0	0	3921	0	0.105	0	422
40250072	40250691	0	0	0	253	0	0.029	0	423
9023256	14058832	0	0	0	2	0	0.017	0	424
47284664	-100	0	0	0	-100	0	0.233	0	
19234796	-100	0	0	0	-100	0	0.244	0	
15162741	-100	0	0	0	-100	0	0.213	0	
42864262	43613986	0	0	0	24	0	0.009	0	428
54623575	54624083	0	0	0	8	0	0.019	0	429
45572226	45579541	0	0	0	1	0	0.021	0	43
46747475	46759058	0	0	0	1234	0	0.052	0	430
45448169	-100	0	0	0	-100	0	0.236	0	
61979426	61993479	0	0	0	1013	0	0.028	0	432
56615319	56720250	0	0	0	2	0	0.02	0	433
35224338	-100	0	0	0	-100	0	0.251	0	
37059281	-100	0	0	0	-100	0	0.249	0	
29981195	-100	0	0	0	-100	0	0.232	0	
37059404	42826234	0	0	0	1031	0	0.044	0	437
56981960	56990956	0	0	0	7462	0	0.175	0	438
22116489	-100	0	0	0	-100	0	0.225	0	
31955051	38493318	0	0	0	8	0	0.022	0	44
57427059	58343088	0	0	0	1224	0	0.038	0	440
12416880	-100	0	0	0	-100	0	0.225	0	
58648886	-100	0	0	0	-100	0	0.242	0	
41783245	44398360	0	0	0	5591	0	0.128	0	443
31815294	-100	0	0	0	-100	0	0.185	0	
49640909	49711972	0	0	0	4363	0	0.128	0	445
19791917	-100	0	0	0	-100	0	0.069	0	
23252231	24501245	0	0	0	4368	0	0.118	0	447
47446458	47542849	0	0	0	32	0	0.012	0	448
28480625	38367392	0	0	0	6	0	0.017	0	449
38230957	38252013	0	0	0	222	0	0.028	0	45
31868370	-100	0	0	0	-100	0	0.184	0	
14926672	26045999	0	0	0	9854	0	0.243	0	451
11365857	27205610	0	0	0	1	0	0.022	0	452
28725115	-100	0	0	0	-100	0	0.246	0	
61967678	-100	0	0	0	-100	0	0.244	0	
45968501	45983949	0	0	0	1	0	0.006	0	455
43694637	43706199	0	0	0	4539	0	0.12	0	459
58938992	-100	0	0	0	-100	0	0.23	0	
37579756	-100	0	0	0	-100	0	0.218	0	
61958925	62012913	0	0	0	1862	0	0.05	0	461
10840741	-100	0	0	0	-100	0	0.219	0	
8743556	-100	0	0	0	-100	0	0.243	0	
51320621	54880869	0	0	0	2	0	0.011	0	464
52521310	52533132	0	0	0	2411	0	0.068	0	465
4559175	38448310	0	0	0	1	0	0.018	0	466
31286965	33262480	0	0	0	1	0	0.001	0	467
34230391	34694775	0	0	0	39	0	0.022	0	468
50685421	-100	0	0	0	-100	0	0.227	0	
13063273	13063605	0	0	0	1150	0	0.045	0	47
7169202	-100	0	0	0	-100	0	0.243	0	
16111242	19894471	0	0	0	4	0	0.014	0	471
54879274	-100	0	0	0	-100	0	0.231	0	
25340847	44486551	0	0	0	7099	0	0.168	0	473
33505541	-100	0	0	0	-100	0	0.249	0	
49762128	51753158	0	0	0	1	0	0.005	0	475
1400937	8321081	0	0	0	219	0	0.006	0	476
36790376	-100	0	0	0	-100	0	0.25	0	
61783029	61793558	0	0	0	2	0	0.022	0	478
49109933	49111594	0	0	0	2196	0	0.071	0	479
29833571	29834397	0	0	0	1	0	0.022	0	48
47274691	-100	0	0	0	-100	0	0.09	0	
26403919	27672134	0	0	0	3	0	0.023	0	481
33787624	-100	0	0	0	-100	0	0.25	0	
25516365	25532844	0	0	0	985	0	0.039	0	483
54033510	54089471	0	0	0	2386	0	0.068	0	484
37195322	-100	0	0	0	-100	0	0.246	0	
57759059	57779014	0	0	0	1	0	0.02	0	486
27866705	-100	0	0	0	-100	0	0.227	0	
19686892	-100	0	0	0	-100	0	0.049	0	
55675591	-100	0	0	0	-100	0	0.125	0	
32723761	44003391	0	0	0	3	0	0.023	0	49
60132869	60133762	0	0	0	1074	0	0.044	0	490
52675487	-100	0	0	0	-100	0	0.221	0	
22893028	22893290	0	0	0	72	0	0.022	0	492
8998884	10176524	0	0	0	41	0	0.012	0	493
58021216	58083701	0	0	0	2663	0	0.069	0	494
44930704	-100	0	0	0	-100	0	0.251	0	
24626769	-100	0	0	0	-100	0	0.035	0	
23678494	26332489	0	0	0	3	0	0.021	0	499
60797216	60811581	0	0	0	19	0	0.026	0	5
48052270	48055272	0	0	0	44	0	0.024	0	50
6901238	-100	0	0	0	-100	0	0.207	0	
34704733	35491015	0	0	0	5	0	0.019	0	501
36260816	36277222	0	0	0	534	0	0.026	0	502
48056851	48072338	0	0	0	1	0	0.024	0	503
58531982	58542413	0	0	0	1	0	0.009	0	504
17385801	17393108	0	0	0	1293	0	0.05	0	505
47444012	49366830	0	0	0	26	0	0.005	0	506
49628570	49753115	0	0	0	1303	0	0.045	0	507
10306831	59741003	0	0	0	173	0	0.022	0	508
10306474	28479568	0	0	0	55	0	0.01	0	509
51335424	51338784	0	0	0	31	0	0.011	0	51
30491545	48634449	0	0	0	10	0	0.011	0	510
36520813	-100	0	0	0	-100	0	0.246	0	
53033225	53035534	0	0	0	1	0	0.023	0	512
35330207	35471802	0	0	0	171	0	0.023	0	513
33237264	-100	0	0	0	-100	0	0.247	0	
37719503	37830819	0	0	0	225	0	0.019	0	515
43654787	60112609	0	0	0	2	0	0.005	0	516
27606380	27609919	0	0	0	1	0	0.012	0	517
16397526	51847367	0	0	0	19	0	0.009	0	518
31538038	31585708	0	0	0	26	0	0.007	0	519
13871818	-100	0	0	0	-100	0	0.003	0	
55168485	55393013	0	0	0	361	0	0.027	0	520
13088770	43596486	0	0	0	2971	0	0.086	0	521
40689434	-100	0	0	0	-100	0	0.142	0	
24195255	24197181	0	0	0	4	0	0.013	0	523
59825843	60970948	0	0	0	2	0	0.019	0	524
56702965	56704121	0	0	0	33	0	0.013	0	525
37266143	37301838	0	0	0	1	0	0.004	0	526
44190450	48838222	0	0	0	1382	0	0.04	0	527
25640114	-100	0	0	0	-100	0	0.227	0	
60878248	60896726	0	0	0	35	0	0.005	0	529
57363854	-100	0	0	0	-100	0	0.23	0	
25245076	25276758	0	0	0	1	0	0.024	0	530
10826357	10851976	0	0	0	1	0	0.022	0	531
19214914	29749661	0	0	0	2	0	0.019	0	532
24195562	24207457	0	0	0	1	0	0.019	0	533
58798091	-100	0	0	0	-100	0	0.279	0	
48657034	-100	0	0	0	-100	0	0.268	0	
7943695	-100	0	0	0	-100	0	0.189	0	
29174774	29286588	0	0	0	5946	0	0.176	0	537
4794859	32206608	0	0	0	1	0	0.016	0	538
11672050	22528625	0	0	0	1	0	0.023	0	539
15960129	28789767	0	0	0	3	0	0.028	0	54
19474552	29235114	0	0	0	1	0	0.004	0	540
61417517	61467044	0	0	0	3014	0	0.096	0	541
19748205	-100	0	0	0	-100	0	0.083	0	
35799426	42115611	0	0	0	4	0	0.017	0	546
52242044	-100	0	0	0	-100	0	0.265	0	
56960608	56972840	0	0	0	29	0	0.019	0	548
17750893	-100	0	0	0	-100	0	0.281	0	
51071941	51072873	0	0	0	212	0	0.029	0	55
21651978	37667335	0	0	0	2	0	0.012	0	550
21045866	-100	0	0	0	-100	0	0.206	0	
40182340	40185121	0	0	0	78	0	0.013	0	553
53813758	60436142	0	0	0	1374	0	0.044	0	554
32206623	34939054	0	0	0	9603	0	0.251	0	555
26667162	-100	0	0	0	-100	0	0.268	0	
31268826	31301694	0	0	0	1	0	0.025	0	558
24767751	-100	0	0	0	-100	0	0.348	0	
27787116	41634744	0	0	0	19	0	0.027	0	56
45948534	53569414	0	0	0	4	0	0.044	0	560
40557147	44961347	0	0	0	1	0	0.035	0	561
8889554	10931972	0	0	0	13	0	0.029	0	562
12468574	-100	0	0	0	-100	0	0.354	0	
50237076	-100	0	0	0	-100	0	0.333	0	
26449666	37651470	0	0	0	3	0	0.034	0	565
33501032	41941523	0	0	0	460	0	0.017	0	568
10303241	12582793	0	0	0	10	0	0.031	0	569
32721789	32736335	0	0	0	2	0	0.02	0	57
31388329	-100	0	0	0	-100	0	0.229	0	
25727473	-100	0	0	0	-100	0	0.204	0	
43850293	44021913	0	0	0	1	0	0.014	0	572
46799063	48306565	0	0	0	1	0	0.017	0	577
3114043	-100	0	0	0	-100	0	0.246	0	
41596273	-100	0	0	0	-100	0	0.289	0	
14671609	14672171	0	0	0	1	0	0.01	0	58
38478139	-100	0	0	0	-100	0	0.252	0	
12392404	19321739	0	0	0	29	0	0.017	0	581
22389993	53548994	0	0	0	1133	0	0.049	0	582
46649403	48306010	0	0	0	446	0	0.023	0	583
20518376	20527711	0	0	0	7	0	0.024	0	584
57394946	-100	0	0	0	-100	0	0.077	0	
32624120	-100	0	0	0	-100	0	0.219	0	
6886416	19507919	0	0	0	545	0	0.02	0	587
10032052	10128084	0	0	0	1	0	0.027	0	588
9527802	-100	0	0	0	-100	0	0.361	0	
58148340	58164989	0	0	0	2	0	0.047	0	59
47152855	50663500	0	0	0	7504	0	0.211	0	590
48333425	48341878	0	0	0	4584	0	0.144	0	591
28034091	-100	0	0	0	-100	0	0.411	0	
24040280	26154260	0	0	0	17	0	0.045	0	593
52014985	53022075	0	0	0	1	0	0.041	0	594
39128344	39150367	0	0	0	141	0	0.069	0	595
45157057	46636473	0	0	0	1	0	0.016	0	596
28436855	31961170	0	0	0	13	0	0.026	0	597
13023274	-100	0	0	0	-100	0	0.407	0	
22380926	22453482	0	0	0	1	0	0.0	0	599
46377973	46384105	0	0	0	679	0	0.071	0	6
54215125	-100	0	0	0	-100	0	0.415	0	
47777708	47781899	0	0	0	6	0	0.027	0	600
22803814	26400517	0	0	0	63	0	0.049	0	601
9503896	23045866	0	0	0	329	0	0.04	0	602
18972845	-100	0	0	0	-100	0	0.442	0	
29233480	-100	0	0	0	-100	0	0.351	0	
26580129	32571956	0	0	0	386	0	0.016	0	605
10404224	23991060	0	0	0	1736	0	0.089	0	607
35205795	58352475	0	0	0	873	0	0.044	0	608
50659096	-100	0	0	0	-100	0	0.271	0	
51330838	-100	0	0	0	-100	0	0.246	0	
39005958	51707582	0	0	0	6589	0	0.188	0	612
58890738	59047386	0	0	0	1966	0	0.053	0	613
48332680	-100	0	0	0	-100	0	0.261	0	
32724775	34667618	0	0	0	461	0	0.036	0	615
26950123	-100	0	0	0	-100	0	0.246	0	
27650331	27651004	0	0	0	419	0	0.022	0	620
29948919	29954519	0	0	0	6	0	0.001	0	621
54066057	-100	0	0	0	-100	0	0.244	0	
42084356	42084833	0	0	0	1035	0	0.036	0	623
9060457	29948585	0	0	0	5295	0	0.14	0	624
22920381	-100	0	0	0	-100	0	0.224	0	
3209761	3551955	0	0	0	8907	0	0.202	0	626
25791018	-100	0	0	0	-100	0	0.197	0	
59570555	59882916	0	0	0	52	0	0.021	0	628
34973314	-100	0	0	0	-100	0	0.266	0	
60766742	60804415	0	0	0	1	0	0.024	0	63
21035101	27123428	0	0	0	3	0	0.01	0	630
8896820	-100	0	0	0	-100	0	0.232	0	
52005153	-100	0	0	0	-100	0	0.366	0	
51967572	51970403	0	0	0	1	0	0.039	0	635
38104901	-100	0	0	0	-100	0	0.31	0	
27850123	53660703	0	0	0	79	0	0.014	0	637
35359622	35452191	0	0	0	2	0	0.016	0	638
36238521	-100	0	0	0	-100	0	0.308	0	
54737221	-100	0	0	0	-100	0	0.289	0	
50539913	50549961	0	0	0	1971	0	0.049	0	640
22736107	22868923	0	0	0	999	0	0.046	0	641
12907198	32883453	0	0	0	4028	0	0.12	0	642
32193413	32194070	0	0	0	351	0	0.018	0	643
57032447	57209060	0	0	0	2	0	0.022	0	644
45219994	45475249	0	0	0	89	0	0.01	0	645
44509287	-100	0	0	0	-100	0	0.236	0	
19014360	-100	0	0	0	-100	0	0.287	0	
33784656	-100	0	0	0	-100	0	0.254	0	
48819333	48835435	0	0	0	33	0	0.019	0	649
46348193	46352515	0	0	0	23	0	0.014	0	65
42789833	42790422	0	0	0	1880	0	0.053	0	650
35614425	-100	0	0	0	-100	0	0.259	0	
33127122	-100	0	0	0	-100	0	0.215	0	
22916337	27060527	0	0	0	71	0	0.022	0	653
33346823	40699787	0	0	0	12	0	0.014	0	657
41701807	-100	0	0	0	-100	0	0.25	0	
9317923	10740100	0	0	0	1	0	0.01	0	659
49756005	49763045	0	0	0	1	0	0.008	0	66
41477776	45179410	0	0	0	571	0	0.019	0	661
9915824	20768286	0	0	0	307	0	0.028	0	662
1975110	-100	0	0	0	-100	0	0.253	0	
46195370	50291766	0	0	0	2	0	0.017	0	664
58516071	58524163	0	0	0	60	0	0.015	0	665
58550163	58777915	0	0	0	181	0	0.012	0	666
38064175	49626679	0	0	0	17	0	0.003	0	667
45670637	-100	0	0	0	-100	0	0.225	0	
36648502	36696948	0	0	0	7160	0	0.211	0	67
36233318	51867884	0	0	0	16	0	0.026	0	670
9867225	10543199	0	0	0	1	0	0.001	0	671
20670892	-100	0	0	0	-100	0	0.286	0	
22492219	22510100	0	0	0	76	0	0.027	0	673
51343022	-100	0	0	0	-100	0	0.269	0	
51902438	-100	0	0	0	-100	0	0.081	0	
16221742	16239153	0	0	0	2734	0	0.083	0	678
19716535	19735509	0	0	0	1	0	0.018	0	679
27210745	-100	0	0	0	-100	0	0.246	0	
54184027	54185678	0	0	0	1	0	0.024	0	680
35834739	-100	0	0	0	-100	0	0.231	0	
12829995	-100	0	0	0	-100	0	0.231	0	
12723182	14501305	0	0	0	8761	0	0.236	0	683
10802806	57030452	0	0	0	5010	0	0.133	0	684
39176643	-100	0	0	0	-100	0	0.246	0	
44467559	44504592	0	0	0	1	0	0.01	0	686
55891499	55944124	0	0	0	1383	0	0.048	0	687
51087287	51170892	0	0	0	17	0	0.011	0	688
28628384	43580891	0	0	0	231	0	0.017	0	689
16200667	16220521	0	0	0	3353	0	0.096	0	69
37714152	37715085	0	0	0	1	0	0.019	0	690
15258954	16626168	0	0	0	1	0	0.032	0	691
19851655	-100	0	0	0	-100	0	0.237	0	
28383595	52745151	0	0	0	2	0	0.016	0	693
58250126	58250531	0	0	0	8	0	0.004	0	694
32558568	32563243	0	0	0	1	0	0.023	0	695
28384164	35443537	0	0	0	8	0	0.012	0	696
45929263	-100	0	0	0	-100	0	0.256	0	
14645363	38686427	0	0	0	176	0	0.033	0	698
29500139	-100	0	0	0	-100	0	0.238	0	
23307653	23309515	0	0	0	1	0	0.008	0	7
56570680	56582808	0	0	0	41	0	0.015	0	70
4167529	-100	0	0	0	-100	0	0.229	0	
44120395	-100	0	0	0	-100	0	0.249	0	
52623722	-100	0	0	0	-100	0	0.244	0	
32821369	39805798	0	0	0	81	0	0.018	0	703
41996394	51334762	0	0	0	352	0	0.033	0	704
20238175	20238573	0	0	0	113	0	0.03	0	705
41471757	-100	0	0	0	-100	0	0.245	0	
49859149	50728217	0	0	0	615	0	0.034	0	707
37800390	-100	0	0	0	-100	0	0.17	0	
55569337	55571484	0	0	0	1	0	0.022	0	71
32120291	42010161	0	0	0	1	0	0.001	0	710
28624592	-100	0	0	0	-100	0	0.257	0	
41731684	-100	0	0	0	-100	0	0.231	0	
39484118	58028528	0	0	0	1	0	0.007	0	713
38660467	38847645	0	0	0	1	0	0.015	0	714
48022642	-100	0	0	0	-100	0	0.239	0	
39006840	39027770	0	0	0	1	0	0.009	0	72
21716567	-100	0	0	0	-100	0	0.218	0	
46420106	46449723	0	0	0	3272	0	0.097	0	722
45663125	48928383	0	0	0	1	0	0.019	0	723
46607506	49595214	0	0	0	1	0	0.017	0	724
31930616	32031432	0	0	0	342	0	0.029	0	725
53212878	53223526	0	0	0	1	0	0.01	0	726
37011952	-100	0	0	0	-100	0	0.239	0	
10421668	27312597	0	0	0	36	0	0.013	0	728
37274007	37349878	0	0	0	511	0	0.033	0	729
59190193	-100	0	0	0	-100	0	0.181	0	
20592611	49400778	0	0	0	1077	0	0.041	0	730
11751047	-100	0	0	0	-100	0	0.268	0	
52276088	53117396	0	0	0	56	0	0.032	0	732
10807804	-100	0	0	0	-100	0	0.444	0	
34389797	34711685	0	0	0	1	0	0.035	0	735
46972679	47179207	0	0	0	3183	0	0.137	0	736
51086959	51248293	0	0	0	4	0	0.014	0	738
53884353	55098961	0	0	0	1	0	0.032	0	739
31925595	31947700	0	0	0	1	0	0.034	0	74
13942202	20430773	0	0	0	540	0	0.05	0	740
42695298	45923632	0	0	0	9	0	0.033	0	741
30719243	30720340	0	0	0	17	0	0.035	0	742
40942717	40953151	0	0	0	1	0	0.043	0	743
3369025	-100	0	0	0	-100	0	0.504	0	
35699399	39042064	0	0	0	1	0	0.047	0	745
54831077	-100	0	0	0	-100	0	0.447	0	
6986657	13594968	0	0	0	511	0	0.068	0	747
9502003	60340491	0	0	0	7054	0	0.257	0	748
56555281	58505386	0	0	0	56	0	0.058	0	749
28538161	37430604	0	0	0	89	0	0.039	0	75
29669292	-100	0	0	0	-100	0	0.579	0	
3480222	-100	0	0	0	-100	0	0.43	0	
31394755	31395435	0	0	0	2	0	0.079	0	752
51164948	51165825	0	0	0	1	0	0.033	0	753
20561190	28096239	0	0	0	1	0	0.048	0	754
18396525	18397245	0	0	0	6	0	0.048	0	755
10532192	-100	0	0	0	-100	0	0.345	0	
34213315	34245295	0	0	0	1	0	0.013	0	757
38056641	38791517	0	0	0	2	0	0.037	0	758
20671888	21667581	0	0	0	1	0	0.027	0	759
15670799	-100	0	0	0	-100	0	0.322	0	
2331070	35434760	0	0	0	1	0	0.034	0	760
53266457	53284719	0	0	0	574	0	0.055	0	761
39628872	39633863	0	0	0	1	0	0.008	0	762
7721262	55186549	0	0	0	815	0	0.047	0	763
5665599	31926022	0	0	0	53	0	0.028	0	764
8852406	14612190	0	0	0	39	0	0.031	0	766
3835714	11986574	0	0	0	5666	0	0.166	0	767
58188784	58194795	0	0	0	1	0	0.024	0	768
58176637	58194938	0	0	0	10	0	0.061	0	769
31923107	31938512	0	0	0	1	0	0.047	0	77
3190087	17279027	0	0	0	50	0	0.035	0	770
18257642	29454883	0	0	0	2	0	0.034	0	771
36110815	-100	0	0	0	-100	0	0.373	0	
43297797	43298666	0	0	0	4948	0	0.18	0	773
54238427	54307701	0	0	0	1	0	0.019	0	774
13675380	45813247	0	0	0	61	0	0.002	0	775
17766989	20915114	0	0	0	1	0	0.02	0	78
6132332	-100	0	0	0	-100	0	0.267	0	
57191083	57298332	0	0	0	1	0	0.023	0	781
10535235	47006881	0	0	0	3	0	0.013	0	782
35432923	35443059	0	0	0	7	0	0.002	0	783
36919953	36925855	0	0	0	1	0	0.017	0	784
20850483	49588582	0	0	0	204	0	0.023	0	785
33597728	33613830	0	0	0	1	0	0.011	0	786
56705711	-100	0	0	0	-100	0	0.275	0	
45655879	45673142	0	0	0	8967	0	0.366	0	788
41723575	41909242	0	0	0	2395	0	0.088	0	789
48924219	48961927	0	0	0	1	0	0.019	0	79
56863566	56927812	0	0	0	6386	0	0.254	0	790
30116606	35454277	0	0	0	1	0	0.033	0	791
12362866	-100	0	0	0	-100	0	0.358	0	
12362857	-100	0	0	0	-100	0	0.255	0	
38525383	56871943	0	0	0	2073	0	0.059	0	794
50111566	50128349	0	0	0	3	0	0.015	0	795
22177756	22848403	0	0	0	39	0	0.008	0	796
56770222	56776207	0	0	0	1	0	0.009	0	797
52208380	-100	0	0	0	-100	0	0.324	0	
26574054	26574670	0	0	0	259	0	0.066	0	799
32219451	32226508	0	0	0	9776	0	0.79	0	8
3348522	3356923	0	0	0	64	0	0.077	0	80
26394927	26396047	0	0	0	1	0	0.034	0	800
19439689	33945984	0	0	0	2	0	0.029	0	801
24157990	24162675	0	0	0	1	0	0.012	0	802
23588127	43478980	0	0	0	368	0	0.028	0	803
37789299	54770082	0	0	0	15	0	0.036	0	804
45915720	60807293	0	0	0	1	0	0.002	0	805
46287086	52469245	0	0	0	1	0	0.031	0	806
30406560	-100	0	0	0	-100	0	0.323	0	
9505495	10526005	0	0	0	762	0	0.031	0	808
52106980	52117181	0	0	0	797	0	0.068	0	81
20749444	30740613	0	0	0	71	0	0.092	0	810
61327081	61381710	0	0	0	8268	0	0.395	0	811
28634345	31433840	0	0	0	3	0	0.015	0	812
38861041	-100	0	0	0	-100	0	0.418	0	
24086498	26883864	0	0	0	1449	0	0.089	0	814
60160905	60176959	0	0	0	1	0	0.06	0	815
29399820	29423270	0	0	0	651	0	0.057	0	816
14800161	33988831	0	0	0	355	0	0.024	0	817
44245666	44250468	0	0	0	609	0	0.043	0	819
57609922	57610899	0	0	0	23	0	0.007	0	82
39623094	-100	0	0	0	-100	0	0.359	0	
45652340	-100	0	0	0	-100	0	0.351	0	
46963049	-100	0	0	0	-100	0	0.292	0	
24942366	24944151	0	0	0	4	0	0.007	0	823
6592214	-100	0	0	0	-100	0	0.422	0	
7451354	26777282	0	0	0	5726	0	0.531	0	825
13550501	28633784	0	0	0	1	0	0.008	0	826
30971258	31094538	0	0	0	70	0	0.039	0	827
10892803	-100	0	0	0	-100	0	0.79	0	
9060569	-100	0	0	0	-100	0	0.531	0	
61025542	-100	0	0	0	-100	0	0.564	0	
25466013	25474682	0	0	0	970	0	0.062	0	830
13407236	13457562	0	0	0	198	0	0.045	0	831
57385749	-100	0	0	0	-100	0	0.6	0	
46580556	46783163	0	0	0	3	0	0.043	0	833
45476950	-100	0	0	0	-100	0	0.579	0	
48534448	-100	0	0	0	-100	0	0.543	0	
55512219	-100	0	0	0	-100	0	0.451	0	
27135962	54426523	0	0	0	2499	0	0.157	0	840
24467936	24473055	0	0	0	152	0	0.04	0	841
42105259	-100	0	0	0	-100	0	0.265	0	
12112558	24142467	0	0	0	7692	0	0.186	0	843
37944197	41030477	0	0	0	1514	0	0.051	0	844
32018521	32830382	0	0	0	316	0	0.026	0	845
34244210	38942118	0	0	0	79	0	0.006	0	846
26720663	55627999	0	0	0	1	0	0.014	0	848
42058059	47222764	0	0	0	2453	0	0.072	0	849
55611370	-100	0	0	0	-100	0	0.238	0	
30237310	-100	0	0	0	-100	0	0.247	0	
24940246	25273767	0	0	0	31	0	0.005	0	852
14563531	40878660	0	0	0	3	0	0.009	0	853
58897330	61496833	0	0	0	4876	0	0.13	0	854
17389533	24430053	0	0	0	146	0	0.012	0	855
15647282	17222380	0	0	0	119	0	0.009	0	856
58756264	58761704	0	0	0	10	0	0.011	0	857
21987834	37619534	0	0	0	2	0	0.009	0	858
16947431	32803727	0	0	0	812	0	0.029	0	859
13176741	-100	0	0	0	-100	0	0.25	0	
12394855	41730532	0	0	0	185	0	0.008	0	861
39024390	39171890	0	0	0	28	0	0.021	0	862
58593824	58595096	0	0	0	161	0	0.013	0	863
14604820	-100	0	0	0	-100	0	0.228	0	
38308134	53549442	0	0	0	134	0	0.027	0	865
27496127	-100	0	0	0	-100	0	0.244	0	
26112990	26249385	0	0	0	2244	0	0.07	0	867
54298621	54472962	0	0	0	120	0	0.015	0	868
8935523	-100	0	0	0	-100	0	0.233	0	
44239415	44242299	0	0	0	1	0	0.01	0	87
53931501	54038311	0	0	0	8	0	0.005	0	872
26177565	35444968	0	0	0	3332	0	0.083	0	873
41133617	-100	0	0	0	-100	0	0.236	0	
17266780	49124254	0	0	0	62	0	0.02	0	875
42763280	47523919	0	0	0	714	0	0.086	0	877
18355686	-100	0	0	0	-100	0	0.35	0	
51280568	51413841	0	0	0	806	0	0.046	0	879
25102617	-100	0	0	0	-100	0	0.55	0	
28529823	-100	0	0	0	-100	0	0.645	0	
6550510	8700619	0	0	0	54	0	0.023	0	882
28370249	-100	0	0	0	-100	0	0.507	0	
55345679	60285820	0	0	0	1	0	0.012	0	884
44335165	45311909	0	0	0	423	0	0.065	0	886
3440373	3501528	0	0	0	477	0	0.071	0	887
3094232	24331690	0	0	0	3194	0	0.122	0	888
45907614	46093719	0	0	0	5	0	0.032	0	889
52365579	-100	0	0	0	-100	0	0.543	0	
44334535	47699146	0	0	0	2413	0	0.094	0	890
18473382	19330546	0	0	0	2	0	0.015	0	891
28605657	28656683	0	0	0	11	0	0.003	0	892
47644156	-100	0	0	0	-100	0	0.344	0	
60062311	60062827	0	0	0	56	0	0.024	0	894
17107206	38364431	0	0	0	3	0	0.004	0	895
46298066	46430561	0	0	0	1744	0	0.078	0	896
24701419	24810470	0	0	0	344	0	0.014	0	897
37122216	37284287	0	0	0	2394	0	0.114	0	898
13137912	28301188	0	0	0	40	0	0.02	0	899
33530066	34579494	0	0	0	276	0	0.02	0	9
38733571	38779478	0	0	0	1	0	0.044	0	90
9035674	14547069	0	0	0	6	0	0.032	0	900
45119432	45185979	0	0	0	2875	0	0.11	0	901
8251632	-100	0	0	0	-100	0	0.276	0	
33890896	39614235	0	0	0	19	0	0.002	0	903
31142280	32912268	0	0	0	64	0	0.016	0	904
26244530	-100	0	0	0	-100	0	0.437	0	
14023423	37273149	0	0	0	10	0	0.027	0	906
60847460	-100	0	0	0	-100	0	0.332	0	
53245233	61275627	0	0	0	8	0	0.032	0	908
13189467	23413728	0	0	0	7432	0	0.282	0	909
41879049	-100	0	0	0	-100	0	0.241	0	
8732461	60670097	0	0	0	1114	0	0.043	0	910
13701347	61969752	0	0	0	3	0	0.002	0	911
58020350	-100	0	0	0	-100	0	0.246	0	
36205419	36208785	0	0	0	1	0	0.021	0	915
3796266	45713473	0	0	0	65	0	0.019	0	916
34826602	-100	0	0	0	-100	0	0.284	0	
2535234	8158867	0	0	0	203	0	0.015	0	918
24356683	24873550	0	0	0	2	0	0.018	0	919
61015431	-100	0	0	0	-100	0	0.273	0	
37393329	-100	0	0	0	-100	0	0.249	0	
57438355	57442652	0	0	0	21	0	0.027	0	921
40461380	-100	0	0	0	-100	0	0.25	0	
38563885	54919400	0	0	0	1	0	0.016	0	923
57914461	-100	0	0	0	-100	0	0.241	0	
9465817	-100	0	0	0	-100	0	0.142	0	
6025051	-100	0	0	0	-100	0	0.228	0	
22009871	34328105	0	0	0	215	0	0.03	0	927
60321495	60327158	0	0	0	1	0	0.003	0	929
4654181	4687879	0	0	0	20	0	0.019	0	93
35126517	-100	0	0	0	-100	0	0.248	0	
4951286	-100	0	0	0	-100	0	0.228	0	
5745886	-100	0	0	0	-100	0	0.175	0	
7680959	11261399	0	0	0	178	0	0.017	0	933
12100856	12709933	0	0	0	43	0	0.009	0	934
38102921	38486163	0	0	0	792	0	0.023	0	935
15112440	-100	0	0	0	-100	0	0.225	0	
41010050	48000292	0	0	0	2	0	0.014	0	937
46239615	47475923	0	0	0	454	0	0.012	0	938
10806404	-100	0	0	0	-100	0	0.241	0	
28771018	31162332	0	0	0	1618	0	0.061	0	94
42604439	-100	0	0	0	-100	0	0.231	0	
27552810	-100	0	0	0	-100	0	0.214	0	
32106333	60661723	0	0	0	437	0	0.013	0	942
29125609	29128432	0	0	0	28	0	0.021	0	943
31746962	-100	0	0	0	-100	0	0.217	0	
10207564	28190868	0	0	0	1	0	0.021	0	945
32275113	49668265	0	0	0	1	0	0.007	0	947
11366964	50883294	0	0	0	7	0	0.01	0	948
54132300	54291153	0	0	0	1	0	0.01	0	949
9895811	10212245	0	0	0	2548	0	0.076	0	95
28233561	-100	0	0	0	-100	0	0.237	0	
13706188	51314482	0	0	0	1992	0	0.064	0	951
12609816	17218305	0	0	0	2	0	0.017	0	952
20592886	20880558	0	0	0	5509	0	0.131	0	953
10566473	14153092	0	0	0	22	0	0.009	0	954
8204972	-100	0	0	0	-100	0	0.211	0	
38822132	38823761	0	0	0	283	0	0.029	0	956
31075826	-100	0	0	0	-100	0	0.216	0	
34158723	35677857	0	0	0	2435	0	0.08	0	958
32092458	33318391	0	0	0	32	0	0.021	0	959
59408283	59413766	0	0	0	1	0	0.027	0	96
43337147	43383010	0	0	0	629	0	0.036	0	960
29648127	-100	0	0	0	-100	0	0.221	0	
23618813	23637902	0	0	0	2	0	0.03	0	962
18821862	-100	0	0	0	-100	0	0.218	0	
7666807	-100	0	0	0	-100	0	0.115	0	
35585428	35637012	0	0	0	1	0	0.022	0	97
14784302	14933804	0	0	0	3785	0	0.088	0	970
13281303	-100	0	0	0	-100	0	0.209	0	
30643213	-100	0	0	0	-100	0	0.213	0	
45638529	-100	0	0	0	-100	0	0.206	0	
51929941	52074105	0	0	0	16	0	0.016	0	975
33925430	-100	0	0	0	-100	0	0.223	0	
55754330	55813859	0	0	0	32	0	0.021	0	978
6316459	32398127	0	0	0	73	0	0.014	0	979
6007883	6009222	0	0	0	1771	0	0.06	0	98
42749447	42793833	0	0	0	6983	0	0.175	0	980
6022898	14771546	0	0	0	3	0	0.017	0	981
56659665	-100	0	0	0	-100	0	0.228	0	
31979189	51944709	0	0	0	1	0	0.028	0	983
38559429	38900796	0	0	0	125	0	0.022	0	984
10620862	47021117	0	0	0	101	0	0.011	0	985
61365720	61421335	0	0	0	2	0	0.014	0	986
9422945	20150234	0	0	0	14	0	0.005	0	987
29593177	-100	0	0	0	-100	0	0.222	0	
42674516	42681880	0	0	0	1	0	0.015	0	99
17222942	-100	0	0	0	-100	0	0.131	0	
5916854	6325908	0	0	0	795	0	0.036	0	991
12840294	28173677	0	0	0	92	0	0.021	0	992
50243929	50258307	0	0	0	849	0	0.028	0	993
12304963	-100	0	0	0	-100	0	0.248	0	
16963137	34814478	0	0	0	1	0	0.015	0	995
2765374	7474943	0	0	0	34	0	0.019	0	996
26724124	34487641	0	0	0	1434	0	0.044	0	997
38295777	38297989	0	0	0	1	0	0.029	0	998
6123378	44855415	0	0	0	6	0	0.013	0	999
