testPostId	trainPostId	TitleSim	BodySim	TagSim	LuceneHitRank	ProposedHitRank	lucene_hit_duration	Proposed_hit_duration	LuceneTestTrueLabel
57657901	-100	0	0	0	-100	0	0.556	0	
50569314	50584209	0	0	0	1	0	0.093	0	10
26145967	26159529	0	0	0	1	0	0.03	0	100
58314023	59791480	0	0	0	85	0	0.065	0	1000
14975638	15489065	0	0	0	22	0	0.031	0	1001
45206230	-100	0	0	0	-100	0	0.138	0	
46684038	46770761	0	0	0	2	0	0.031	0	1003
3903157	-100	0	0	0	-100	0	0.085	0	
2589275	40089885	0	0	0	3733	0	0.069	0	1005
36065232	36699272	0	0	0	4	0	0.031	0	1006
16475081	16559250	0	0	0	222	0	0.016	0	1007
15853204	45372987	0	0	0	14	0	0.047	0	1008
9862519	-100	0	0	0	-100	0	0.084	0	
38658033	38916875	0	0	0	378	0	0.054	0	101
43275478	43293369	0	0	0	372	0	0.015	0	1010
11950703	13984470	0	0	0	2877	0	0.069	0	1016
14041601	17061016	0	0	0	226	0	0.032	0	1017
48912908	48913362	0	0	0	1	0	0.031	0	1018
2564258	-100	0	0	0	-100	0	0.2	0	
36368712	58859811	0	0	0	5	0	0.022	0	102
2231993	-100	0	0	0	-100	0	0.078	0	
56366734	56382379	0	0	0	3324	0	0.054	0	1021
45201654	-100	0	0	0	-100	0	0.069	0	
14268814	-100	0	0	0	-100	0	0.116	0	
26497751	38052325	0	0	0	1346	0	0.046	0	1025
28306604	28332566	0	0	0	1	0	0.023	0	1026
57430411	57465187	0	0	0	1	0	0.015	0	1028
8499378	-100	0	0	0	-100	0	0.116	0	
28543538	29728795	0	0	0	43	0	0.047	0	103
42449257	43536583	0	0	0	348	0	0.053	0	1030
23875757	-100	0	0	0	-100	0	0.192	0	
52187189	52275015	0	0	0	173	0	0.061	0	1032
53235655	53239765	0	0	0	3	0	0.06	0	1033
14964457	14968103	0	0	0	44	0	0.041	0	1034
47730589	-100	0	0	0	-100	0	0.181	0	
49041280	49074570	0	0	0	7	0	0.02	0	1036
27545423	-100	0	0	0	-100	0	0.161	0	
17178831	36373630	0	0	0	2555	0	0.051	0	1038
15486551	-100	0	0	0	-100	0	0.098	0	
18018097	18083363	0	0	0	1	0	0.022	0	104
33574457	33609538	0	0	0	12	0	0.02	0	1042
52650467	-100	0	0	0	-100	0	0.069	0	
1567718	25621108	0	0	0	5805	0	0.072	0	1044
57356463	57571196	0	0	0	1961	0	0.038	0	1045
26896087	47637321	0	0	0	1654	0	0.047	0	1046
24881923	38101558	0	0	0	924	0	0.047	0	1047
40652012	43551312	0	0	0	34	0	0.038	0	1048
38036680	48211887	0	0	0	393	0	0.031	0	1049
59960252	59978973	0	0	0	3313	0	0.053	0	105
8260808	-100	0	0	0	-100	0	0.063	0	
21729415	51158486	0	0	0	1	0	0.038	0	1051
9171036	-100	0	0	0	-100	0	0.084	0	
7326865	-100	0	0	0	-100	0	0.063	0	
3082716	-100	0	0	0	-100	0	0.084	0	
51923603	51996021	0	0	0	1	0	0.031	0	1056
41699952	41739418	0	0	0	8	0	0.023	0	1057
33419325	-100	0	0	0	-100	0	0.093	0	
57024793	58739159	0	0	0	1	0	0.047	0	1059
45279880	45556677	0	0	0	211	0	0.022	0	106
13912387	-100	0	0	0	-100	0	0.091	0	
28159936	28162445	0	0	0	10	0	0.02	0	1062
43189512	44551816	0	0	0	27	0	0.02	0	1063
14366406	-100	0	0	0	-100	0	0.061	0	
5027480	-100	0	0	0	-100	0	0.121	0	
10004847	11028353	0	0	0	2	0	0.03	0	1067
12417454	16798605	0	0	0	1	0	0.02	0	1068
31178704	31213349	0	0	0	1886	0	0.048	0	1069
51569831	51581399	0	0	0	203	0	0.023	0	107
9220849	20849641	0	0	0	1	0	0.018	0	1070
8854046	15285089	0	0	0	3464	0	0.062	0	1071
43223579	52334647	0	0	0	2492	0	0.05	0	1072
47651868	49120060	0	0	0	63	0	0.031	0	1075
56249536	60835547	0	0	0	6071	0	0.07	0	1076
27677283	30468455	0	0	0	4231	0	0.051	0	1077
2824965	14260340	0	0	0	643	0	0.03	0	1078
52708868	52710549	0	0	0	335	0	0.028	0	1079
56026040	-100	0	0	0	-100	0	0.088	0	
24135157	-100	0	0	0	-100	0	0.116	0	
7425100	11954734	0	0	0	1078	0	0.038	0	1081
4765256	17879766	0	0	0	424	0	0.015	0	1082
11851240	11892241	0	0	0	2516	0	0.054	0	1083
60289954	60310790	0	0	0	1	0	0.047	0	1084
11121385	-100	0	0	0	-100	0	0.115	0	
11693599	42112654	0	0	0	13	0	0.032	0	1087
29504327	29547506	0	0	0	79	0	0.022	0	1088
24033733	24039621	0	0	0	5	0	0.031	0	1089
40035067	40044958	0	0	0	912	0	0.031	0	109
55853841	55970694	0	0	0	5236	0	0.101	0	1090
42611836	56182271	0	0	0	1	0	0.022	0	1091
45047885	-100	0	0	0	-100	0	0.093	0	
25528067	-100	0	0	0	-100	0	0.148	0	
11254452	11288900	0	0	0	882	0	0.04	0	1094
12806128	19014531	0	0	0	103	0	0.03	0	1095
38895565	-100	0	0	0	-100	0	0.151	0	
38169765	38289656	0	0	0	18	0	0.039	0	1098
38644943	51658946	0	0	0	91	0	0.032	0	1099
57647120	-100	0	0	0	-100	0	0.1	0	
55482534	-100	0	0	0	-100	0	0.079	0	
36431158	36454567	0	0	0	881	0	0.026	0	1100
33048097	44318860	0	0	0	76	0	0.031	0	1101
49184274	-100	0	0	0	-100	0	0.1	0	
12075037	44167480	0	0	0	6	0	0.016	0	1103
20679635	20682542	0	0	0	777	0	0.04	0	1104
34619117	34631794	0	0	0	2	0	0.03	0	1105
10888117	17368223	0	0	0	7	0	0.02	0	1109
24305672	24308718	0	0	0	1	0	0.028	0	111
39137287	39164688	0	0	0	8	0	0.022	0	1110
27326929	29376031	0	0	0	1258	0	0.041	0	1111
29957669	42564379	0	0	0	1152	0	0.038	0	1112
45891034	45899768	0	0	0	1	0	0.022	0	1113
10689055	-100	0	0	0	-100	0	0.091	0	
59159729	59197298	0	0	0	1	0	0.028	0	1115
4996090	13043146	0	0	0	5946	0	0.123	0	1116
48433790	48511974	0	0	0	777	0	0.03	0	1117
11056625	15141952	0	0	0	1	0	0.02	0	1118
3685285	-100	0	0	0	-100	0	0.091	0	
6329962	17240536	0	0	0	1	0	0.018	0	1120
40385321	40436727	0	0	0	13	0	0.02	0	1122
51481913	52565472	0	0	0	1494	0	0.032	0	1123
25587773	41171676	0	0	0	35	0	0.039	0	1124
15403903	25315309	0	0	0	2020	0	0.042	0	1125
45607736	45627646	0	0	0	1	0	0.02	0	1126
31471808	-100	0	0	0	-100	0	0.061	0	
22558887	31416347	0	0	0	16	0	0.02	0	1128
11134812	42481827	0	0	0	1	0	0.03	0	1129
33479862	47907626	0	0	0	1	0	0.02	0	113
6178763	-100	0	0	0	-100	0	0.071	0	
10762287	46639120	0	0	0	11	0	0.02	0	1132
22305023	40554479	0	0	0	3023	0	0.058	0	1133
32575397	33306592	0	0	0	304	0	0.033	0	1134
51964208	56375203	0	0	0	1	0	0.02	0	1135
6967664	27611438	0	0	0	426	0	0.03	0	1136
26796829	33775239	0	0	0	5384	0	0.06	0	1137
28987622	47663131	0	0	0	1	0	0.021	0	1139
57334741	-100	0	0	0	-100	0	0.06	0	
47723890	47746656	0	0	0	1	0	0.03	0	1140
7942519	24440258	0	0	0	6407	0	0.071	0	1141
2286831	2295389	0	0	0	154	0	0.02	0	1143
1429907	5365974	0	0	0	2864	0	0.05	0	1144
19936432	22944707	0	0	0	67	0	0.02	0	1145
30946374	31050787	0	0	0	6512	0	0.081	0	1146
36094718	36141451	0	0	0	882	0	0.03	0	1147
57110805	57160711	0	0	0	1	0	0.031	0	1148
27014134	-100	0	0	0	-100	0	0.06	0	
58627988	58906457	0	0	0	6923	0	0.079	0	115
19885381	33103203	0	0	0	1867	0	0.03	0	1152
24916945	-100	0	0	0	-100	0	0.06	0	
11486369	-100	0	0	0	-100	0	0.099	0	
5831794	-100	0	0	0	-100	0	0.053	0	
34001333	34018634	0	0	0	2137	0	0.04	0	116
7960798	34091811	0	0	0	4234	0	0.06	0	1160
12125364	49781741	0	0	0	498	0	0.028	0	1161
53479557	53864892	0	0	0	35	0	0.021	0	1162
9617629	27676179	0	0	0	14	0	0.022	0	1163
31947727	31994387	0	0	0	242	0	0.04	0	1164
8761857	-100	0	0	0	-100	0	0.081	0	
14490071	-100	0	0	0	-100	0	0.08	0	
10498477	-100	0	0	0	-100	0	0.091	0	
25178452	-100	0	0	0	-100	0	0.101	0	
30060278	39418783	0	0	0	1	0	0.02	0	1169
27184918	-100	0	0	0	-100	0	0.091	0	
24129772	24783826	0	0	0	15	0	0.03	0	1170
11144551	17878048	0	0	0	1	0	0.02	0	1171
30159041	31259932	0	0	0	1	0	0.03	0	1172
37761096	55825651	0	0	0	9865	0	0.101	0	1173
47722530	-100	0	0	0	-100	0	0.11	0	
8273313	18492844	0	0	0	748	0	0.039	0	1175
36974450	36974742	0	0	0	3	0	0.022	0	1176
36187931	51407129	0	0	0	6574	0	0.089	0	1177
35725156	35859083	0	0	0	883	0	0.032	0	1179
17222981	-100	0	0	0	-100	0	0.068	0	
16512371	-100	0	0	0	-100	0	0.083	0	
24590154	42562128	0	0	0	477	0	0.03	0	1181
57498890	-100	0	0	0	-100	0	0.061	0	
8400901	16118050	0	0	0	1919	0	0.04	0	1183
37991389	50867641	0	0	0	672	0	0.031	0	1184
1266279	25273166	0	0	0	5	0	0.019	0	1187
7486386	14525580	0	0	0	331	0	0.02	0	1188
61353320	61369850	0	0	0	1	0	0.031	0	1189
27727590	30330104	0	0	0	368	0	0.02	0	119
27114926	-100	0	0	0	-100	0	0.111	0	
1169539	51857177	0	0	0	70	0	0.02	0	1192
49743774	49818889	0	0	0	4	0	0.02	0	1193
18349053	-100	0	0	0	-100	0	0.06	0	
36023558	36039026	0	0	0	1	0	0.021	0	1195
29125019	30765866	0	0	0	137	0	0.02	0	1196
3699405	-100	0	0	0	-100	0	0.08	0	
8203818	-100	0	0	0	-100	0	0.099	0	
28814322	-100	0	0	0	-100	0	0.073	0	
36936613	36953026	0	0	0	9888	0	0.101	0	12
50062132	50231159	0	0	0	2	0	0.02	0	120
1245273	7828248	0	0	0	1	0	0.02	0	1200
32857212	61760349	0	0	0	11	0	0.03	0	1201
9863604	-100	0	0	0	-100	0	0.081	0	
18110397	52317124	0	0	0	1686	0	0.04	0	1203
18067519	-100	0	0	0	-100	0	0.059	0	
56983105	56986638	0	0	0	11	0	0.042	0	1208
43000077	43002416	0	0	0	21	0	0.018	0	1209
43371723	-100	0	0	0	-100	0	0.061	0	
7368262	13642092	0	0	0	8	0	0.02	0	1210
19009308	-100	0	0	0	-100	0	0.06	0	
12038160	31412724	0	0	0	1	0	0.02	0	1212
33027611	35214044	0	0	0	4556	0	0.061	0	1213
3483203	15720545	0	0	0	189	0	0.03	0	1215
3642188	-100	0	0	0	-100	0	0.078	0	
23528862	-100	0	0	0	-100	0	0.093	0	
25565817	25742400	0	0	0	337	0	0.02	0	1218
27779667	31729775	0	0	0	6	0	0.02	0	1219
12766253	-100	0	0	0	-100	0	0.099	0	
5320814	10562078	0	0	0	1363	0	0.032	0	1220
61798169	61876254	0	0	0	4910	0	0.071	0	1221
29736577	-100	0	0	0	-100	0	0.119	0	
43460760	43526149	0	0	0	37	0	0.022	0	1223
2126108	-100	0	0	0	-100	0	0.089	0	
10411871	24651664	0	0	0	1561	0	0.032	0	1229
33769770	50023898	0	0	0	958	0	0.04	0	123
47720329	-100	0	0	0	-100	0	0.089	0	
54535966	54764144	0	0	0	10	0	0.02	0	1231
33180058	-100	0	0	0	-100	0	0.093	0	
51352697	51353272	0	0	0	879	0	0.028	0	1233
50341423	50472929	0	0	0	1	0	0.022	0	1234
47719961	58295133	0	0	0	4249	0	0.058	0	1235
61602871	61613387	0	0	0	286	0	0.023	0	1236
23483421	23493873	0	0	0	1	0	0.02	0	1237
15673550	21605401	0	0	0	15	0	0.028	0	1238
11070101	26562926	0	0	0	1802	0	0.042	0	1239
52874031	-100	0	0	0	-100	0	0.071	0	
2893005	3472980	0	0	0	978	0	0.038	0	1240
41088751	-100	0	0	0	-100	0	0.063	0	
1882734	8507442	0	0	0	1	0	0.02	0	1250
4442518	20588435	0	0	0	518	0	0.03	0	1251
42524450	49924813	0	0	0	14	0	0.02	0	1252
14899197	15475832	0	0	0	1	0	0.031	0	1253
10305614	-100	0	0	0	-100	0	0.08	0	
15960352	-100	0	0	0	-100	0	0.091	0	
57547769	57680924	0	0	0	1	0	0.018	0	1256
27367914	-100	0	0	0	-100	0	0.062	0	
53070606	53071578	0	0	0	1	0	0.021	0	126
3261597	10058839	0	0	0	1157	0	0.04	0	1263
22480052	34623780	0	0	0	18	0	0.028	0	1265
12675147	-100	0	0	0	-100	0	0.103	0	
34896004	35660588	0	0	0	101	0	0.02	0	1267
61649029	-100	0	0	0	-100	0	0.101	0	
46842293	46872965	0	0	0	5	0	0.03	0	127
49440262	52649215	0	0	0	49	0	0.02	0	1271
49554201	49665486	0	0	0	885	0	0.031	0	1272
10966109	31822873	0	0	0	3443	0	0.05	0	1273
22329685	-100	0	0	0	-100	0	0.099	0	
21273691	21274527	0	0	0	2513	0	0.042	0	1275
51126843	58108631	0	0	0	830	0	0.03	0	1276
46842118	46901745	0	0	0	2	0	0.021	0	128
21435339	21477525	0	0	0	2	0	0.03	0	1282
23026145	-100	0	0	0	-100	0	0.09	0	
45722157	59174298	0	0	0	625	0	0.031	0	1284
42771185	43046753	0	0	0	414	0	0.02	0	1285
21185336	23444693	0	0	0	1	0	0.028	0	1286
60916444	-100	0	0	0	-100	0	0.061	0	
25964504	53703529	0	0	0	7271	0	0.082	0	1289
30064401	30065418	0	0	0	3	0	0.02	0	129
10368180	-100	0	0	0	-100	0	0.081	0	
28360148	31675416	0	0	0	29	0	0.02	0	1291
11280277	30894636	0	0	0	5317	0	0.061	0	1292
19196923	33359284	0	0	0	114	0	0.03	0	1293
34898222	34903368	0	0	0	1	0	0.03	0	1294
10483349	16115102	0	0	0	1	0	0.018	0	1296
7726034	15383057	0	0	0	1	0	0.02	0	1297
10662314	16110859	0	0	0	1635	0	0.033	0	1298
29827948	29892116	0	0	0	4240	0	0.058	0	1299
48469441	48472163	0	0	0	100	0	0.03	0	13
49229558	49269338	0	0	0	64	0	0.023	0	130
51597297	51650023	0	0	0	1	0	0.02	0	1300
7885147	34008486	0	0	0	4241	0	0.05	0	1301
4959018	-100	0	0	0	-100	0	0.07	0	
32544646	36969907	0	0	0	58	0	0.015	0	1303
10706753	-100	0	0	0	-100	0	0.1	0	
12040245	31458536	0	0	0	20	0	0.016	0	1306
6085238	-100	0	0	0	-100	0	0.1	0	
9968976	18598953	0	0	0	21	0	0.038	0	1308
61873468	61900256	0	0	0	1	0	0.031	0	1309
35306306	35319824	0	0	0	31	0	0.016	0	131
21962452	21971447	0	0	0	30	0	0.031	0	1311
3932038	42707308	0	0	0	1649	0	0.038	0	1312
16070405	16072487	0	0	0	1	0	0.016	0	1313
25697358	-100	0	0	0	-100	0	0.069	0	
1195826	-100	0	0	0	-100	0	0.162	0	
11676476	12139934	0	0	0	9721	0	0.185	0	1317
5161055	5581023	0	0	0	32	0	0.016	0	1318
25755930	31220586	0	0	0	2	0	0.038	0	1319
41597604	41616407	0	0	0	3037	0	0.047	0	132
40901445	-100	0	0	0	-100	0	0.115	0	
20637248	34609967	0	0	0	6079	0	0.07	0	1321
2858014	45460273	0	0	0	1	0	0.031	0	1322
51387157	51546208	0	0	0	6365	0	0.069	0	1323
27532044	-100	0	0	0	-100	0	0.1	0	
45357806	45375409	0	0	0	115	0	0.016	0	1325
16289182	33887083	0	0	0	8388	0	0.1	0	1327
28500096	56622368	0	0	0	756	0	0.031	0	1329
30902906	44549464	0	0	0	111	0	0.022	0	133
35025145	43131595	0	0	0	1653	0	0.047	0	1330
8888516	-100	0	0	0	-100	0	0.116	0	
9506442	58504930	0	0	0	9128	0	0.169	0	1334
18647777	24231827	0	0	0	114	0	0.081	0	1335
9449184	27778559	0	0	0	2808	0	0.111	0	1336
21502181	-100	0	0	0	-100	0	0.116	0	
9096671	-100	0	0	0	-100	0	0.116	0	
56629367	56634463	0	0	0	22	0	0.022	0	1339
45265792	45266834	0	0	0	36	0	0.015	0	134
1630724	-100	0	0	0	-100	0	0.116	0	
37131569	43385119	0	0	0	1	0	0.032	0	1342
7883154	-100	0	0	0	-100	0	0.1	0	
12546365	-100	0	0	0	-100	0	0.085	0	
39694490	-100	0	0	0	-100	0	0.1	0	
49746686	49813500	0	0	0	1	0	0.015	0	1347
3744178	7299440	0	0	0	22	0	0.023	0	1348
9661469	9669411	0	0	0	37	0	0.031	0	1349
54701979	54737642	0	0	0	1666	0	0.069	0	135
34213765	36817423	0	0	0	4338	0	0.116	0	1351
6902087	-100	0	0	0	-100	0	0.147	0	
11301738	11606441	0	0	0	23	0	0.037	0	1353
10049602	10055602	0	0	0	1	0	0.032	0	1354
60330449	60556267	0	0	0	38	0	0.015	0	1355
11668904	37998364	0	0	0	2663	0	0.069	0	1356
34731975	49452857	0	0	0	887	0	0.032	0	1357
51269865	51386027	0	0	0	39	0	0.015	0	1358
48067906	-100	0	0	0	-100	0	0.085	0	
58677247	58793147	0	0	0	9	0	0.031	0	136
28579361	49967559	0	0	0	5	0	0.022	0	1360
17569309	-100	0	0	0	-100	0	0.063	0	
29775461	48774624	0	0	0	353	0	0.038	0	1362
32773617	56137091	0	0	0	6	0	0.015	0	1363
16846380	43211628	0	0	0	4	0	0.032	0	1364
7227976	40802404	0	0	0	749	0	0.031	0	1365
36033449	39507019	0	0	0	1754	0	0.053	0	1366
9071020	20562177	0	0	0	10	0	0.031	0	1367
36571864	38601794	0	0	0	5261	0	0.069	0	1368
38177908	38223003	0	0	0	8	0	0.032	0	137
39262534	-100	0	0	0	-100	0	0.084	0	
9558040	-100	0	0	0	-100	0	0.085	0	
25145982	55710990	0	0	0	89	0	0.031	0	1375
45549449	46319137	0	0	0	1184	0	0.038	0	1376
8153594	-100	0	0	0	-100	0	0.116	0	
14883925	14884346	0	0	0	40	0	0.031	0	138
17121390	17127645	0	0	0	1	0	0.016	0	1380
11846295	43696806	0	0	0	1152	0	0.038	0	1381
12018499	33079500	0	0	0	1	0	0.031	0	1382
12647774	-100	0	0	0	-100	0	0.1	0	
16626462	29696172	0	0	0	365	0	0.031	0	1385
10661295	-100	0	0	0	-100	0	0.101	0	
24705431	60151766	0	0	0	888	0	0.037	0	1388
22287498	23482036	0	0	0	359	0	0.016	0	1389
58370234	58375977	0	0	0	1	0	0.031	0	139
30540644	30541130	0	0	0	1399	0	0.031	0	1390
16196327	28261825	0	0	0	1	0	0.023	0	1392
17306695	17329288	0	0	0	1	0	0.015	0	1393
18093107	24953127	0	0	0	61	0	0.031	0	1394
4427234	9277363	0	0	0	42	0	0.016	0	1395
34345945	36255181	0	0	0	1	0	0.016	0	1396
28979857	34214859	0	0	0	1	0	0.022	0	1397
9851655	-100	0	0	0	-100	0	0.062	0	
60822398	60827811	0	0	0	11	0	0.032	0	1399
49517374	49521036	0	0	0	278	0	0.022	0	14
38971260	38976959	0	0	0	43	0	0.062	0	140
3681647	12252750	0	0	0	25	0	0.054	0	1400
12362176	-100	0	0	0	-100	0	0.084	0	
38540093	-100	0	0	0	-100	0	0.078	0	
30652116	-100	0	0	0	-100	0	0.085	0	
35525240	38277826	0	0	0	1380	0	0.038	0	1404
34522732	51885427	0	0	0	2	0	0.016	0	1405
25946047	-100	0	0	0	-100	0	0.069	0	
2409317	-100	0	0	0	-100	0	0.1	0	
47950817	47976994	0	0	0	352	0	0.031	0	1408
45824409	45826042	0	0	0	248	0	0.047	0	1409
55485704	55498710	0	0	0	444	0	0.022	0	141
5713713	23679925	0	0	0	27	0	0.031	0	1410
6216968	-100	0	0	0	-100	0	0.069	0	
6258004	-100	0	0	0	-100	0	0.063	0	
34096162	-100	0	0	0	-100	0	0.1	0	
4785933	5223113	0	0	0	412	0	0.031	0	1414
9965747	9968578	0	0	0	30	0	0.023	0	1415
7004710	-100	0	0	0	-100	0	0.078	0	
29102155	-100	0	0	0	-100	0	0.084	0	
2436688	17046336	0	0	0	7	0	0.023	0	1418
48713927	-100	0	0	0	-100	0	0.078	0	
28159143	-100	0	0	0	-100	0	0.1	0	
15059076	-100	0	0	0	-100	0	0.1	0	
36668078	-100	0	0	0	-100	0	0.085	0	
17761858	-100	0	0	0	-100	0	0.116	0	
15913417	16542994	0	0	0	5	0	0.022	0	1424
52606467	59248550	0	0	0	44	0	0.016	0	1425
35040579	35056668	0	0	0	1002	0	0.031	0	1426
21614443	-100	0	0	0	-100	0	0.069	0	
15502263	19410781	0	0	0	193	0	0.031	0	1428
52864035	-100	0	0	0	-100	0	0.233	0	
57937662	57946786	0	0	0	1040	0	0.043	0	1430
40596609	40636032	0	0	0	3	0	0.027	0	1431
48337624	48394545	0	0	0	1	0	0.026	0	1432
8161836	-100	0	0	0	-100	0	0.126	0	
8055508	24192428	0	0	0	4	0	0.022	0	1434
8197559	-100	0	0	0	-100	0	0.104	0	
9184969	-100	0	0	0	-100	0	0.088	0	
10431403	-100	0	0	0	-100	0	0.084	0	
36335498	42208566	0	0	0	346	0	0.026	0	1439
3650862	32637159	0	0	0	2	0	0.022	0	1440
17691036	33813972	0	0	0	22	0	0.023	0	1441
12464396	24949065	0	0	0	29	0	0.027	0	1442
27004167	36852821	0	0	0	186	0	0.051	0	1443
3443687	-100	0	0	0	-100	0	0.066	0	
15267018	15298359	0	0	0	1	0	0.031	0	1446
49676982	52431959	0	0	0	743	0	0.047	0	1448
1828206	-100	0	0	0	-100	0	0.069	0	
60062217	60728218	0	0	0	136	0	0.032	0	145
2193742	-100	0	0	0	-100	0	0.106	0	
16390221	31432176	0	0	0	767	0	0.032	0	1452
47850921	51759893	0	0	0	5	0	0.031	0	1453
10939516	-100	0	0	0	-100	0	0.053	0	
5208679	-100	0	0	0	-100	0	0.101	0	
18881073	28576729	0	0	0	4816	0	0.062	0	1456
11940605	28094645	0	0	0	6	0	0.053	0	1457
1401904	-100	0	0	0	-100	0	0.069	0	
25693082	-100	0	0	0	-100	0	0.132	0	
9378482	-100	0	0	0	-100	0	0.069	0	
28748046	28761809	0	0	0	9332	0	0.1	0	1461
14983805	29100911	0	0	0	1	0	0.016	0	1462
9508747	-100	0	0	0	-100	0	0.078	0	
43251214	61868853	0	0	0	3	0	0.022	0	1465
52932440	52933667	0	0	0	47	0	0.016	0	1467
33117997	33143257	0	0	0	502	0	0.031	0	1468
52338580	52339226	0	0	0	511	0	0.031	0	147
26123516	41670314	0	0	0	10	0	0.022	0	148
23077125	-100	0	0	0	-100	0	0.063	0	
29980426	-100	0	0	0	-100	0	0.116	0	
18171246	-100	0	0	0	-100	0	0.085	0	
29241492	-100	0	0	0	-100	0	0.053	0	
1395577	5182238	0	0	0	140	0	0.031	0	1485
18287981	25069798	0	0	0	48	0	0.016	0	1486
15059093	-100	0	0	0	-100	0	0.085	0	
22003683	22022772	0	0	0	624	0	0.031	0	1488
29624895	29629049	0	0	0	52	0	0.022	0	1489
45259737	51045709	0	0	0	7	0	0.016	0	149
2643939	15968494	0	0	0	8056	0	0.084	0	1490
9871106	9874512	0	0	0	911	0	0.047	0	1491
11979017	12096492	0	0	0	30	0	0.016	0	1493
12514612	27690729	0	0	0	31	0	0.022	0	1494
19404270	43095645	0	0	0	61	0	0.031	0	1495
18511249	21618556	0	0	0	238	0	0.016	0	1496
27953588	49570793	0	0	0	6	0	0.015	0	1497
24070714	-100	0	0	0	-100	0	0.101	0	
50858296	50860018	0	0	0	1200	0	0.053	0	1499
27497068	27507448	0	0	0	1	0	0.047	0	15
51551082	51603769	0	0	0	21	0	0.031	0	150
21760298	21764361	0	0	0	8	0	0.022	0	1500
38109501	39337862	0	0	0	90	0	0.016	0	1502
17808575	-100	0	0	0	-100	0	0.069	0	
12019638	12023403	0	0	0	13	0	0.031	0	1505
10035551	11393123	0	0	0	32	0	0.016	0	1506
10438969	46712379	0	0	0	6962	0	0.084	0	1508
59153010	59187457	0	0	0	1	0	0.032	0	151
15660954	15730793	0	0	0	73	0	0.015	0	1510
19470426	-100	0	0	0	-100	0	0.101	0	
36040542	38900293	0	0	0	1168	0	0.037	0	1514
8096313	-100	0	0	0	-100	0	0.063	0	
13106645	-100	0	0	0	-100	0	0.1	0	
24536154	27125672	0	0	0	314	0	0.022	0	1518
46857193	-100	0	0	0	-100	0	0.079	0	
25905144	41589266	0	0	0	1183	0	0.022	0	152
5251507	-100	0	0	0	-100	0	0.1	0	
18487369	51901813	0	0	0	1313	0	0.047	0	1521
27637455	-100	0	0	0	-100	0	0.084	0	
9917049	34496000	0	0	0	35	0	0.016	0	1525
13703344	14687326	0	0	0	2	0	0.031	0	1526
12584704	12599684	0	0	0	1	0	0.022	0	1527
16255579	-100	0	0	0	-100	0	0.101	0	
57935571	-100	0	0	0	-100	0	0.1	0	
48142634	-100	0	0	0	-100	0	0.078	0	
5980240	-100	0	0	0	-100	0	0.101	0	
30460410	30560689	0	0	0	1	0	0.022	0	1532
42469003	42491624	0	0	0	9	0	0.015	0	1533
47934438	48104724	0	0	0	1349	0	0.047	0	1534
16284766	-100	0	0	0	-100	0	0.085	0	
26291988	31721023	0	0	0	2976	0	0.053	0	1536
1189759	-100	0	0	0	-100	0	0.078	0	
15034471	15042418	0	0	0	9	0	0.022	0	1538
5352099	21509346	0	0	0	623	0	0.016	0	1539
56530842	56532527	0	0	0	124	0	0.031	0	154
1848331	6099243	0	0	0	714	0	0.032	0	1540
7963393	27153974	0	0	0	1170	0	0.022	0	1541
44616530	52554822	0	0	0	363	0	0.031	0	1542
23840523	-100	0	0	0	-100	0	0.063	0	
18989001	-100	0	0	0	-100	0	0.084	0	
26917689	-100	0	0	0	-100	0	0.085	0	
3099219	54413787	0	0	0	217	0	0.022	0	1553
5106782	-100	0	0	0	-100	0	0.085	0	
22569176	57457590	0	0	0	135	0	0.031	0	1556
38372906	39330299	0	0	0	892	0	0.031	0	1557
8389913	8390943	0	0	0	52	0	0.016	0	1558
8843700	32499520	0	0	0	273	0	0.022	0	156
26519172	47044068	0	0	0	307	0	0.031	0	1564
1815606	3452086	0	0	0	32	0	0.016	0	1568
27264266	27296022	0	0	0	1	0	0.031	0	1569
47405422	52335837	0	0	0	1	0	0.022	0	157
30006822	-100	0	0	0	-100	0	0.079	0	
19253820	-100	0	0	0	-100	0	0.053	0	
29793398	50070741	0	0	0	37	0	0.031	0	1572
9315258	-100	0	0	0	-100	0	0.1	0	
5226807	7993722	0	0	0	38	0	0.032	0	1575
3864535	-100	0	0	0	-100	0	0.069	0	
18406991	20432635	0	0	0	39	0	0.038	0	1579
26706159	30513616	0	0	0	9	0	0.015	0	158
5465314	8251306	0	0	0	1	0	0.016	0	1582
26477679	26491934	0	0	0	3636	0	0.069	0	1583
30671958	-100	0	0	0	-100	0	0.094	0	
5415132	40391272	0	0	0	40	0	0.016	0	1585
28574757	-100	0	0	0	-100	0	0.084	0	
24904683	41918861	0	0	0	1	0	0.032	0	1587
11275187	11300048	0	0	0	1147	0	0.031	0	1588
55550126	56099758	0	0	0	184	0	0.038	0	1589
52334944	58713038	0	0	0	15	0	0.031	0	159
13167531	39446852	0	0	0	6190	0	0.085	0	1591
16253789	16315581	0	0	0	7199	0	0.131	0	1592
15625990	28032846	0	0	0	4336	0	0.069	0	1593
29583849	42723141	0	0	0	2522	0	0.047	0	1594
31458051	31463445	0	0	0	2	0	0.031	0	1596
45351663	-100	0	0	0	-100	0	0.079	0	
20039335	20076511	0	0	0	11	0	0.028	0	1598
45405167	61117221	0	0	0	554	0	0.031	0	1599
33263759	33284951	0	0	0	145	0	0.016	0	16
52334683	52382354	0	0	0	1195	0	0.031	0	160
34865789	44362281	0	0	0	9521	0	0.1	0	1600
28889057	29658627	0	0	0	4522	0	0.069	0	1603
7864931	10758965	0	0	0	142	0	0.016	0	1604
6558921	6933598	0	0	0	83	0	0.015	0	1606
12925063	-100	0	0	0	-100	0	0.101	0	
11433432	-100	0	0	0	-100	0	0.084	0	
22945651	-100	0	0	0	-100	0	0.101	0	
52858332	-100	0	0	0	-100	0	0.1	0	
32999460	-100	0	0	0	-100	0	0.071	0	
21295936	21644848	0	0	0	5399	0	0.063	0	1611
57253488	57672160	0	0	0	232	0	0.035	0	1612
2547402	45460859	0	0	0	4331	0	0.069	0	1616
6675066	-100	0	0	0	-100	0	0.078	0	
4227223	4512465	0	0	0	1	0	0.038	0	1619
31381066	32411080	0	0	0	1	0	0.016	0	162
7611169	-100	0	0	0	-100	0	0.1	0	
12786335	-100	0	0	0	-100	0	0.1	0	
7355187	12307139	0	0	0	4	0	0.032	0	1626
1535021	-100	0	0	0	-100	0	0.053	0	
2899581	5510966	0	0	0	58	0	0.031	0	1629
38440350	38441722	0	0	0	66	0	0.016	0	163
8091303	-100	0	0	0	-100	0	0.116	0	
25137444	25143428	0	0	0	1	0	0.022	0	1631
9555889	-100	0	0	0	-100	0	0.062	0	
7854433	37571154	0	0	0	1063	0	0.038	0	1633
3606697	-100	0	0	0	-100	0	0.101	0	
11214012	27028825	0	0	0	43	0	0.015	0	1635
31690007	42151880	0	0	0	44	0	0.031	0	1636
15875786	29790915	0	0	0	29	0	0.047	0	1637
36478278	47519624	0	0	0	45	0	0.022	0	164
11020437	-100	0	0	0	-100	0	0.085	0	
1299871	38066077	0	0	0	315	0	0.047	0	1647
17638090	-100	0	0	0	-100	0	0.069	0	
22133577	-100	0	0	0	-100	0	0.063	0	
56817353	-100	0	0	0	-100	0	0.1	0	
26003574	57123813	0	0	0	5580	0	0.069	0	1650
2894775	-100	0	0	0	-100	0	0.084	0	
25866788	47171585	0	0	0	1497	0	0.047	0	1652
7901925	7903972	0	0	0	67	0	0.038	0	1653
7549694	-100	0	0	0	-100	0	0.1	0	
12409960	-100	0	0	0	-100	0	0.087	0	
10525957	-100	0	0	0	-100	0	0.08	0	
14124373	-100	0	0	0	-100	0	0.109	0	
59184868	59192861	0	0	0	63	0	0.022	0	166
5671719	-100	0	0	0	-100	0	0.061	0	
6644997	18994631	0	0	0	941	0	0.03	0	1661
8751497	-100	0	0	0	-100	0	0.071	0	
22305444	32492667	0	0	0	181	0	0.02	0	1664
35651669	-100	0	0	0	-100	0	0.101	0	
20600900	20622332	0	0	0	48	0	0.02	0	1667
29360182	29361182	0	0	0	67	0	0.03	0	1668
3302356	-100	0	0	0	-100	0	0.111	0	
58159645	-100	0	0	0	-100	0	0.07	0	
4126326	26273892	0	0	0	6507	0	0.081	0	1670
3505701	-100	0	0	0	-100	0	0.081	0	
11562656	-100	0	0	0	-100	0	0.094	0	
23261760	26794236	0	0	0	1472	0	0.047	0	1674
18720036	-100	0	0	0	-100	0	0.053	0	
2247045	-100	0	0	0	-100	0	0.063	0	
43515925	43518958	0	0	0	1	0	0.037	0	1679
45779447	45859005	0	0	0	1195	0	0.032	0	168
5453336	-100	0	0	0	-100	0	0.053	0	
9198637	-100	0	0	0	-100	0	0.078	0	
12448428	-100	0	0	0	-100	0	0.1	0	
14680075	-100	0	0	0	-100	0	0.085	0	
5963269	-100	0	0	0	-100	0	0.116	0	
44728704	-100	0	0	0	-100	0	0.053	0	
20941744	20950880	0	0	0	287	0	0.032	0	17
28006813	28213620	0	0	0	60	0	0.015	0	170
58878544	-100	0	0	0	-100	0	0.116	0	
39746947	39833768	0	0	0	6	0	0.022	0	172
41052687	51594999	0	0	0	6958	0	0.101	0	173
19858729	60757051	0	0	0	4	0	0.015	0	174
34764830	38534383	0	0	0	4870	0	0.069	0	175
36110331	-100	0	0	0	-100	0	0.063	0	
58131498	58132035	0	0	0	5	0	0.015	0	177
50229410	50231104	0	0	0	1	0	0.023	0	178
8023315	-100	0	0	0	-100	0	0.062	0	
45321041	45322657	0	0	0	252	0	0.016	0	18
52193105	53678412	0	0	0	55	0	0.037	0	180
57867429	57870092	0	0	0	1	0	0.016	0	181
50838664	50854067	0	0	0	49	0	0.031	0	182
60450608	60561129	0	0	0	6	0	0.032	0	183
46295687	55735530	0	0	0	1	0	0.022	0	184
19895107	34539408	0	0	0	13	0	0.015	0	185
46818951	46839455	0	0	0	1	0	0.032	0	186
40789601	-100	0	0	0	-100	0	0.069	0	
31089205	31092962	0	0	0	831	0	0.031	0	188
48128383	-100	0	0	0	-100	0	0.078	0	
53971364	-100	0	0	0	-100	0	0.062	0	
33447901	33472328	0	0	0	1	0	0.031	0	190
54943418	54950917	0	0	0	1	0	0.02	0	191
15097497	-100	0	0	0	-100	0	0.091	0	
17718842	17719480	0	0	0	14	0	0.02	0	193
44457243	44473379	0	0	0	1	0	0.03	0	194
37924896	-100	0	0	0	-100	0	0.06	0	
58611777	58613149	0	0	0	5497	0	0.061	0	196
44697183	44718072	0	0	0	48	0	0.03	0	197
13577918	-100	0	0	0	-100	0	0.061	0	
59397169	-100	0	0	0	-100	0	0.068	0	
30918550	-100	0	0	0	-100	0	0.091	0	
36669528	36673576	0	0	0	131	0	0.022	0	20
18694281	-100	0	0	0	-100	0	0.06	0	
48651010	59396848	0	0	0	1	0	0.028	0	201
50483582	50487229	0	0	0	1	0	0.031	0	202
43970831	47822694	0	0	0	1250	0	0.032	0	203
47074159	47080518	0	0	0	1515	0	0.04	0	204
57820798	57864965	0	0	0	2	0	0.03	0	205
52840058	-100	0	0	0	-100	0	0.061	0	
47537760	47596739	0	0	0	15	0	0.02	0	207
37110555	37133471	0	0	0	142	0	0.03	0	209
37193380	37200885	0	0	0	3	0	0.02	0	21
43990569	-100	0	0	0	-100	0	0.069	0	
36620585	39207125	0	0	0	446	0	0.02	0	211
55721820	55724880	0	0	0	50	0	0.03	0	212
43435385	47071014	0	0	0	1	0	0.022	0	213
44973544	45015794	0	0	0	4491	0	0.059	0	214
57031898	57294988	0	0	0	60	0	0.03	0	215
57101282	57293986	0	0	0	7027	0	0.093	0	216
53099087	53130611	0	0	0	34	0	0.02	0	217
9058728	9059726	0	0	0	1648	0	0.03	0	218
51000699	51090065	0	0	0	3	0	0.03	0	219
31949659	31950166	0	0	0	1	0	0.02	0	22
57029872	-100	0	0	0	-100	0	0.071	0	
13812373	34221612	0	0	0	412	0	0.02	0	221
38348097	45493545	0	0	0	1287	0	0.061	0	222
26618951	26621092	0	0	0	27	0	0.03	0	223
56503342	56515650	0	0	0	893	0	0.03	0	224
20343611	-100	0	0	0	-100	0	0.109	0	
52576686	52832970	0	0	0	2	0	0.02	0	226
16132625	16152161	0	0	0	16	0	0.022	0	227
48454816	48638350	0	0	0	6270	0	0.071	0	228
49435594	58598873	0	0	0	57	0	0.03	0	229
30113308	30115455	0	0	0	1239	0	0.03	0	23
53618077	53648755	0	0	0	131	0	0.02	0	230
26354768	26359909	0	0	0	3	0	0.028	0	231
38675292	38682488	0	0	0	62	0	0.013	0	232
31092005	35266730	0	0	0	67	0	0.03	0	233
41608294	41628450	0	0	0	4	0	0.02	0	234
21895585	-100	0	0	0	-100	0	0.06	0	
59119580	59158870	0	0	0	1	0	0.021	0	236
35322815	-100	0	0	0	-100	0	0.07	0	
41817623	-100	0	0	0	-100	0	0.079	0	
59380554	59395052	0	0	0	1	0	0.022	0	239
50048754	61046041	0	0	0	2	0	0.03	0	24
11650996	11669945	0	0	0	20	0	0.02	0	240
25876755	-100	0	0	0	-100	0	0.07	0	
54661129	54661698	0	0	0	63	0	0.02	0	244
21630406	-100	0	0	0	-100	0	0.091	0	
45222720	45251117	0	0	0	19	0	0.02	0	248
46643184	46650208	0	0	0	1	0	0.02	0	249
5749252	5761576	0	0	0	184	0	0.029	0	25
57563989	59233401	0	0	0	7405	0	0.08	0	250
7473067	7486450	0	0	0	1	0	0.022	0	251
59639543	59653531	0	0	0	27	0	0.018	0	252
44434739	44456676	0	0	0	67	0	0.023	0	253
21917358	21923028	0	0	0	4257	0	0.05	0	254
43981187	-100	0	0	0	-100	0	0.06	0	
43712843	-100	0	0	0	-100	0	0.061	0	
60948668	61501935	0	0	0	2760	0	0.048	0	257
25056597	25076293	0	0	0	141	0	0.023	0	258
59113457	59117165	0	0	0	1	0	0.02	0	259
15431924	15447622	0	0	0	142	0	0.03	0	26
31063959	31125693	0	0	0	428	0	0.02	0	260
38782051	60423973	0	0	0	114	0	0.03	0	261
12975794	12976569	0	0	0	64	0	0.02	0	262
48627287	48659095	0	0	0	9	0	0.021	0	263
52086833	-100	0	0	0	-100	0	0.06	0	
54000814	-100	0	0	0	-100	0	0.069	0	
23217681	24542583	0	0	0	2	0	0.012	0	266
9829424	9840509	0	0	0	408	0	0.03	0	267
37878693	37881270	0	0	0	292	0	0.02	0	268
56490797	56491759	0	0	0	1	0	0.03	0	269
58685422	58689515	0	0	0	658	0	0.031	0	27
53701824	53869307	0	0	0	1	0	0.02	0	270
34994790	35006572	0	0	0	217	0	0.028	0	271
36041601	36043244	0	0	0	935	0	0.03	0	272
52558238	52652934	0	0	0	4040	0	0.063	0	273
42974231	-100	0	0	0	-100	0	0.089	0	
47315053	47319479	0	0	0	3309	0	0.05	0	275
28964929	28988004	0	0	0	1760	0	0.042	0	276
46266078	-100	0	0	0	-100	0	0.061	0	
42595256	-100	0	0	0	-100	0	0.1	0	
19787909	19792110	0	0	0	65	0	0.019	0	279
43480866	43481085	0	0	0	1	0	0.022	0	28
57601875	57798411	0	0	0	2	0	0.02	0	280
39779573	39792781	0	0	0	1326	0	0.059	0	281
33251264	-100	0	0	0	-100	0	0.147	0	
15591880	16694587	0	0	0	202	0	0.038	0	283
15591704	15593537	0	0	0	1	0	0.016	0	284
23017552	23035841	0	0	0	115	0	0.031	0	285
54906090	54912421	0	0	0	23	0	0.031	0	286
43660562	45212781	0	0	0	1	0	0.022	0	287
56484967	56496925	0	0	0	1	0	0.016	0	288
30560405	31347470	0	0	0	144	0	0.031	0	289
47183558	-100	0	0	0	-100	0	0.085	0	
9298765	-100	0	0	0	-100	0	0.069	0	
44030594	44094497	0	0	0	4	0	0.031	0	295
44721152	-100	0	0	0	-100	0	0.085	0	
47570984	47590287	0	0	0	1138	0	0.031	0	297
38133485	38192010	0	0	0	979	0	0.038	0	298
40538304	-100	0	0	0	-100	0	0.094	0	
41925706	41936951	0	0	0	213	0	0.022	0	3
37450698	55560381	0	0	0	132	0	0.015	0	30
11394091	-100	0	0	0	-100	0	0.101	0	
47044939	47048035	0	0	0	3	0	0.015	0	301
34020079	50452750	0	0	0	518	0	0.032	0	302
42587758	42588378	0	0	0	4259	0	0.053	0	303
57529808	57577735	0	0	0	723	0	0.031	0	304
54426953	54465075	0	0	0	894	0	0.038	0	306
49115813	-100	0	0	0	-100	0	0.062	0	
31838855	-100	0	0	0	-100	0	0.069	0	
25109672	25547152	0	0	0	17	0	0.016	0	309
37974317	-100	0	0	0	-100	0	0.247	0	
47083455	-100	0	0	0	-100	0	0.11	0	
35075215	35118287	0	0	0	32	0	0.054	0	311
44419857	44802712	0	0	0	4	0	0.031	0	312
16201906	43896337	0	0	0	710	0	0.031	0	313
33015823	34983149	0	0	0	7	0	0.022	0	314
31796914	40225786	0	0	0	1409	0	0.047	0	315
8539303	8540143	0	0	0	67	0	0.016	0	316
32885570	-100	0	0	0	-100	0	0.069	0	
34286905	45206286	0	0	0	306	0	0.031	0	318
15421130	23792137	0	0	0	12	0	0.038	0	319
39808631	39832436	0	0	0	742	0	0.031	0	32
22661397	22788870	0	0	0	263	0	0.031	0	320
44295144	-100	0	0	0	-100	0	0.101	0	
25020092	36671531	0	0	0	4261	0	0.053	0	322
28461220	28474903	0	0	0	6091	0	0.078	0	323
8899096	14271584	0	0	0	1564	0	0.022	0	324
59360232	59376487	0	0	0	79	0	0.032	0	325
31837419	-100	0	0	0	-100	0	0.084	0	
51494868	51495838	0	0	0	733	0	0.031	0	327
52281220	52300914	0	0	0	1	0	0.016	0	328
32181742	38335734	0	0	0	3086	0	0.053	0	329
52127834	52128944	0	0	0	70	0	0.016	0	33
33442362	59212970	0	0	0	13	0	0.031	0	330
22396234	26952232	0	0	0	71	0	0.016	0	331
18706182	18726155	0	0	0	1803	0	0.038	0	332
32686195	55163719	0	0	0	5	0	0.031	0	334
56736475	56768930	0	0	0	72	0	0.016	0	335
57332088	61979235	0	0	0	7046	0	0.222	0	336
50752133	-100	0	0	0	-100	0	0.078	0	
50273919	50290782	0	0	0	1	0	0.023	0	338
34454034	-100	0	0	0	-100	0	0.078	0	
46360218	46361342	0	0	0	992	0	0.022	0	34
45873483	60930523	0	0	0	70	0	0.031	0	340
19054092	33989595	0	0	0	814	0	0.047	0	341
52803902	52814300	0	0	0	1	0	0.022	0	342
34266186	37861578	0	0	0	103	0	0.016	0	343
55686910	55688698	0	0	0	57	0	0.031	0	344
39023962	-100	0	0	0	-100	0	0.085	0	
23309687	49146550	0	0	0	2215	0	0.031	0	348
10859858	10861278	0	0	0	444	0	0.031	0	349
55535021	55537032	0	0	0	75	0	0.022	0	35
31044922	-100	0	0	0	-100	0	0.063	0	
2732397	37129926	0	0	0	2574	0	0.038	0	351
42578273	42596449	0	0	0	419	0	0.031	0	352
29902891	29905071	0	0	0	225	0	0.015	0	353
51486048	51506312	0	0	0	2	0	0.032	0	354
44591583	-100	0	0	0	-100	0	0.053	0	
44411575	56254631	0	0	0	131	0	0.031	0	356
29529021	29543785	0	0	0	68	0	0.023	0	357
44158882	44538939	0	0	0	76	0	0.031	0	358
45721802	-100	0	0	0	-100	0	0.069	0	
44262563	44279773	0	0	0	6093	0	0.078	0	36
24242704	24257271	0	0	0	77	0	0.022	0	360
29601156	30047010	0	0	0	895	0	0.031	0	361
56597412	56598005	0	0	0	6094	0	0.116	0	362
60925357	-100	0	0	0	-100	0	0.1	0	
27965291	47818188	0	0	0	58	0	0.032	0	364
31365768	33400250	0	0	0	287	0	0.022	0	365
45458787	-100	0	0	0	-100	0	0.078	0	
30778718	-100	0	0	0	-100	0	0.1	0	
19920281	29992066	0	0	0	17	0	0.022	0	368
31045512	31564834	0	0	0	1	0	0.032	0	369
59204544	59242628	0	0	0	7419	0	0.129	0	37
44005847	44147299	0	0	0	1	0	0.04	0	370
45720125	49509228	0	0	0	5	0	0.015	0	371
52535696	-100	0	0	0	-100	0	0.063	0	
49140030	-100	0	0	0	-100	0	0.122	0	
49013393	51078004	0	0	0	6	0	0.016	0	38
39166027	39173002	0	0	0	358	0	0.031	0	380
34054287	-100	0	0	0	-100	0	0.135	0	
53059075	53060304	0	0	0	6	0	0.034	0	382
23961022	23969411	0	0	0	6086	0	0.085	0	383
27368770	-100	0	0	0	-100	0	0.116	0	
23436577	23833294	0	0	0	18	0	0.015	0	385
60660622	-100	0	0	0	-100	0	0.101	0	
20290069	20291599	0	0	0	491	0	0.031	0	387
16474179	16667247	0	0	0	381	0	0.031	0	388
47552930	47625279	0	0	0	1	0	0.022	0	389
42426970	42461697	0	0	0	109	0	0.016	0	39
16902902	16906751	0	0	0	934	0	0.031	0	391
53697235	-100	0	0	0	-100	0	0.085	0	
22386555	56322590	0	0	0	17	0	0.047	0	393
15046111	15069078	0	0	0	190	0	0.022	0	394
33920330	34061912	0	0	0	23	0	0.015	0	395
52532428	57655036	0	0	0	1080	0	0.047	0	396
16880627	21613467	0	0	0	1116	0	0.022	0	397
25330753	41551216	0	0	0	334	0	0.032	0	399
23836169	-100	0	0	0	-100	0	0.062	0	
55284306	-100	0	0	0	-100	0	0.107	0	
50958860	-100	0	0	0	-100	0	0.078	0	
23327746	23329178	0	0	0	81	0	0.022	0	401
58298622	58355299	0	0	0	82	0	0.016	0	402
48336742	48339884	0	0	0	8611	0	0.084	0	403
44666715	44688711	0	0	0	19	0	0.032	0	404
15044342	-100	0	0	0	-100	0	0.084	0	
33748871	33750235	0	0	0	61	0	0.016	0	406
21596906	-100	0	0	0	-100	0	0.085	0	
44786138	44787310	0	0	0	1889	0	0.047	0	41
35866379	36014676	0	0	0	740	0	0.037	0	410
25020788	-100	0	0	0	-100	0	0.063	0	
45975959	56027198	0	0	0	2	0	0.031	0	412
13272612	43616480	0	0	0	15	0	0.022	0	413
53053598	53059211	0	0	0	1263	0	0.031	0	414
14827853	14870400	0	0	0	1356	0	0.047	0	415
53799909	53952083	0	0	0	2295	0	0.054	0	416
5913006	7280421	0	0	0	29	0	0.05	0	418
33954292	-100	0	0	0	-100	0	0.103	0	
43731301	43737524	0	0	0	895	0	0.031	0	42
61702762	-100	0	0	0	-100	0	0.069	0	
15670151	-100	0	0	0	-100	0	0.063	0	
40250072	40250691	0	0	0	73	0	0.015	0	423
9023256	14058832	0	0	0	645	0	0.038	0	424
47284664	47858957	0	0	0	1	0	0.032	0	425
19234796	-100	0	0	0	-100	0	0.1	0	
15162741	-100	0	0	0	-100	0	0.053	0	
42864262	-100	0	0	0	-100	0	0.094	0	
54623575	54624083	0	0	0	1	0	0.022	0	429
45572226	45579541	0	0	0	1	0	0.016	0	43
46747475	46759058	0	0	0	52	0	0.031	0	430
45448169	45576820	0	0	0	20	0	0.016	0	431
61979426	61993479	0	0	0	1	0	0.037	0	432
56615319	56720250	0	0	0	896	0	0.032	0	433
35224338	35234038	0	0	0	1	0	0.031	0	434
37059281	37071001	0	0	0	22	0	0.016	0	435
29981195	-100	0	0	0	-100	0	0.106	0	
37059404	42826234	0	0	0	733	0	0.047	0	437
56981960	56990956	0	0	0	669	0	0.031	0	438
22116489	-100	0	0	0	-100	0	0.101	0	
31955051	38493318	0	0	0	64	0	0.022	0	44
57427059	-100	0	0	0	-100	0	0.078	0	
12416880	12523548	0	0	0	83	0	0.022	0	441
58648886	-100	0	0	0	-100	0	0.1	0	
41783245	44398360	0	0	0	30	0	0.032	0	443
31815294	-100	0	0	0	-100	0	0.084	0	
49640909	49711972	0	0	0	2	0	0.032	0	445
19791917	-100	0	0	0	-100	0	0.1	0	
23252231	24501245	0	0	0	1	0	0.015	0	447
47446458	-100	0	0	0	-100	0	0.116	0	
28480625	38367392	0	0	0	71	0	0.022	0	449
38230957	-100	0	0	0	-100	0	0.101	0	
31868370	31900708	0	0	0	8	0	0.015	0	450
14926672	26045999	0	0	0	7865	0	0.085	0	451
11365857	27205610	0	0	0	6961	0	0.078	0	452
28725115	28730387	0	0	0	69	0	0.022	0	453
61967678	61991055	0	0	0	3515	0	0.063	0	454
45968501	45983949	0	0	0	2	0	0.031	0	455
43694637	43706199	0	0	0	16	0	0.022	0	459
58938992	58957189	0	0	0	1	0	0.016	0	46
37579756	-100	0	0	0	-100	0	0.1	0	
61958925	62012913	0	0	0	7	0	0.031	0	461
10840741	-100	0	0	0	-100	0	0.069	0	
8743556	-100	0	0	0	-100	0	0.1	0	
51320621	54880869	0	0	0	1	0	0.032	0	464
52521310	52533132	0	0	0	3	0	0.015	0	465
4559175	-100	0	0	0	-100	0	0.054	0	
31286965	33262480	0	0	0	1	0	0.031	0	467
34230391	34694775	0	0	0	713	0	0.038	0	468
50685421	50687588	0	0	0	5	0	0.015	0	469
13063273	13063605	0	0	0	1014	0	0.047	0	47
7169202	7756604	0	0	0	72	0	0.016	0	470
16111242	19894471	0	0	0	3097	0	0.038	0	471
54879274	55032275	0	0	0	33	0	0.031	0	472
25340847	44486551	0	0	0	6288	0	0.069	0	473
33505541	-100	0	0	0	-100	0	0.078	0	
49762128	51753158	0	0	0	145	0	0.022	0	475
1400937	8321081	0	0	0	4	0	0.047	0	476
36790376	36950037	0	0	0	6995	0	0.1	0	477
61783029	61793558	0	0	0	87	0	0.016	0	478
49109933	49111594	0	0	0	897	0	0.038	0	479
29833571	29834397	0	0	0	106	0	0.031	0	48
47274691	47429271	0	0	0	520	0	0.016	0	480
26403919	27672134	0	0	0	1	0	0.031	0	481
33787624	-100	0	0	0	-100	0	0.1	0	
25516365	-100	0	0	0	-100	0	0.085	0	
54033510	54089471	0	0	0	3	0	0.022	0	484
37195322	-100	0	0	0	-100	0	0.062	0	
57759059	57779014	0	0	0	1	0	0.038	0	486
27866705	27874548	0	0	0	183	0	0.016	0	487
19686892	25936484	0	0	0	32	0	0.031	0	488
55675591	55676436	0	0	0	1	0	0.016	0	489
32723761	44003391	0	0	0	1	0	0.015	0	49
60132869	-100	0	0	0	-100	0	0.069	0	
52675487	52682271	0	0	0	66	0	0.016	0	491
22893028	22893290	0	0	0	9	0	0.031	0	492
8998884	-100	0	0	0	-100	0	0.054	0	
58021216	58083701	0	0	0	1	0	0.031	0	494
44930704	-100	0	0	0	-100	0	0.084	0	
24626769	-100	0	0	0	-100	0	0.101	0	
23678494	26332489	0	0	0	598	0	0.037	0	499
60797216	60811581	0	0	0	6251	0	0.116	0	5
48052270	48055272	0	0	0	898	0	0.047	0	50
6901238	6981631	0	0	0	450	0	0.038	0	500
34704733	35491015	0	0	0	1	0	0.016	0	501
36260816	36277222	0	0	0	1110	0	0.084	0	502
48056851	48072338	0	0	0	1	0	0.016	0	503
58531982	58542413	0	0	0	1	0	0.031	0	504
17385801	17393108	0	0	0	1	0	0.031	0	505
47444012	49366830	0	0	0	8394	0	0.085	0	506
49628570	-100	0	0	0	-100	0	0.085	0	
10306831	-100	0	0	0	-100	0	0.084	0	
10306474	-100	0	0	0	-100	0	0.063	0	
51335424	51338784	0	0	0	59	0	0.022	0	51
30491545	48634449	0	0	0	4	0	0.016	0	510
36520813	44143423	0	0	0	3830	0	0.062	0	511
53033225	-100	0	0	0	-100	0	0.1	0	
35330207	35471802	0	0	0	8119	0	0.101	0	513
33237264	-100	0	0	0	-100	0	0.053	0	
37719503	37830819	0	0	0	4537	0	0.069	0	515
43654787	60112609	0	0	0	90	0	0.016	0	516
27606380	-100	0	0	0	-100	0	0.1	0	
16397526	-100	0	0	0	-100	0	0.085	0	
31538038	31585708	0	0	0	9	0	0.046	0	519
13871818	-100	0	0	0	-100	0	0.07	0	
55168485	55393013	0	0	0	277	0	0.031	0	520
13088770	43596486	0	0	0	1	0	0.031	0	521
40689434	40713096	0	0	0	7744	0	0.085	0	522
24195255	24197181	0	0	0	144	0	0.037	0	523
59825843	-100	0	0	0	-100	0	0.116	0	
56702965	56704121	0	0	0	92	0	0.016	0	525
37266143	37301838	0	0	0	93	0	0.016	0	526
44190450	48838222	0	0	0	529	0	0.031	0	527
25640114	36779537	0	0	0	201	0	0.022	0	528
60878248	60896726	0	0	0	1	0	0.031	0	529
57363854	-100	0	0	0	-100	0	0.069	0	
25245076	25276758	0	0	0	3	0	0.031	0	530
10826357	10851976	0	0	0	218	0	0.032	0	531
19214914	-100	0	0	0	-100	0	0.1	0	
24195562	24207457	0	0	0	3	0	0.024	0	533
58798091	58802355	0	0	0	1457	0	0.04	0	534
48657034	48836376	0	0	0	4269	0	0.05	0	535
7943695	-100	0	0	0	-100	0	0.069	0	
29174774	29286588	0	0	0	60	0	0.015	0	537
4794859	32206608	0	0	0	1	0	0.016	0	538
11672050	22528625	0	0	0	95	0	0.016	0	539
15960129	28789767	0	0	0	2215	0	0.053	0	54
19474552	29235114	0	0	0	60	0	0.016	0	540
61417517	61467044	0	0	0	257	0	0.031	0	541
19748205	-100	0	0	0	-100	0	0.1	0	
35799426	-100	0	0	0	-100	0	0.085	0	
52242044	52401049	0	0	0	95	0	0.015	0	547
56960608	56972840	0	0	0	5419	0	0.07	0	548
17750893	17751862	0	0	0	3969	0	0.046	0	549
51071941	51072873	0	0	0	1	0	0.016	0	55
21651978	37667335	0	0	0	890	0	0.038	0	550
21045866	-100	0	0	0	-100	0	0.1	0	
40182340	40185121	0	0	0	131	0	0.016	0	553
53813758	60436142	0	0	0	1319	0	0.047	0	554
32206623	-100	0	0	0	-100	0	0.084	0	
26667162	36511909	0	0	0	4	0	0.031	0	557
31268826	31301694	0	0	0	1	0	0.023	0	558
24767751	-100	0	0	0	-100	0	0.062	0	
27787116	41634744	0	0	0	19	0	0.022	0	56
45948534	53569414	0	0	0	5	0	0.016	0	560
40557147	44961347	0	0	0	661	0	0.031	0	561
8889554	-100	0	0	0	-100	0	0.069	0	
12468574	26025430	0	0	0	1	0	0.016	0	563
50237076	50256439	0	0	0	5160	0	0.084	0	564
26449666	37651470	0	0	0	4	0	0.016	0	565
33501032	41941523	0	0	0	2147	0	0.047	0	568
10303241	12582793	0	0	0	219	0	0.022	0	569
32721789	-100	0	0	0	-100	0	0.078	0	
31388329	-100	0	0	0	-100	0	0.1	0	
25727473	25762371	0	0	0	9	0	0.023	0	571
43850293	44021913	0	0	0	1	0	0.015	0	572
46799063	48306565	0	0	0	59	0	0.031	0	577
3114043	3119037	0	0	0	15	0	0.016	0	578
41596273	41605723	0	0	0	105	0	0.031	0	579
14671609	14672171	0	0	0	6	0	0.022	0	58
38478139	38607045	0	0	0	1530	0	0.032	0	580
12392404	19321739	0	0	0	39	0	0.031	0	581
22389993	53548994	0	0	0	3	0	0.016	0	582
46649403	48306010	0	0	0	26	0	0.022	0	583
20518376	20527711	0	0	0	3684	0	0.062	0	584
57394946	-100	0	0	0	-100	0	0.085	0	
32624120	33694457	0	0	0	137	0	0.016	0	586
6886416	19507919	0	0	0	98	0	0.022	0	587
10032052	10128084	0	0	0	480	0	0.015	0	588
9527802	-100	0	0	0	-100	0	0.064	0	
58148340	58164989	0	0	0	100	0	0.021	0	59
47152855	50663500	0	0	0	8872	0	0.1	0	590
48333425	48341878	0	0	0	23	0	0.016	0	591
28034091	31859911	0	0	0	1444	0	0.047	0	592
24040280	26154260	0	0	0	239	0	0.037	0	593
52014985	-100	0	0	0	-100	0	0.094	0	
39128344	39150367	0	0	0	175	0	0.022	0	595
45157057	-100	0	0	0	-100	0	0.085	0	
28436855	31961170	0	0	0	864	0	0.031	0	597
13023274	-100	0	0	0	-100	0	0.047	0	
22380926	22453482	0	0	0	4	0	0.022	0	599
46377973	-100	0	0	0	-100	0	0.101	0	
54215125	54254903	0	0	0	2444	0	0.046	0	60
47777708	47781899	0	0	0	2208	0	0.047	0	600
22803814	-100	0	0	0	-100	0	0.069	0	
9503896	23045866	0	0	0	1162	0	0.038	0	602
18972845	30552847	0	0	0	101	0	0.016	0	603
29233480	29240134	0	0	0	2	0	0.015	0	604
26580129	32571956	0	0	0	125	0	0.032	0	605
10404224	-100	0	0	0	-100	0	0.069	0	
35205795	-100	0	0	0	-100	0	0.1	0	
50659096	50665776	0	0	0	260	0	0.031	0	609
51330838	-100	0	0	0	-100	0	0.132	0	
39005958	51707582	0	0	0	86	0	0.022	0	612
58890738	59047386	0	0	0	1	0	0.015	0	613
48332680	48351931	0	0	0	113	0	0.032	0	614
32724775	34667618	0	0	0	50	0	0.015	0	615
26950123	-100	0	0	0	-100	0	0.069	0	
27650331	27651004	0	0	0	6622	0	0.069	0	620
29948919	29954519	0	0	0	1	0	0.032	0	621
54066057	54093675	0	0	0	20	0	0.015	0	622
42084356	42084833	0	0	0	102	0	0.016	0	623
9060457	29948585	0	0	0	6	0	0.022	0	624
22920381	-100	0	0	0	-100	0	0.094	0	
3209761	3551955	0	0	0	103	0	0.022	0	626
25791018	29686198	0	0	0	1	0	0.015	0	627
59570555	-100	0	0	0	-100	0	0.085	0	
34973314	-100	0	0	0	-100	0	0.105	0	
60766742	60804415	0	0	0	400	0	0.016	0	63
21035101	27123428	0	0	0	62	0	0.031	0	630
8896820	-100	0	0	0	-100	0	0.064	0	
52005153	52233504	0	0	0	7	0	0.031	0	634
51967572	51970403	0	0	0	8	0	0.016	0	635
38104901	38109623	0	0	0	63	0	0.022	0	636
27850123	-100	0	0	0	-100	0	0.078	0	
35359622	35452191	0	0	0	1	0	0.022	0	638
36238521	36249586	0	0	0	28	0	0.031	0	639
54737221	-100	0	0	0	-100	0	0.047	0	
50539913	50549961	0	0	0	4	0	0.038	0	640
22736107	22868923	0	0	0	174	0	0.016	0	641
12907198	32883453	0	0	0	104	0	0.031	0	642
32193413	32194070	0	0	0	21	0	0.016	0	643
57032447	-100	0	0	0	-100	0	0.084	0	
45219994	-100	0	0	0	-100	0	0.101	0	
44509287	44661961	0	0	0	1	0	0.015	0	646
19014360	22605238	0	0	0	3	0	0.022	0	647
33784656	33877410	0	0	0	363	0	0.032	0	648
48819333	48835435	0	0	0	64	0	0.015	0	649
46348193	46352515	0	0	0	4	0	0.031	0	65
42789833	42790422	0	0	0	75	0	0.023	0	650
35614425	-100	0	0	0	-100	0	0.093	0	
33127122	33352251	0	0	0	850	0	0.022	0	652
22916337	27060527	0	0	0	1	0	0.032	0	653
33346823	40699787	0	0	0	8	0	0.015	0	657
41701807	-100	0	0	0	-100	0	0.101	0	
9317923	10740100	0	0	0	1	0	0.015	0	659
49756005	49763045	0	0	0	65	0	0.022	0	66
41477776	45179410	0	0	0	1	0	0.032	0	661
9915824	20768286	0	0	0	66	0	0.036	0	662
1975110	61855935	0	0	0	417	0	0.019	0	663
46195370	50291766	0	0	0	1	0	0.029	0	664
58516071	58524163	0	0	0	2	0	0.031	0	665
58550163	58777915	0	0	0	656	0	0.032	0	666
38064175	49626679	0	0	0	981	0	0.022	0	667
45670637	45726959	0	0	0	5	0	0.031	0	668
36648502	-100	0	0	0	-100	0	0.1	0	
36233318	-100	0	0	0	-100	0	0.101	0	
9867225	-100	0	0	0	-100	0	0.062	0	
20670892	21041499	0	0	0	693	0	0.022	0	672
22492219	22510100	0	0	0	6	0	0.016	0	673
51343022	-100	0	0	0	-100	0	0.069	0	
51902438	58899541	0	0	0	192	0	0.016	0	676
16221742	16239153	0	0	0	4275	0	0.062	0	678
19716535	19735509	0	0	0	3383	0	0.053	0	679
27210745	-100	0	0	0	-100	0	0.063	0	
54184027	54185678	0	0	0	1	0	0.022	0	680
35834739	-100	0	0	0	-100	0	0.085	0	
12829995	12831524	0	0	0	1	0	0.015	0	682
12723182	14501305	0	0	0	1028	0	0.032	0	683
10802806	57030452	0	0	0	2198	0	0.053	0	684
39176643	-100	0	0	0	-100	0	0.1	0	
44467559	44504592	0	0	0	900	0	0.031	0	686
55891499	55944124	0	0	0	109	0	0.016	0	687
51087287	51170892	0	0	0	9	0	0.031	0	688
28628384	-100	0	0	0	-100	0	0.085	0	
16200667	-100	0	0	0	-100	0	0.053	0	
37714152	37715085	0	0	0	135	0	0.032	0	690
15258954	16626168	0	0	0	282	0	0.015	0	691
19851655	-100	0	0	0	-100	0	0.101	0	
28383595	-100	0	0	0	-100	0	0.053	0	
58250126	58250531	0	0	0	3	0	0.016	0	694
32558568	-100	0	0	0	-100	0	0.1	0	
28384164	35443537	0	0	0	64	0	0.016	0	696
45929263	45929671	0	0	0	717	0	0.031	0	697
14645363	38686427	0	0	0	65	0	0.022	0	698
29500139	29550681	0	0	0	1306	0	0.031	0	699
23307653	23309515	0	0	0	7	0	0.031	0	7
56570680	56582808	0	0	0	1	0	0.016	0	70
4167529	5333280	0	0	0	9	0	0.022	0	700
44120395	44136481	0	0	0	789	0	0.031	0	701
52623722	53162821	0	0	0	27	0	0.032	0	702
32821369	-100	0	0	0	-100	0	0.084	0	
41996394	51334762	0	0	0	5881	0	0.069	0	704
20238175	20238573	0	0	0	7250	0	0.085	0	705
41471757	-100	0	0	0	-100	0	0.078	0	
49859149	50728217	0	0	0	4	0	0.038	0	707
37800390	37817299	0	0	0	36	0	0.016	0	708
55569337	55571484	0	0	0	112	0	0.031	0	71
32120291	42010161	0	0	0	174	0	0.015	0	710
28624592	-100	0	0	0	-100	0	0.101	0	
41731684	-100	0	0	0	-100	0	0.1	0	
39484118	58028528	0	0	0	642	0	0.038	0	713
38660467	38847645	0	0	0	1	0	0.015	0	714
48022642	-100	0	0	0	-100	0	0.116	0	
39006840	39027770	0	0	0	28	0	0.016	0	72
21716567	21748598	0	0	0	4	0	0.031	0	720
46420106	-100	0	0	0	-100	0	0.085	0	
45663125	48928383	0	0	0	7	0	0.022	0	723
46607506	-100	0	0	0	-100	0	0.062	0	
31930616	32031432	0	0	0	97	0	0.016	0	725
53212878	53223526	0	0	0	1	0	0.022	0	726
37011952	-100	0	0	0	-100	0	0.063	0	
10421668	27312597	0	0	0	3	0	0.015	0	728
37274007	37349878	0	0	0	14	0	0.022	0	729
59190193	59193797	0	0	0	4100	0	0.079	0	73
20592611	49400778	0	0	0	356	0	0.022	0	730
11751047	-100	0	0	0	-100	0	0.131	0	
52276088	53117396	0	0	0	1323	0	0.047	0	732
10807804	-100	0	0	0	-100	0	0.069	0	
34389797	34711685	0	0	0	447	0	0.031	0	735
46972679	47179207	0	0	0	1379	0	0.038	0	736
51086959	51248293	0	0	0	78	0	0.016	0	738
53884353	55098961	0	0	0	4278	0	0.047	0	739
31925595	31947700	0	0	0	1	0	0.022	0	74
13942202	-100	0	0	0	-100	0	0.078	0	
42695298	45923632	0	0	0	6	0	0.016	0	741
30719243	-100	0	0	0	-100	0	0.069	0	
40942717	40953151	0	0	0	1	0	0.015	0	743
3369025	-100	0	0	0	-100	0	0.085	0	
35699399	39042064	0	0	0	201	0	0.031	0	745
54831077	54835717	0	0	0	901	0	0.022	0	746
6986657	13594968	0	0	0	176	0	0.032	0	747
9502003	-100	0	0	0	-100	0	0.084	0	
56555281	58505386	0	0	0	1	0	0.016	0	749
28538161	37430604	0	0	0	972	0	0.047	0	75
29669292	29669891	0	0	0	2887	0	0.053	0	750
3480222	36073503	0	0	0	115	0	0.016	0	751
31394755	31395435	0	0	0	20	0	0.015	0	752
51164948	51165825	0	0	0	116	0	0.023	0	753
20561190	28096239	0	0	0	72	0	0.022	0	754
18396525	18397245	0	0	0	146	0	0.018	0	755
10532192	-100	0	0	0	-100	0	0.088	0	
34213315	34245295	0	0	0	1	0	0.022	0	757
38056641	38791517	0	0	0	518	0	0.031	0	758
20671888	21667581	0	0	0	1	0	0.016	0	759
15670799	15671568	0	0	0	45	0	0.031	0	76
2331070	35434760	0	0	0	350	0	0.022	0	760
53266457	53284719	0	0	0	764	0	0.032	0	761
39628872	39633863	0	0	0	902	0	0.031	0	762
7721262	55186549	0	0	0	292	0	0.038	0	763
5665599	31926022	0	0	0	118	0	0.015	0	764
8852406	14612190	0	0	0	119	0	0.016	0	766
3835714	11986574	0	0	0	241	0	0.031	0	767
58188784	58194795	0	0	0	1	0	0.016	0	768
58176637	58194938	0	0	0	10	0	0.038	0	769
31923107	31938512	0	0	0	37	0	0.015	0	77
3190087	17279027	0	0	0	67	0	0.031	0	770
18257642	29454883	0	0	0	1	0	0.016	0	771
36110815	44608687	0	0	0	89	0	0.022	0	772
43297797	43298666	0	0	0	11	0	0.016	0	773
54238427	54307701	0	0	0	903	0	0.031	0	774
13675380	45813247	0	0	0	68	0	0.031	0	775
17766989	20915114	0	0	0	566	0	0.038	0	78
6132332	16310387	0	0	0	386	0	0.047	0	780
57191083	57298332	0	0	0	6266	0	0.085	0	781
10535235	47006881	0	0	0	1	0	0.031	0	782
35432923	35443059	0	0	0	121	0	0.022	0	783
36919953	36925855	0	0	0	2	0	0.031	0	784
20850483	49588582	0	0	0	6110	0	0.085	0	785
33597728	33613830	0	0	0	1	0	0.047	0	786
56705711	56717677	0	0	0	1	0	0.031	0	787
45655879	45673142	0	0	0	1	0	0.022	0	788
41723575	41909242	0	0	0	941	0	0.031	0	789
48924219	48961927	0	0	0	1	0	0.032	0	79
56863566	56927812	0	0	0	1534	0	0.037	0	790
30116606	-100	0	0	0	-100	0	0.085	0	
12362866	12385103	0	0	0	815	0	0.031	0	792
12362857	49362941	0	0	0	5561	0	0.069	0	793
38525383	56871943	0	0	0	4280	0	0.063	0	794
50111566	50128349	0	0	0	167	0	0.031	0	795
22177756	22848403	0	0	0	7290	0	0.085	0	796
56770222	56776207	0	0	0	1	0	0.022	0	797
52208380	52209203	0	0	0	4	0	0.016	0	798
26574054	26574670	0	0	0	65	0	0.031	0	799
32219451	32226508	0	0	0	16	0	0.031	0	8
3348522	3356923	0	0	0	5352	0	0.053	0	80
26394927	26396047	0	0	0	124	0	0.016	0	800
19439689	33945984	0	0	0	49	0	0.031	0	801
24157990	24162675	0	0	0	1	0	0.022	0	802
23588127	43478980	0	0	0	1639	0	0.032	0	803
37789299	54770082	0	0	0	297	0	0.031	0	804
45915720	60807293	0	0	0	101	0	0.031	0	805
46287086	52469245	0	0	0	6196	0	0.085	0	806
30406560	-100	0	0	0	-100	0	0.084	0	
9505495	10526005	0	0	0	70	0	0.021	0	808
52106980	52117181	0	0	0	83	0	0.03	0	81
20749444	-100	0	0	0	-100	0	0.08	0	
61327081	61381710	0	0	0	1	0	0.029	0	811
28634345	31433840	0	0	0	1	0	0.02	0	812
38861041	52478475	0	0	0	5158	0	0.076	0	813
24086498	26883864	0	0	0	113	0	0.015	0	814
60160905	-100	0	0	0	-100	0	0.07	0	
29399820	29423270	0	0	0	1231	0	0.031	0	816
14800161	-100	0	0	0	-100	0	0.069	0	
44245666	44250468	0	0	0	1	0	0.047	0	819
57609922	57610899	0	0	0	107	0	0.015	0	82
39623094	39642725	0	0	0	705	0	0.038	0	820
45652340	45716873	0	0	0	4281	0	0.047	0	821
46963049	46986535	0	0	0	55	0	0.016	0	822
24942366	24944151	0	0	0	1	0	0.031	0	823
6592214	6593587	0	0	0	3	0	0.006	0	824
7451354	-100	0	0	0	-100	0	0.063	0	
13550501	-100	0	0	0	-100	0	0.069	0	
30971258	31094538	0	0	0	5353	0	0.069	0	827
10892803	10908553	0	0	0	125	0	0.015	0	828
9060569	-100	0	0	0	-100	0	0.063	0	
61025542	61029739	0	0	0	12	0	0.022	0	83
25466013	25474682	0	0	0	19	0	0.031	0	830
13407236	-100	0	0	0	-100	0	0.069	0	
57385749	57447378	0	0	0	8399	0	0.094	0	832
46580556	-100	0	0	0	-100	0	0.085	0	
45476950	45552715	0	0	0	408	0	0.022	0	838
48534448	48552238	0	0	0	5984	0	0.078	0	839
55512219	55527619	0	0	0	1	0	0.022	0	84
27135962	54426523	0	0	0	579	0	0.031	0	840
24467936	24473055	0	0	0	9	0	0.016	0	841
42105259	42242497	0	0	0	126	0	0.016	0	842
12112558	-100	0	0	0	-100	0	0.069	0	
37944197	41030477	0	0	0	4	0	0.031	0	844
32018521	32830382	0	0	0	11	0	0.016	0	845
34244210	38942118	0	0	0	2	0	0.022	0	846
26720663	-100	0	0	0	-100	0	0.1	0	
42058059	47222764	0	0	0	110	0	0.016	0	849
55611370	55617539	0	0	0	14	0	0.015	0	850
30237310	40709975	0	0	0	980	0	0.032	0	851
24940246	25273767	0	0	0	31	0	0.031	0	852
14563531	-100	0	0	0	-100	0	0.084	0	
58897330	61496833	0	0	0	3	0	0.038	0	854
17389533	-100	0	0	0	-100	0	0.101	0	
15647282	17222380	0	0	0	433	0	0.015	0	856
58756264	58761704	0	0	0	72	0	0.031	0	857
21987834	-100	0	0	0	-100	0	0.085	0	
16947431	32803727	0	0	0	73	0	0.016	0	859
13176741	-100	0	0	0	-100	0	0.084	0	
12394855	41730532	0	0	0	249	0	0.032	0	861
39024390	39171890	0	0	0	1	0	0.037	0	862
58593824	58595096	0	0	0	108	0	0.032	0	863
14604820	15996692	0	0	0	32	0	0.015	0	864
38308134	53549442	0	0	0	362	0	0.031	0	865
27496127	-100	0	0	0	-100	0	0.054	0	
26112990	26249385	0	0	0	260	0	0.031	0	867
54298621	54472962	0	0	0	9988	0	0.1	0	868
8935523	8947483	0	0	0	374	0	0.069	0	869
44239415	44242299	0	0	0	1	0	0.032	0	87
53931501	54038311	0	0	0	1	0	0.022	0	872
26177565	-100	0	0	0	-100	0	0.078	0	
41133617	41190862	0	0	0	1	0	0.022	0	874
17266780	49124254	0	0	0	12	0	0.031	0	875
42763280	47523919	0	0	0	29	0	0.02	0	877
18355686	20602751	0	0	0	11	0	0.016	0	878
51280568	-100	0	0	0	-100	0	0.096	0	
25102617	-100	0	0	0	-100	0	0.101	0	
28529823	28532172	0	0	0	1	0	0.016	0	880
6550510	-100	0	0	0	-100	0	0.067	0	
28370249	41324398	0	0	0	5408	0	0.069	0	883
55345679	60285820	0	0	0	137	0	0.031	0	884
44335165	45311909	0	0	0	39	0	0.032	0	886
3440373	-100	0	0	0	-100	0	0.069	0	
3094232	24331690	0	0	0	2095	0	0.046	0	888
45907614	-100	0	0	0	-100	0	0.085	0	
52365579	52388444	0	0	0	1423	0	0.038	0	89
44334535	-100	0	0	0	-100	0	0.084	0	
18473382	19330546	0	0	0	5	0	0.032	0	891
28605657	28656683	0	0	0	6116	0	0.069	0	892
47644156	47704875	0	0	0	14	0	0.031	0	893
60062311	60062827	0	0	0	118	0	0.016	0	894
17107206	-100	0	0	0	-100	0	0.069	0	
46298066	46430561	0	0	0	76	0	0.015	0	896
24701419	24810470	0	0	0	2	0	0.016	0	897
37122216	37284287	0	0	0	858	0	0.031	0	898
13137912	28301188	0	0	0	583	0	0.022	0	899
33530066	34579494	0	0	0	1	0	0.032	0	9
38733571	38779478	0	0	0	130	0	0.015	0	90
9035674	14547069	0	0	0	1	0	0.031	0	900
45119432	45185979	0	0	0	529	0	0.023	0	901
8251632	32798526	0	0	0	4	0	0.015	0	902
33890896	-100	0	0	0	-100	0	0.063	0	
31142280	32912268	0	0	0	4283	0	0.069	0	904
26244530	-100	0	0	0	-100	0	0.053	0	
14023423	37273149	0	0	0	33	0	0.031	0	906
60847460	61249692	0	0	0	72	0	0.032	0	907
53245233	-100	0	0	0	-100	0	0.084	0	
13189467	-100	0	0	0	-100	0	0.085	0	
41879049	42431720	0	0	0	11	0	0.016	0	91
8732461	-100	0	0	0	-100	0	0.069	0	
13701347	61969752	0	0	0	1	0	0.031	0	911
58020350	-100	0	0	0	-100	0	0.085	0	
36205419	36208785	0	0	0	1	0	0.015	0	915
3796266	-100	0	0	0	-100	0	0.054	0	
34826602	-100	0	0	0	-100	0	0.1	0	
2535234	-100	0	0	0	-100	0	0.062	0	
24356683	24873550	0	0	0	25	0	0.032	0	919
61015431	61029336	0	0	0	3449	0	0.053	0	92
37393329	37515454	0	0	0	1	0	0.031	0	920
57438355	-100	0	0	0	-100	0	0.101	0	
40461380	-100	0	0	0	-100	0	0.1	0	
38563885	54919400	0	0	0	5426	0	0.053	0	923
57914461	-100	0	0	0	-100	0	0.1	0	
9465817	-100	0	0	0	-100	0	0.085	0	
6025051	-100	0	0	0	-100	0	0.047	0	
22009871	34328105	0	0	0	115	0	0.031	0	927
60321495	60327158	0	0	0	31	0	0.022	0	929
4654181	4687879	0	0	0	131	0	0.016	0	93
35126517	-100	0	0	0	-100	0	0.069	0	
4951286	-100	0	0	0	-100	0	0.1	0	
5745886	-100	0	0	0	-100	0	0.063	0	
7680959	11261399	0	0	0	3	0	0.015	0	933
12100856	12709933	0	0	0	116	0	0.022	0	934
38102921	38486163	0	0	0	123	0	0.016	0	935
15112440	30806577	0	0	0	120	0	0.031	0	936
41010050	-100	0	0	0	-100	0	0.085	0	
46239615	47475923	0	0	0	75	0	0.031	0	938
10806404	-100	0	0	0	-100	0	0.069	0	
28771018	31162332	0	0	0	1205	0	0.047	0	94
42604439	42757183	0	0	0	9	0	0.022	0	940
27552810	27564299	0	0	0	752	0	0.016	0	941
32106333	60661723	0	0	0	656	0	0.047	0	942
29125609	-100	0	0	0	-100	0	0.1	0	
31746962	55201041	0	0	0	1786	0	0.038	0	944
10207564	28190868	0	0	0	662	0	0.031	0	945
32275113	49668265	0	0	0	78	0	0.016	0	947
11366964	50883294	0	0	0	1650	0	0.047	0	948
54132300	54291153	0	0	0	5357	0	0.053	0	949
9895811	-100	0	0	0	-100	0	0.085	0	
28233561	-100	0	0	0	-100	0	0.062	0	
13706188	-100	0	0	0	-100	0	0.054	0	
12609816	17218305	0	0	0	12	0	0.015	0	952
20592886	20880558	0	0	0	36	0	0.031	0	953
10566473	-100	0	0	0	-100	0	0.054	0	
8204972	8231007	0	0	0	772	0	0.031	0	955
38822132	-100	0	0	0	-100	0	0.116	0	
31075826	31221471	0	0	0	1	0	0.022	0	957
34158723	35677857	0	0	0	254	0	0.031	0	958
32092458	-100	0	0	0	-100	0	0.085	0	
59408283	59413766	0	0	0	1	0	0.031	0	96
43337147	43383010	0	0	0	6119	0	0.069	0	960
29648127	29991606	0	0	0	2	0	0.016	0	961
23618813	23637902	0	0	0	1	0	0.031	0	962
18821862	-100	0	0	0	-100	0	0.1	0	
7666807	-100	0	0	0	-100	0	0.069	0	
35585428	35637012	0	0	0	80	0	0.016	0	97
14784302	-100	0	0	0	-100	0	0.069	0	
13281303	-100	0	0	0	-100	0	0.085	0	
30643213	31220677	0	0	0	71	0	0.031	0	973
45638529	-100	0	0	0	-100	0	0.053	0	
51929941	52074105	0	0	0	263	0	0.032	0	975
33925430	36897594	0	0	0	6120	0	0.069	0	976
55754330	55813859	0	0	0	57	0	0.015	0	978
6316459	-100	0	0	0	-100	0	0.063	0	
6007883	-100	0	0	0	-100	0	0.061	0	
42749447	-100	0	0	0	-100	0	0.108	0	
6022898	14771546	0	0	0	1652	0	0.047	0	981
56659665	56660496	0	0	0	3150	0	0.053	0	982
31979189	51944709	0	0	0	27	0	0.016	0	983
38559429	38900796	0	0	0	736	0	0.038	0	984
10620862	47021117	0	0	0	82	0	0.015	0	985
61365720	61421335	0	0	0	1	0	0.032	0	986
9422945	20150234	0	0	0	135	0	0.015	0	987
29593177	40966634	0	0	0	6011	0	0.069	0	988
42674516	42681880	0	0	0	136	0	0.016	0	99
17222942	17288379	0	0	0	12	0	0.015	0	990
5916854	6325908	0	0	0	137	0	0.032	0	991
12840294	-100	0	0	0	-100	0	0.084	0	
50243929	50258307	0	0	0	9	0	0.038	0	993
12304963	-100	0	0	0	-100	0	0.063	0	
16963137	-100	0	0	0	-100	0	0.069	0	
2765374	7474943	0	0	0	4232	0	0.053	0	996
26724124	34487641	0	0	0	5430	0	0.062	0	997
38295777	38297989	0	0	0	5431	0	0.07	0	998
6123378	-100	0	0	0	-100	0	0.084	0	
