testPostId	trainPostId	TitleSim	BodySim	TagSim	LuceneHitRank	ProposedHitRank	lucene_hit_duration	Proposed_hit_duration	LuceneTestTrueLabel
28308632	28310753	0	0	0	1	0	0.366	0	1
22512025	22513000	0	0	0	1	0	0.272	0	10
14573553	28781276	0	0	0	1953	0	0.332	0	100
32686497	37673634	0	0	0	1	0	0.085	0	1000
25075616	30910162	0	0	0	1114	0	0.247	0	1001
13101211	-100	0	0	0	-100	0	0.756	0	
5463029	-100	0	0	0	-100	0	0.689	0	
2756978	-100	0	0	0	-100	0	0.602	0	
24478879	-100	0	0	0	-100	0	0.501	0	
8638352	-100	0	0	0	-100	0	0.753	0	
1860490	34482028	0	0	0	735	0	0.201	0	1007
46745365	60716326	0	0	0	34	0	0.116	0	1008
6263105	14751994	0	0	0	1	0	0.069	0	1009
52366455	55467742	0	0	0	9	0	0.047	0	101
16849023	-100	0	0	0	-100	0	0.686	0	
37093480	-100	0	0	0	-100	0	0.539	0	
6726219	-100	0	0	0	-100	0	0.508	0	
9889403	-100	0	0	0	-100	0	0.622	0	
22778202	32052772	0	0	0	876	0	0.2	0	1015
2693428	2759548	0	0	0	4855	0	0.348	0	1017
18187165	-100	0	0	0	-100	0	0.47	0	
40965522	52575108	0	0	0	1	0	0.185	0	1019
2513859	-100	0	0	0	-100	0	0.464	0	
9917631	-100	0	0	0	-100	0	0.517	0	
2692481	-100	0	0	0	-100	0	0.485	0	
273970	8325784	0	0	0	7787	0	0.518	0	1022
26285311	34901910	0	0	0	358	0	0.2	0	1023
7395977	7410739	0	0	0	1	0	0.093	0	1024
4824503	12018747	0	0	0	4366	0	0.308	0	1025
55120791	55148861	0	0	0	130	0	0.238	0	1026
1118994	25808390	0	0	0	655	0	0.452	0	1027
48828671	51829609	0	0	0	3	0	0.304	0	1028
43061074	44235172	0	0	0	1	0	0.236	0	1029
7756593	-100	0	0	0	-100	0	0.47	0	
50925212	-100	0	0	0	-100	0	0.555	0	
6884846	8369807	0	0	0	7293	0	0.463	0	1031
44109242	44258214	0	0	0	1	0	0.142	0	1032
19681854	19686901	0	0	0	51	0	0.078	0	1033
25124761	26443242	0	0	0	4409	0	0.442	0	1034
26493762	29402642	0	0	0	2080	0	0.27	0	1035
2793797	2794582	0	0	0	3844	0	0.317	0	1036
32049115	32065072	0	0	0	4	0	0.185	0	1037
2942523	-100	0	0	0	-100	0	0.674	0	
5834537	37618679	0	0	0	1	0	0.119	0	1039
13522671	-100	0	0	0	-100	0	0.802	0	
29416581	-100	0	0	0	-100	0	0.717	0	
51971808	52009122	0	0	0	3183	0	0.263	0	1041
9071094	-100	0	0	0	-100	0	0.517	0	
27661322	28378460	0	0	0	8	0	0.018	0	1043
47252728	-100	0	0	0	-100	0	0.496	0	
20171050	-100	0	0	0	-100	0	0.887	0	
30475501	30477453	0	0	0	1	0	0.163	0	1046
5309287	-100	0	0	0	-100	0	0.623	0	
7406297	7406717	0	0	0	1	0	0.101	0	1048
12786605	-100	0	0	0	-100	0	0.548	0	
4142426	-100	0	0	0	-100	0	0.539	0	
31704032	41150864	0	0	0	41	0	0.216	0	1050
8982025	-100	0	0	0	-100	0	0.602	0	
9190044	9205289	0	0	0	48	0	0.085	0	1052
12165456	-100	0	0	0	-100	0	0.563	0	
11075301	11090034	0	0	0	214	0	0.087	0	1054
5065039	61302366	0	0	0	28	0	0.031	0	1057
16714362	23133601	0	0	0	1	0	0.104	0	1058
2282051	-100	0	0	0	-100	0	0.555	0	
18762963	-100	0	0	0	-100	0	0.818	0	
23133068	-100	0	0	0	-100	0	0.749	0	
3278757	-100	0	0	0	-100	0	0.724	0	
2161079	2180689	0	0	0	2	0	0.084	0	1062
33411455	-100	0	0	0	-100	0	0.705	0	
19135959	27851024	0	0	0	5753	0	0.364	0	1064
30679915	-100	0	0	0	-100	0	0.617	0	
6355154	21758260	0	0	0	277	0	0.069	0	1066
2264840	2265572	0	0	0	540	0	0.093	0	1067
9500573	9501248	0	0	0	576	0	0.362	0	1068
5922762	-100	0	0	0	-100	0	2.572	0	
4605590	-100	0	0	0	-100	0	0.602	0	
32044430	32092750	0	0	0	44	0	0.137	0	1070
16435318	-100	0	0	0	-100	0	0.734	0	
25338295	-100	0	0	0	-100	0	0.501	0	
890068	-100	0	0	0	-100	0	1.723	0	
11144100	11457342	0	0	0	3	0	0.217	0	1074
10547982	10549087	0	0	0	37	0	0.1	0	1075
1106955	-100	0	0	0	-100	0	0.635	0	
36091062	36098835	0	0	0	4516	0	0.432	0	1077
21243704	-100	0	0	0	-100	0	0.59	0	
7401852	-100	0	0	0	-100	0	0.584	0	
17710871	17756439	0	0	0	17	0	0.138	0	108
25227451	-100	0	0	0	-100	0	0.617	0	
32516110	32563830	0	0	0	2	0	0.178	0	1081
10877369	36761669	0	0	0	2	0	0.038	0	1082
20508619	-100	0	0	0	-100	0	0.749	0	
36223693	36237070	0	0	0	16	0	0.153	0	1084
3731171	-100	0	0	0	-100	0	0.618	0	
27323915	43093902	0	0	0	72	0	0.1	0	1086
39382458	39603946	0	0	0	633	0	0.201	0	1087
11070682	-100	0	0	0	-100	0	0.57	0	
28234273	-100	0	0	0	-100	0	0.517	0	
3554724	3555461	0	0	0	9084	0	0.617	0	109
3479130	17139501	0	0	0	7581	0	0.354	0	1090
58018514	58031237	0	0	0	2	0	0.401	0	1091
24897838	28267526	0	0	0	3939	0	0.518	0	1092
33521051	-100	0	0	0	-100	0	0.563	0	
23128169	-100	0	0	0	-100	0	0.539	0	
7187631	8945879	0	0	0	2288	0	0.185	0	1095
22636826	-100	0	0	0	-100	0	0.649	0	
7399084	30095209	0	0	0	121	0	0.185	0	1097
10678325	-100	0	0	0	-100	0	0.735	0	
8188729	-100	0	0	0	-100	0	0.643	0	
5732331	-100	0	0	0	-100	0	0.664	0	
46545629	46560272	0	0	0	19	0	0.156	0	110
42652606	43049985	0	0	0	1	0	0.118	0	1100
9537502	-100	0	0	0	-100	0	0.602	0	
33695149	-100	0	0	0	-100	0	0.447	0	
28893474	47670251	0	0	0	1422	0	0.123	0	1103
54282847	54583343	0	0	0	1	0	0.062	0	1104
21556945	-100	0	0	0	-100	0	0.596	0	
11373363	-100	0	0	0	-100	0	0.52	0	
23008830	23009979	0	0	0	3	0	0.178	0	1107
21712710	22671294	0	0	0	6557	0	0.456	0	1108
34285413	34843206	0	0	0	1	0	0.168	0	1109
10368980	-100	0	0	0	-100	0	0.633	0	
319788	-100	0	0	0	-100	0	0.705	0	
24173244	-100	0	0	0	-100	0	0.741	0	
12114532	37946705	0	0	0	8117	0	0.918	0	1114
47802738	-100	0	0	0	-100	0	1.005	0	
4353739	12163532	0	0	0	4927	0	0.486	0	1119
27669265	27686210	0	0	0	1	0	0.54	0	112
33665994	-100	0	0	0	-100	0	1.039	0	
609064	631871	0	0	0	1965	0	0.432	0	1121
1396501	1941541	0	0	0	33	0	0.069	0	1122
25220619	-100	0	0	0	-100	0	0.734	0	
47240635	-100	0	0	0	-100	0	0.594	0	
3200272	-100	0	0	0	-100	0	0.559	0	
3199771	10954803	0	0	0	16	0	0.905	0	1127
29629287	30660847	0	0	0	2821	0	0.169	0	1128
9491091	-100	0	0	0	-100	0	0.617	0	
27144737	-100	0	0	0	-100	0	0.677	0	
2711261	-100	0	0	0	-100	0	0.532	0	
25622760	-100	0	0	0	-100	0	0.74	0	
16873448	-100	0	0	0	-100	0	0.913	0	
3321228	22073169	0	0	0	5	0	0.065	0	1134
1258294	1625895	0	0	0	7	0	0.254	0	1135
56094984	56430459	0	0	0	4	0	0.217	0	1136
11062923	11392624	0	0	0	1	0	0.115	0	1137
1157996	9104698	0	0	0	875	0	0.101	0	1138
7276304	35642474	0	0	0	428	0	0.147	0	1139
17706817	17707738	0	0	0	1	0	0.138	0	114
576908	-100	0	0	0	-100	0	0.764	0	
51138463	58772873	0	0	0	4244	0	0.675	0	1141
16305190	31627208	0	0	0	9255	0	1.222	0	1142
1948686	-100	0	0	0	-100	0	1.289	0	
14776097	14898669	0	0	0	7445	0	2.162	0	1144
41994806	41997833	0	0	0	3	0	0.163	0	1145
32549129	32557357	0	0	0	9398	0	0.742	0	1146
2594211	38551401	0	0	0	561	0	0.232	0	1147
3209836	12424787	0	0	0	1975	0	0.3	0	1148
2653017	3401850	0	0	0	4707	0	0.37	0	1149
11415314	11415355	0	0	0	1	0	0.541	0	115
282683	1182002	0	0	0	253	0	0.425	0	1150
30770072	33605120	0	0	0	238	0	0.185	0	1151
8699228	13232551	0	0	0	7957	0	0.686	0	1153
5754811	5817601	0	0	0	5302	0	0.671	0	1154
8287581	-100	0	0	0	-100	0	0.564	0	
6341613	-100	0	0	0	-100	0	1.074	0	
36883268	-100	0	0	0	-100	0	0.481	0	
6864110	6865474	0	0	0	6	0	0.216	0	1158
56670536	56672664	0	0	0	1	0	0.085	0	1159
45493112	45499897	0	0	0	59	0	0.1	0	116
48235352	48284022	0	0	0	1	0	0.239	0	1160
2276759	-100	0	0	0	-100	0	0.595	0	
30981819	-100	0	0	0	-100	0	0.686	0	
16826026	-100	0	0	0	-100	0	0.724	0	
10855462	11001158	0	0	0	1	0	0.301	0	1164
39063958	-100	0	0	0	-100	0	0.533	0	
47718180	56406909	0	0	0	11	0	0.1	0	1166
13692473	-100	0	0	0	-100	0	0.633	0	
38265685	-100	0	0	0	-100	0	0.755	0	
5701985	13325698	0	0	0	4045	0	0.502	0	1169
24538109	-100	0	0	0	-100	0	0.548	0	
12453968	32672016	0	0	0	5106	0	0.401	0	1170
56073857	56145467	0	0	0	6830	0	0.501	0	1171
32256642	32552450	0	0	0	9840	0	0.54	0	1172
18546045	-100	0	0	0	-100	0	0.601	0	
408032	11427398	0	0	0	1723	0	0.179	0	1174
46263626	50164552	0	0	0	463	0	0.169	0	1175
34352305	34648714	0	0	0	3361	0	0.201	0	1176
36221146	-100	0	0	0	-100	0	0.57	0	
5504384	5505124	0	0	0	6	0	0.147	0	1178
7913086	17986481	0	0	0	66	0	0.031	0	1179
53879687	-100	0	0	0	-100	0	0.602	0	
11698861	11700617	0	0	0	1	0	0.069	0	1180
10530385	11243612	0	0	0	808	0	0.1	0	1181
26002552	26073309	0	0	0	3356	0	0.239	0	1182
40938725	43946264	0	0	0	227	0	0.1	0	1183
26718843	-100	0	0	0	-100	0	0.517	0	
11272405	-100	0	0	0	-100	0	0.501	0	
35451153	-100	0	0	0	-100	0	0.486	0	
17434102	45782939	0	0	0	6458	0	0.417	0	1189
44440613	-100	0	0	0	-100	0	0.718	0	
1046614	-100	0	0	0	-100	0	0.586	0	
32244717	32250927	0	0	0	2863	0	0.416	0	1191
8431694	15378534	0	0	0	2	0	0.101	0	1193
8431577	8441723	0	0	0	879	0	0.232	0	1194
20728839	-100	0	0	0	-100	0	0.787	0	
26458654	-100	0	0	0	-100	0	0.485	0	
2524151	-100	0	0	0	-100	0	0.549	0	
2027069	-100	0	0	0	-100	0	0.501	0	
23635430	-100	0	0	0	-100	0	0.555	0	
39284949	39286071	0	0	0	48	0	0.155	0	12
18242012	18281343	0	0	0	1	0	0.177	0	120
45131018	45134858	0	0	0	1	0	0.053	0	1200
3264889	-100	0	0	0	-100	0	0.448	0	
15799171	50549062	0	0	0	11	0	0.031	0	1203
7808021	26230210	0	0	0	1446	0	0.154	0	1204
31756318	31821512	0	0	0	1433	0	0.185	0	1205
413928	413929	0	0	0	2626	0	0.217	0	1206
33071345	33088935	0	0	0	14	0	0.13	0	1207
19295746	45008669	0	0	0	182	0	0.123	0	1208
4697751	4697787	0	0	0	7	0	0.078	0	121
4374345	4377191	0	0	0	80	0	0.085	0	1210
11575345	-100	0	0	0	-100	0	0.532	0	
3445953	4100488	0	0	0	4903	0	0.285	0	1212
950518	12539011	0	0	0	21	0	0.038	0	1213
1929108	-100	0	0	0	-100	0	0.458	0	
33070424	33084148	0	0	0	83	0	0.074	0	1215
6680408	-100	0	0	0	-100	0	0.633	0	
30973153	30974543	0	0	0	1	0	0.101	0	1217
3758377	-100	0	0	0	-100	0	0.454	0	
10884624	10886203	0	0	0	950	0	0.1	0	122
7775611	-100	0	0	0	-100	0	0.602	0	
8437076	-100	0	0	0	-100	0	0.517	0	
1966154	-100	0	0	0	-100	0	0.486	0	
15244227	-100	0	0	0	-100	0	0.517	0	
6416763	12194205	0	0	0	6049	0	0.37	0	1225
2352779	2992329	0	0	0	3	0	0.031	0	1226
4233636	-100	0	0	0	-100	0	0.532	0	
62042685	62047269	0	0	0	26	0	0.1	0	1228
14074299	-100	0	0	0	-100	0	0.486	0	
56496813	56501018	0	0	0	2277	0	0.17	0	123
5144583	-100	0	0	0	-100	0	0.485	0	
59861053	59862704	0	0	0	3	0	0.085	0	1231
5104065	37707905	0	0	0	1998	0	0.194	0	1233
30883403	30884693	0	0	0	11	0	0.063	0	1234
27826066	-100	0	0	0	-100	0	0.507	0	
11454158	11495103	0	0	0	28	0	0.1	0	1236
3194875	-100	0	0	0	-100	0	0.486	0	
2822774	-100	0	0	0	-100	0	0.455	0	
3018824	-100	0	0	0	-100	0	0.463	0	
43324605	50574699	0	0	0	2382	0	0.138	0	1241
47756783	-100	0	0	0	-100	0	0.464	0	
827435	-100	0	0	0	-100	0	0.454	0	
3826474	-100	0	0	0	-100	0	0.501	0	
6398887	53689391	0	0	0	1263	0	0.17	0	1247
8187429	-100	0	0	0	-100	0	0.502	0	
12553160	25958564	0	0	0	37	0	0.184	0	1249
6427786	-100	0	0	0	-100	0	0.479	0	
9956901	11883378	0	0	0	636	0	0.101	0	1251
594112	-100	0	0	0	-100	0	0.517	0	
1416980	-100	0	0	0	-100	0	0.454	0	
11672011	12095553	0	0	0	802	0	0.101	0	1254
12223176	52676915	0	0	0	953	0	0.131	0	1255
2133964	-100	0	0	0	-100	0	0.502	0	
216478	2790952	0	0	0	19	0	0.069	0	1257
30914127	-100	0	0	0	-100	0	0.432	0	
7067007	-100	0	0	0	-100	0	0.47	0	
30991992	-100	0	0	0	-100	0	0.502	0	
17337372	17338533	0	0	0	1	0	0.131	0	1261
3185779	-100	0	0	0	-100	0	0.455	0	
25813780	-100	0	0	0	-100	0	0.517	0	
4229534	-100	0	0	0	-100	0	0.501	0	
26893988	-100	0	0	0	-100	0	0.548	0	
14714848	-100	0	0	0	-100	0	0.555	0	
10520464	13722125	0	0	0	2	0	0.069	0	1267
51901859	51939116	0	0	0	1	0	0.085	0	1268
12344741	-100	0	0	0	-100	0	0.432	0	
1483163	-100	0	0	0	-100	0	0.464	0	
16311939	36173440	0	0	0	48	0	0.1	0	1270
18831863	-100	0	0	0	-100	0	0.47	0	
507436	-100	0	0	0	-100	0	0.455	0	
51938763	52598329	0	0	0	80	0	0.1	0	1273
10763280	10928368	0	0	0	8416	0	0.424	0	1274
31512970	37505809	0	0	0	345	0	0.085	0	1275
4752579	4753759	0	0	0	207	0	0.085	0	1276
1606798	-100	0	0	0	-100	0	0.433	0	
753853	-100	0	0	0	-100	0	0.517	0	
43040967	43243732	0	0	0	856	0	0.1	0	1279
12561337	12562128	0	0	0	898	0	0.116	0	128
52462239	52564637	0	0	0	2	0	0.069	0	1280
10519108	-100	0	0	0	-100	0	0.47	0	
7116796	9635968	0	0	0	2243	0	0.185	0	1283
5820586	-100	0	0	0	-100	0	0.464	0	
11172644	-100	0	0	0	-100	0	0.454	0	
15474121	15474421	0	0	0	1	0	0.069	0	1286
1738865	-100	0	0	0	-100	0	0.479	0	
8291366	-100	0	0	0	-100	0	0.502	0	
38667310	-100	0	0	0	-100	0	0.47	0	
13139723	13531987	0	0	0	9856	0	0.517	0	1293
30328215	-100	0	0	0	-100	0	0.485	0	
2253170	2269306	0	0	0	4851	0	0.254	0	1295
3531857	-100	0	0	0	-100	0	0.5	0	
49083573	-100	0	0	0	-100	0	0.454	0	
1193500	-100	0	0	0	-100	0	0.533	0	
3177716	-100	0	0	0	-100	0	0.517	0	
8351929	8355062	0	0	0	505	0	0.053	0	13
49272339	49279477	0	0	0	56	0	0.047	0	130
5592994	6636491	0	0	0	69	0	0.038	0	1300
3602207	-100	0	0	0	-100	0	0.432	0	
5696412	-100	0	0	0	-100	0	0.539	0	
41037932	41074461	0	0	0	2	0	0.063	0	1305
15925997	-100	0	0	0	-100	0	0.492	0	
39190457	39281483	0	0	0	1	0	0.112	0	131
4444475	11653677	0	0	0	598	0	0.038	0	1313
38899453	49314061	0	0	0	59	0	0.042	0	1314
409913	-100	0	0	0	-100	0	0.472	0	
1569202	-100	0	0	0	-100	0	0.464	0	
27858575	-100	0	0	0	-100	0	0.439	0	
58696135	58698346	0	0	0	1	0	0.1	0	132
1883421	-100	0	0	0	-100	0	0.464	0	
15656776	-100	0	0	0	-100	0	0.47	0	
34109055	36952785	0	0	0	654	0	0.1	0	1323
6932438	-100	0	0	0	-100	0	0.47	0	
54556117	54557998	0	0	0	1	0	0.063	0	1325
54555093	-100	0	0	0	-100	0	0.555	0	
6221816	58225998	0	0	0	4087	0	0.225	0	1327
22049860	22074954	0	0	0	367	0	0.075	0	1328
9466936	-100	0	0	0	-100	0	0.533	0	
23460416	23460695	0	0	0	612	0	0.1	0	133
45985488	53280800	0	0	0	1274	0	0.069	0	1330
49550127	57579852	0	0	0	3	0	0.1	0	1331
151660	2385047	0	0	0	2487	0	0.116	0	1332
27029277	-100	0	0	0	-100	0	0.448	0	
2588666	-100	0	0	0	-100	0	0.486	0	
49805943	49836358	0	0	0	1	0	0.1	0	1335
3787002	18046637	0	0	0	9460	0	0.417	0	1337
2510457	32534801	0	0	0	2008	0	0.123	0	1338
6837892	6844646	0	0	0	208	0	0.178	0	1339
2488498	10971871	0	0	0	1328	0	0.154	0	134
14147144	14148981	0	0	0	1	0	0.062	0	1340
3126324	13492759	0	0	0	942	0	0.054	0	1341
42609445	-100	0	0	0	-100	0	0.47	0	
29008082	37614576	0	0	0	85	0	0.078	0	135
28701331	28716313	0	0	0	1179	0	0.107	0	136
29388723	-100	0	0	0	-100	0	0.494	0	
5988616	10954107	0	0	0	5117	0	0.254	0	1363
19614589	20475650	0	0	0	456	0	0.054	0	1364
15065387	-100	0	0	0	-100	0	0.564	0	
309615	464317	0	0	0	6779	0	0.401	0	1366
45182654	45641050	0	0	0	21	0	0.069	0	1367
37768329	37776675	0	0	0	15	0	0.169	0	1368
9362165	9465095	0	0	0	2	0	0.047	0	1369
35516778	-100	0	0	0	-100	0	0.548	0	
8416477	-100	0	0	0	-100	0	0.486	0	
13134882	13174677	0	0	0	714	0	0.138	0	1371
12500129	12517367	0	0	0	2	0	0.085	0	1372
2823600	9464618	0	0	0	2458	0	0.178	0	1373
8956839	20360167	0	0	0	3530	0	0.223	0	1374
18747500	-100	0	0	0	-100	0	0.448	0	
5097973	-100	0	0	0	-100	0	0.416	0	
2648533	-100	0	0	0	-100	0	0.517	0	
35154354	35175779	0	0	0	693	0	0.101	0	1378
14182741	-100	0	0	0	-100	0	0.57	0	
46002338	-100	0	0	0	-100	0	0.47	0	
15755584	15756139	0	0	0	1	0	0.063	0	1380
20451719	-100	0	0	0	-100	0	0.517	0	
8537148	-100	0	0	0	-100	0	0.423	0	
1279081	-100	0	0	0	-100	0	0.448	0	
13097945	13133752	0	0	0	708	0	0.138	0	1384
2580807	-100	0	0	0	-100	0	0.463	0	
12914744	13875961	0	0	0	3996	0	0.217	0	1386
1497497	1951707	0	0	0	2517	0	0.138	0	1387
2325338	8414520	0	0	0	9	0	0.047	0	1388
12972130	12974224	0	0	0	1	0	0.1	0	139
29549525	-100	0	0	0	-100	0	0.439	0	
49801237	-100	0	0	0	-100	0	0.463	0	
2013848	34467743	0	0	0	981	0	0.154	0	140
4044996	22050416	0	0	0	132	0	0.047	0	1400
46581165	-100	0	0	0	-100	0	0.501	0	
38822898	38912122	0	0	0	9818	0	0.486	0	1402
6371226	-100	0	0	0	-100	0	0.501	0	
59269827	59290352	0	0	0	74	0	0.085	0	1404
742764	-100	0	0	0	-100	0	0.47	0	
6316570	6318699	0	0	0	1	0	0.1	0	1406
34566942	34568364	0	0	0	270	0	0.078	0	1407
26214398	26238997	0	0	0	1	0	0.123	0	1408
44501237	59375780	0	0	0	69	0	0.1	0	1409
27608404	-100	0	0	0	-100	0	0.448	0	
482631	-100	0	0	0	-100	0	0.517	0	
3808002	5588639	0	0	0	2	0	0.1	0	1411
14180233	-100	0	0	0	-100	0	0.458	0	
1098156	-100	0	0	0	-100	0	0.445	0	
42908301	42930618	0	0	0	3395	0	0.238	0	1419
7202784	-100	0	0	0	-100	0	0.501	0	
38412951	38565712	0	0	0	66	0	0.116	0	1420
44588828	44593868	0	0	0	744	0	0.185	0	1421
3169805	6557805	0	0	0	182	0	0.094	0	1422
10806038	-100	0	0	0	-100	0	0.454	0	
4995540	7764170	0	0	0	18	0	0.116	0	1425
37772504	37906637	0	0	0	1	0	0.116	0	1426
9815208	-100	0	0	0	-100	0	0.486	0	
8949768	23092216	0	0	0	113	0	0.138	0	1428
28135572	29907901	0	0	0	51	0	0.078	0	1429
2963027	-100	0	0	0	-100	0	0.487	0	
1531391	17613726	0	0	0	178	0	0.084	0	1431
5790230	5799655	0	0	0	22	0	0.053	0	1432
53500320	54923401	0	0	0	157	0	0.063	0	1433
58742894	58761827	0	0	0	1256	0	0.238	0	1434
29269836	29382639	0	0	0	1	0	0.047	0	1435
4741033	61997156	0	0	0	355	0	0.069	0	1436
44908210	44928982	0	0	0	1	0	0.078	0	1437
8327431	-100	0	0	0	-100	0	0.539	0	
5972516	18603250	0	0	0	1190	0	0.216	0	1439
39721251	-100	0	0	0	-100	0	0.533	0	
3691943	-100	0	0	0	-100	0	0.47	0	
2921469	2922959	0	0	0	3283	0	0.285	0	1441
16799028	-100	0	0	0	-100	0	0.448	0	
45257981	-100	0	0	0	-100	0	0.486	0	
13613594	-100	0	0	0	-100	0	0.455	0	
9458652	29421414	0	0	0	1149	0	0.162	0	1445
5788314	5788527	0	0	0	585	0	0.123	0	1446
50805550	54022660	0	0	0	1	0	0.046	0	1447
2118000	2118152	0	0	0	281	0	0.047	0	1448
17687461	17687920	0	0	0	1	0	0.069	0	145
14141212	14155603	0	0	0	1	0	0.032	0	1450
54886638	55115256	0	0	0	927	0	0.084	0	1451
11555084	11555424	0	0	0	1	0	0.054	0	1452
26452755	26763737	0	0	0	1591	0	0.1	0	1455
3130605	-100	0	0	0	-100	0	0.432	0	
7841213	7841342	0	0	0	1	0	0.054	0	146
3166405	4072927	0	0	0	1105	0	0.1	0	1460
255941	880458	0	0	0	142	0	0.063	0	1461
834875	-100	0	0	0	-100	0	0.47	0	
5473981	-100	0	0	0	-100	0	0.454	0	
3819398	-100	0	0	0	-100	0	0.479	0	
4738850	-100	0	0	0	-100	0	0.486	0	
25668156	-100	0	0	0	-100	0	0.47	0	
1239068	-100	0	0	0	-100	0	0.433	0	
3690155	-100	0	0	0	-100	0	0.454	0	
34098828	35341276	0	0	0	11	0	0.085	0	1469
5627327	-100	0	0	0	-100	0	0.501	0	
13981670	-100	0	0	0	-100	0	0.495	0	
1592665	-100	0	0	0	-100	0	0.47	0	
15748380	15824064	0	0	0	1160	0	0.084	0	1472
48778405	48779639	0	0	0	687	0	0.132	0	1473
10505165	-100	0	0	0	-100	0	0.455	0	
6007225	6019793	0	0	0	1504	0	0.147	0	1475
1848945	-100	0	0	0	-100	0	0.485	0	
4113200	-100	0	0	0	-100	0	0.502	0	
21661218	-100	0	0	0	-100	0	0.586	0	
28854585	35246487	0	0	0	2469	0	0.247	0	1479
38682984	-100	0	0	0	-100	0	0.508	0	
1939609	38064372	0	0	0	1739	0	0.132	0	1480
47728732	-100	0	0	0	-100	0	0.543	0	
12314300	-100	0	0	0	-100	0	0.434	0	
2736784	-100	0	0	0	-100	0	0.434	0	
48161526	-100	0	0	0	-100	0	0.449	0	
1183788	-100	0	0	0	-100	0	0.463	0	
2255158	4400980	0	0	0	2588	0	0.216	0	1487
4587425	-100	0	0	0	-100	0	0.439	0	
61359793	-100	0	0	0	-100	0	0.448	0	
31838842	-100	0	0	0	-100	0	0.455	0	
7357984	7358187	0	0	0	1	0	0.047	0	1490
17804181	-100	0	0	0	-100	0	0.486	0	
4419499	-100	0	0	0	-100	0	0.485	0	
2720488	-100	0	0	0	-100	0	0.486	0	
13372305	23519983	0	0	0	489	0	0.131	0	1494
5150001	-100	0	0	0	-100	0	0.455	0	
1401317	-100	0	0	0	-100	0	0.448	0	
31474878	31508577	0	0	0	2	0	0.047	0	1499
51867240	-100	0	0	0	-100	0	0.555	0	
8340210	-100	0	0	0	-100	0	0.456	0	
44912300	-100	0	0	0	-100	0	0.454	0	
26461966	26666920	0	0	0	98	0	0.061	0	1502
24764212	-100	0	0	0	-100	0	0.484	0	
40582161	-100	0	0	0	-100	0	0.502	0	
1921421	3687358	0	0	0	3270	0	0.252	0	1506
2638640	-100	0	0	0	-100	0	0.684	0	
17318598	-100	0	0	0	-100	0	0.473	0	
21797528	41960048	0	0	0	28	0	0.925	0	1509
25148662	42324438	0	0	0	342	0	0.116	0	151
16700960	-100	0	0	0	-100	0	0.564	0	
20107147	34999905	0	0	0	1605	0	0.169	0	1511
8144061	48156555	0	0	0	1509	0	0.286	0	1512
6596316	12538165	0	0	0	115	0	0.015	0	1515
399250	2679618	0	0	0	30	0	0.054	0	1516
13648117	13653537	0	0	0	1	0	0.078	0	1517
44479864	-100	0	0	0	-100	0	0.47	0	
31473760	31478610	0	0	0	23	0	0.085	0	1519
10867001	10924642	0	0	0	304	0	0.1	0	152
41435212	41490713	0	0	0	1	0	0.084	0	1520
9881092	-100	0	0	0	-100	0	0.448	0	
4409426	4410632	0	0	0	14	0	0.032	0	1523
2113263	2119647	0	0	0	6469	0	0.307	0	1524
138374	-100	0	0	0	-100	0	0.501	0	
5512327	-100	0	0	0	-100	0	0.533	0	
26653946	26668450	0	0	0	3627	0	0.232	0	1527
41274829	52444600	0	0	0	6981	0	0.354	0	1528
2668854	-100	0	0	0	-100	0	0.479	0	
57137532	57210890	0	0	0	88	0	0.123	0	153
5292937	-100	0	0	0	-100	0	0.432	0	
9804100	-100	0	0	0	-100	0	0.586	0	
25705398	25706618	0	0	0	372	0	0.1	0	1532
2510434	-100	0	0	0	-100	0	0.486	0	
4879946	-100	0	0	0	-100	0	0.448	0	
8193327	-100	0	0	0	-100	0	0.439	0	
7213825	-100	0	0	0	-100	0	0.479	0	
45468750	45469600	0	0	0	2228	0	0.201	0	154
1343619	1530868	0	0	0	5030	0	0.323	0	1540
13453778	40372642	0	0	0	1768	0	0.147	0	1541
303488	323561	0	0	0	258	0	0.116	0	1542
4208030	4315660	0	0	0	35	0	0.031	0	1543
5139127	5414731	0	0	0	315	0	0.1	0	1544
23506286	-100	0	0	0	-100	0	0.439	0	
190421	1513069	0	0	0	12	0	0.031	0	1546
2036654	-100	0	0	0	-100	0	0.47	0	
1586389	42760794	0	0	0	8	0	0.047	0	1548
7638090	-100	0	0	0	-100	0	0.524	0	
30263799	30272455	0	0	0	196	0	0.062	0	155
1643431	32702536	0	0	0	21	0	0.016	0	1550
2390275	-100	0	0	0	-100	0	0.486	0	
19658239	-100	0	0	0	-100	0	0.523	0	
29373288	-100	0	0	0	-100	0	0.524	0	
9183178	-100	0	0	0	-100	0	0.454	0	
1157104	4778865	0	0	0	44	0	0.101	0	1555
2747791	14847010	0	0	0	1988	0	0.182	0	1556
6213509	-100	0	0	0	-100	0	0.434	0	
2524680	-100	0	0	0	-100	0	0.41	0	
8290537	-100	0	0	0	-100	0	0.479	0	
17680754	-100	0	0	0	-100	0	0.523	0	
5928611	28995579	0	0	0	5486	0	0.301	0	1560
41431558	46448208	0	0	0	239	0	0.063	0	1561
19336610	21703081	0	0	0	5458	0	0.37	0	1562
16775206	16789863	0	0	0	1	0	0.1	0	1563
47180058	55603766	0	0	0	3	0	0.047	0	1564
39580489	43528392	0	0	0	1263	0	0.116	0	1565
8883974	-100	0	0	0	-100	0	0.438	0	
240660	-100	0	0	0	-100	0	0.471	0	
48763989	48771178	0	0	0	94	0	0.1	0	1568
17386469	-100	0	0	0	-100	0	0.448	0	
18587673	19386241	0	0	0	16	0	0.084	0	157
2037316	-100	0	0	0	-100	0	0.517	0	
1279774	-100	0	0	0	-100	0	0.448	0	
3392993	7221485	0	0	0	23	0	0.069	0	1574
9594943	11438544	0	0	0	453	0	0.101	0	1575
2936467	-100	0	0	0	-100	0	0.416	0	
3111406	-100	0	0	0	-100	0	0.47	0	
4206240	-100	0	0	0	-100	0	0.447	0	
584960	-100	0	0	0	-100	0	0.466	0	
33472573	-100	0	0	0	-100	0	0.46	0	
10626277	-100	0	0	0	-100	0	0.448	0	
4684023	5029409	0	0	0	1227	0	0.069	0	1581
15192553	-100	0	0	0	-100	0	0.464	0	
25984623	26261001	0	0	0	10	0	0.1	0	1583
49279952	49294704	0	0	0	1	0	0.085	0	1584
4800459	7130867	0	0	0	6288	0	0.338	0	1585
16080086	16200928	0	0	0	262	0	0.078	0	1586
23080188	-100	0	0	0	-100	0	0.486	0	
20763744	-100	0	0	0	-100	0	0.455	0	
32517231	32695088	0	0	0	1699	0	0.133	0	1589
32882097	32900328	0	0	0	1	0	0.067	0	159
17296992	17312874	0	0	0	29	0	0.063	0	1590
8502610	-100	0	0	0	-100	0	0.47	0	
9986804	36543053	0	0	0	2077	0	0.216	0	1592
13850693	31947364	0	0	0	3608	0	0.169	0	1593
778564	39374921	0	0	0	26	0	0.101	0	1594
335205	-100	0	0	0	-100	0	0.432	0	
21880511	-100	0	0	0	-100	0	0.455	0	
8862540	-100	0	0	0	-100	0	0.463	0	
4793997	4796007	0	0	0	246	0	0.069	0	1598
16788169	19741466	0	0	0	16	0	0.132	0	1599
4680060	4710954	0	0	0	5291	0	0.254	0	16
44940474	44941988	0	0	0	1	0	0.084	0	160
4817651	-100	0	0	0	-100	0	0.464	0	
7434272	17039670	0	0	0	2434	0	0.122	0	1601
4407854	10855682	0	0	0	3610	0	0.194	0	1602
5777877	5789733	0	0	0	636	0	0.123	0	1603
26041382	-100	0	0	0	-100	0	0.485	0	
7771586	-100	0	0	0	-100	0	0.402	0	
13117488	-100	0	0	0	-100	0	0.463	0	
2378268	-100	0	0	0	-100	0	0.439	0	
3115388	-100	0	0	0	-100	0	0.444	0	
5055418	5601707	0	0	0	8013	0	0.397	0	1609
31874410	-100	0	0	0	-100	0	0.455	0	
37679022	37758886	0	0	0	5	0	0.085	0	1610
2354609	9848295	0	0	0	151	0	0.062	0	1611
24672629	48768670	0	0	0	672	0	0.223	0	1613
10307744	-100	0	0	0	-100	0	0.464	0	
7522149	-100	0	0	0	-100	0	0.454	0	
43525560	-100	0	0	0	-100	0	0.485	0	
13431905	-100	0	0	0	-100	0	0.432	0	
4567492	-100	0	0	0	-100	0	0.486	0	
12030810	-100	0	0	0	-100	0	0.448	0	
3353745	-100	0	0	0	-100	0	0.433	0	
4166762	-100	0	0	0	-100	0	0.47	0	
6825161	6825736	0	0	0	38	0	0.085	0	1624
1379277	-100	0	0	0	-100	0	0.454	0	
124462	962915	0	0	0	1651	0	0.078	0	1626
1949259	-100	0	0	0	-100	0	0.486	0	
8102221	-100	0	0	0	-100	0	0.439	0	
4609127	21663045	0	0	0	2	0	0.047	0	1629
1946002	1946490	0	0	0	2	0	0.047	0	163
19907294	19931256	0	0	0	7215	0	0.385	0	1630
110575	1412239	0	0	0	9222	0	0.47	0	1631
1581049	57829977	0	0	0	32	0	0.054	0	1632
255312	-100	0	0	0	-100	0	0.563	0	
231057	-100	0	0	0	-100	0	0.417	0	
7789045	-100	0	0	0	-100	0	0.443	0	
10029838	-100	0	0	0	-100	0	0.412	0	
17710897	-100	0	0	0	-100	0	0.502	0	
34497428	-100	0	0	0	-100	0	0.548	0	
3840094	-100	0	0	0	-100	0	0.423	0	
15636739	15646757	0	0	0	10	0	0.062	0	164
2000092	2104655	0	0	0	2	0	0.085	0	1640
29891813	29894549	0	0	0	2149	0	0.154	0	1641
35596490	-100	0	0	0	-100	0	0.448	0	
10493001	-100	0	0	0	-100	0	0.501	0	
5250118	5251478	0	0	0	1	0	0.016	0	1645
12493438	38804404	0	0	0	2452	0	0.138	0	1646
871431	-100	0	0	0	-100	0	0.479	0	
2045875	8101071	0	0	0	1913	0	0.169	0	1648
31415213	36332005	0	0	0	121	0	0.069	0	1649
21868551	21868780	0	0	0	1	0	0.116	0	165
5383471	-100	0	0	0	-100	0	0.448	0	
33970348	-100	0	0	0	-100	0	0.539	0	
54463196	54532369	0	0	0	1	0	0.032	0	1653
4724971	-100	0	0	0	-100	0	0.454	0	
530649	-100	0	0	0	-100	0	0.448	0	
2627645	-100	0	0	0	-100	0	0.454	0	
5048849	5968206	0	0	0	9504	0	0.433	0	1657
3729497	-100	0	0	0	-100	0	0.47	0	
6549561	-100	0	0	0	-100	0	0.479	0	
40218472	40299505	0	0	0	9576	0	0.571	0	166
2119686	-100	0	0	0	-100	0	0.47	0	
38973024	39129295	0	0	0	223	0	0.062	0	1663
981954	-100	0	0	0	-100	0	0.423	0	
5611	-100	0	0	0	-100	0	0.479	0	
38278594	38303757	0	0	0	1	0	0.123	0	1668
9276756	-100	0	0	0	-100	0	0.432	0	
4041968	-100	0	0	0	-100	0	0.47	0	
13500816	-100	0	0	0	-100	0	0.48	0	
583336	-100	0	0	0	-100	0	0.485	0	
4724564	4727191	0	0	0	181	0	0.138	0	1674
12026842	-100	0	0	0	-100	0	0.417	0	
666811	19305919	0	0	0	277	0	0.047	0	1676
11533705	-100	0	0	0	-100	0	0.439	0	
29257894	33893407	0	0	0	3	0	0.116	0	1678
27929875	-100	0	0	0	-100	0	0.532	0	
1459739	-100	0	0	0	-100	0	0.455	0	
6474783	-100	0	0	0	-100	0	0.463	0	
5032645	-100	0	0	0	-100	0	0.527	0	
7223896	-100	0	0	0	-100	0	0.456	0	
2257973	24870910	0	0	0	8658	0	0.385	0	1688
1022994	1036872	0	0	0	1353	0	0.111	0	169
3454993	-100	0	0	0	-100	0	0.442	0	
5449395	-100	0	0	0	-100	0	0.457	0	
45953	-100	0	0	0	-100	0	0.463	0	
22188974	-100	0	0	0	-100	0	0.486	0	
11369360	-100	0	0	0	-100	0	0.501	0	
7220830	-100	0	0	0	-100	0	0.486	0	
4293775	8656089	0	0	0	4706	0	0.27	0	1696
70855	-100	0	0	0	-100	0	0.517	0	
251485	-100	0	0	0	-100	0	0.463	0	
45093081	45094345	0	0	0	6	0	0.054	0	1699
14115570	14135361	0	0	0	1681	0	0.131	0	17
4564577	-100	0	0	0	-100	0	0.459	0	
9252793	9253027	0	0	0	1	0	0.085	0	1700
415801	-100	0	0	0	-100	0	0.448	0	
2681548	-100	0	0	0	-100	0	0.454	0	
12301358	-100	0	0	0	-100	0	0.448	0	
9519588	-100	0	0	0	-100	0	0.455	0	
38277102	-100	0	0	0	-100	0	0.495	0	
11538409	11609348	0	0	0	322	0	0.053	0	1707
3726721	-100	0	0	0	-100	0	0.448	0	
20426378	-100	0	0	0	-100	0	0.464	0	
391005	9851278	0	0	0	3241	0	0.16	0	1712
27222	-100	0	0	0	-100	0	0.501	0	
1914242	-100	0	0	0	-100	0	0.448	0	
7818667	20894482	0	0	0	3424	0	0.17	0	1715
2699086	-100	0	0	0	-100	0	0.432	0	
96759	-100	0	0	0	-100	0	0.486	0	
27105077	30780761	0	0	0	71	0	0.053	0	172
1310649	-100	0	0	0	-100	0	0.432	0	
1835177	-100	0	0	0	-100	0	0.448	0	
10511478	-100	0	0	0	-100	0	0.486	0	
6086267	44607229	0	0	0	358	0	0.085	0	1724
2336573	2338641	0	0	0	1652	0	0.116	0	1725
2511410	-100	0	0	0	-100	0	0.432	0	
6132515	6212983	0	0	0	3782	0	0.207	0	173
25570086	-100	0	0	0	-100	0	0.564	0	
11394323	11794101	0	0	0	15	0	0.085	0	1740
5830387	15147993	0	0	0	543	0	0.069	0	1741
15454220	-100	0	0	0	-100	0	0.463	0	
6269693	6270004	0	0	0	2929	0	0.17	0	1744
262351	-100	0	0	0	-100	0	0.501	0	
5246114	13908722	0	0	0	2397	0	0.132	0	1749
9317836	33917688	0	0	0	5239	0	0.285	0	175
10152904	-100	0	0	0	-100	0	0.47	0	
1251582	-100	0	0	0	-100	0	0.432	0	
1575807	-100	0	0	0	-100	0	0.47	0	
38275940	38283252	0	0	0	1	0	0.047	0	1755
1066625	-100	0	0	0	-100	0	0.47	0	
3022185	14114411	0	0	0	552	0	0.085	0	1757
5127424	-100	0	0	0	-100	0	0.432	0	
2602612	-100	0	0	0	-100	0	0.455	0	
13994457	14002626	0	0	0	1	0	0.062	0	176
1902187	3894653	0	0	0	54	0	0.059	0	1760
941537	-100	0	0	0	-100	0	0.464	0	
3229905	9387193	0	0	0	5811	0	0.295	0	1762
11157749	-100	0	0	0	-100	0	0.454	0	
4737199	6812948	0	0	0	1747	0	0.147	0	1774
2203430	-100	0	0	0	-100	0	0.47	0	
13620	-100	0	0	0	-100	0	0.486	0	
445235	-100	0	0	0	-100	0	0.726	0	
28148887	-100	0	0	0	-100	0	1.083	0	
14084222	17066034	0	0	0	367	0	0.381	0	1780
907806	-100	0	0	0	-100	0	0.671	0	
1182584	1550947	0	0	0	2488	0	0.339	0	1785
9993909	-100	0	0	0	-100	0	0.702	0	
2418473	-100	0	0	0	-100	0	0.57	0	
3451906	3815234	0	0	0	2767	0	0.154	0	1789
34440220	54444220	0	0	0	7398	0	0.363	0	179
10487909	-100	0	0	0	-100	0	0.639	0	
1050709	-100	0	0	0	-100	0	0.524	0	
4345554	-100	0	0	0	-100	0	0.463	0	
3243900	-100	0	0	0	-100	0	0.517	0	
2840912	10486107	0	0	0	46	0	0.1	0	1794
12584991	-100	0	0	0	-100	0	0.47	0	
8390677	56445688	0	0	0	5333	0	0.285	0	1796
2306132	5592739	0	0	0	52	0	0.085	0	1798
3108775	6161128	0	0	0	1099	0	0.147	0	1799
23551451	23552616	0	0	0	4474	0	0.254	0	18
13101302	-100	0	0	0	-100	0	0.467	0	
28875788	32118400	0	0	0	21	0	0.112	0	1800
16424117	41107356	0	0	0	461	0	0.069	0	1802
29886181	29887034	0	0	0	1	0	0.116	0	1803
1770765	3149452	0	0	0	5390	0	0.323	0	1804
52412946	52430551	0	0	0	1	0	0.116	0	1805
34757122	45790160	0	0	0	31	0	0.062	0	1806
12146282	12951792	0	0	0	172	0	0.101	0	1807
8914506	-100	0	0	0	-100	0	0.501	0	
15040979	15050497	0	0	0	9301	0	0.586	0	181
4914750	-100	0	0	0	-100	0	0.47	0	
3338123	11267086	0	0	0	3995	0	0.185	0	1814
38255659	-100	0	0	0	-100	0	0.775	0	
514673	-100	0	0	0	-100	0	0.9	0	
34604602	-100	0	0	0	-100	0	0.84	0	
8615422	-100	0	0	0	-100	0	0.639	0	
33177674	33949758	0	0	0	49	0	0.148	0	182
14140447	14142488	0	0	0	5113	0	0.454	0	1820
6976355	-100	0	0	0	-100	0	0.216	0	
147821	-100	0	0	0	-100	0	0.517	0	
3506120	3506988	0	0	0	1	0	0.0	0	183
55768	10517371	0	0	0	110	0	0.031	0	1831
2482033	3699454	0	0	0	396	0	0.069	0	1832
1788202	6249707	0	0	0	257	0	0.101	0	1834
18070154	-100	0	0	0	-100	0	0.485	0	
9953157	-100	0	0	0	-100	0	0.448	0	
90982	7762883	0	0	0	15	0	0.032	0	1838
4282507	4719939	0	0	0	3155	0	0.2	0	1839
37580925	37581837	0	0	0	2	0	0.05	0	184
1319903	7011451	0	0	0	3745	0	0.252	0	1842
36849325	36903392	0	0	0	770	0	0.091	0	1845
39664801	-100	0	0	0	-100	0	0.468	0	
367711	38228335	0	0	0	135	0	0.1	0	1847
29361203	29362649	0	0	0	12	0	0.085	0	1848
40726156	40792556	0	0	0	736	0	0.085	0	185
2915864	-100	0	0	0	-100	0	0.432	0	
1416697	-100	0	0	0	-100	0	0.47	0	
3476538	-100	0	0	0	-100	0	0.47	0	
520237	4889532	0	0	0	1694	0	0.085	0	1855
13108157	61444541	0	0	0	7501	0	0.401	0	1856
3602405	-100	0	0	0	-100	0	0.479	0	
54566	-100	0	0	0	-100	0	0.439	0	
3173501	-100	0	0	0	-100	0	0.533	0	
23579701	23580157	0	0	0	2	0	0.1	0	186
2750580	8684609	0	0	0	2647	0	0.154	0	1860
3075174	-100	0	0	0	-100	0	0.517	0	
2676368	49970767	0	0	0	7	0	0.132	0	1862
3189040	-100	0	0	0	-100	0	0.485	0	
5416301	-100	0	0	0	-100	0	0.502	0	
4343596	-100	0	0	0	-100	0	0.432	0	
17364127	60010398	0	0	0	3724	0	0.201	0	1868
15458221	-100	0	0	0	-100	0	0.454	0	
3240532	-100	0	0	0	-100	0	0.501	0	
6041741	-100	0	0	0	-100	0	0.433	0	
2348152	-100	0	0	0	-100	0	0.485	0	
7671905	-100	0	0	0	-100	0	0.464	0	
15662729	15663874	0	0	0	1923	0	0.169	0	1876
4795385	11481199	0	0	0	6435	0	0.339	0	1877
2596837	-100	0	0	0	-100	0	0.453	0	
20274123	20301743	0	0	0	17	0	0.031	0	188
80646	-100	0	0	0	-100	0	0.481	0	
3577641	-100	0	0	0	-100	0	0.439	0	
14950589	-100	0	0	0	-100	0	0.463	0	
1465573	-100	0	0	0	-100	0	0.502	0	
920353	14767530	0	0	0	9427	0	0.47	0	1889
1197005	-100	0	0	0	-100	0	0.448	0	
307674	4585208	0	0	0	4585	0	0.223	0	1891
2269840	-100	0	0	0	-100	0	0.479	0	
136899	1241728	0	0	0	1114	0	0.138	0	1895
888	-100	0	0	0	-100	0	0.448	0	
15204674	-100	0	0	0	-100	0	0.439	0	
16959576	-100	0	0	0	-100	0	0.471	0	
22662488	40700799	0	0	0	8820	0	0.393	0	1899
5724999	-100	0	0	0	-100	0	0.517	0	
47164116	-100	0	0	0	-100	0	0.522	0	
45706007	-100	0	0	0	-100	0	0.506	0	
33230871	43071337	0	0	0	1205	0	0.151	0	1904
33526391	-100	0	0	0	-100	0	0.435	0	
11847124	11861081	0	0	0	5737	0	0.26	0	1907
27088913	-100	0	0	0	-100	0	0.474	0	
597159	-100	0	0	0	-100	0	0.441	0	
2167916	2487921	0	0	0	2214	0	0.132	0	1911
1557787	-100	0	0	0	-100	0	0.501	0	
134099	52128507	0	0	0	130	0	0.054	0	1913
5121495	-100	0	0	0	-100	0	0.54	0	
2411182	-100	0	0	0	-100	0	0.492	0	
336127	5532002	0	0	0	2865	0	0.144	0	1917
8532569	-100	0	0	0	-100	0	0.451	0	
10835592	-100	0	0	0	-100	0	0.436	0	
3430181	-100	0	0	0	-100	0	0.464	0	
1912029	-100	0	0	0	-100	0	0.511	0	
24644436	-100	0	0	0	-100	0	0.486	0	
845021	1475297	0	0	0	6694	0	0.363	0	1926
8868808	-100	0	0	0	-100	0	0.455	0	
33379015	33380573	0	0	0	2	0	0.047	0	193
26038538	26100581	0	0	0	520	0	0.138	0	194
32853422	32897698	0	0	0	1	0	0.085	0	195
23414636	23418377	0	0	0	1861	0	0.131	0	196
4014549	4014743	0	0	0	2	0	0.031	0	197
24454656	24459497	0	0	0	1	0	0.038	0	198
3487781	-100	0	0	0	-100	0	0.464	0	
9433766	-100	0	0	0	-100	0	0.416	0	
7297827	-100	0	0	0	-100	0	0.455	0	
21836816	-100	0	0	0	-100	0	0.586	0	
2438155	2438356	0	0	0	3193	0	0.285	0	201
59584924	60102647	0	0	0	1	0	0.078	0	202
39661410	59100921	0	0	0	3	0	0.069	0	203
19737927	19738084	0	0	0	2	0	0.016	0	204
56437592	56520493	0	0	0	7436	0	0.338	0	205
24455900	-100	0	0	0	-100	0	0.448	0	
5057228	-100	0	0	0	-100	0	0.486	0	
4144076	22882326	0	0	0	2	0	0.047	0	208
2433479	2435390	0	0	0	1	0	0.116	0	209
27744855	27748135	0	0	0	1513	0	0.122	0	21
59580337	59582393	0	0	0	5087	0	0.248	0	210
17112360	17113178	0	0	0	4943	0	0.269	0	211
6102273	-100	0	0	0	-100	0	0.464	0	
4529379	-100	0	0	0	-100	0	0.47	0	
41228832	41245657	0	0	0	9523	0	0.439	0	214
17283326	54335695	0	0	0	45	0	0.062	0	215
11873107	33887552	0	0	0	94	0	0.054	0	216
13963946	13964867	0	0	0	1	0	0.062	0	217
43312949	43324052	0	0	0	3751	0	0.216	0	218
11866167	-100	0	0	0	-100	0	0.439	0	
4150208	4150535	0	0	0	1	0	0.047	0	22
21485868	25564054	0	0	0	14	0	0.1	0	220
9242266	-100	0	0	0	-100	0	0.539	0	
31785471	33549409	0	0	0	300	0	0.132	0	222
17103917	17105070	0	0	0	771	0	0.085	0	223
1899168	1900562	0	0	0	2	0	0.069	0	224
22345991	22381434	0	0	0	9625	0	0.448	0	226
31424015	31424186	0	0	0	1	0	0.1	0	227
7665164	7666473	0	0	0	142	0	0.053	0	228
3470227	-100	0	0	0	-100	0	0.479	0	
46611453	46631500	0	0	0	164	0	0.054	0	23
42791557	-100	0	0	0	-100	0	0.501	0	
42791096	44829634	0	0	0	137	0	0.085	0	231
10809101	10809921	0	0	0	197	0	0.084	0	232
21871614	22342191	0	0	0	4	0	0.063	0	234
29157576	29163476	0	0	0	1	0	0.053	0	235
11331423	11340415	0	0	0	1	0	0.078	0	236
8708791	14647791	0	0	0	219	0	0.07	0	237
30727753	30728079	0	0	0	1	0	0.069	0	238
41213308	-100	0	0	0	-100	0	0.463	0	
47659336	47676253	0	0	0	1	0	0.038	0	24
6085357	-100	0	0	0	-100	0	0.432	0	
38266912	-100	0	0	0	-100	0	0.455	0	
3987667	3988028	0	0	0	372	0	0.047	0	242
29677674	-100	0	0	0	-100	0	0.47	0	
2414647	-100	0	0	0	-100	0	0.501	0	
27579831	48632152	0	0	0	2744	0	0.185	0	245
14472423	14476653	0	0	0	1302	0	0.1	0	246
10871714	10887987	0	0	0	2945	0	0.179	0	247
35442997	-100	0	0	0	-100	0	0.454	0	
16567978	16589649	0	0	0	1	0	0.054	0	249
997041	1000716	0	0	0	45	0	0.046	0	25
23907633	24003979	0	0	0	6344	0	0.333	0	250
4508964	4511186	0	0	0	17	0	0.022	0	251
39111770	-100	0	0	0	-100	0	0.494	0	
55888883	55889217	0	0	0	1	0	0.038	0	253
25479413	25479915	0	0	0	108	0	0.047	0	254
23382110	23382651	0	0	0	1	0	0.038	0	255
56504201	56514045	0	0	0	4	0	0.062	0	256
5209265	5212924	0	0	0	9594	0	0.47	0	257
18434683	-100	0	0	0	-100	0	0.471	0	
41274203	-100	0	0	0	-100	0	0.448	0	
32454156	32476642	0	0	0	143	0	0.015	0	26
12369477	12391813	0	0	0	1	0	0.054	0	260
14015683	14032707	0	0	0	1	0	0.069	0	261
35899117	35961611	0	0	0	1	0	0.163	0	262
34911866	34916051	0	0	0	1	0	0.069	0	263
22990852	23032619	0	0	0	31	0	0.084	0	264
7123560	7127156	0	0	0	439	0	0.063	0	265
2939250	3048437	0	0	0	3419	0	0.185	0	269
3617492	-100	0	0	0	-100	0	0.47	0	
9742449	9746661	0	0	0	9	0	0.062	0	270
37005025	37064628	0	0	0	37	0	0.069	0	271
28265669	-100	0	0	0	-100	0	0.47	0	
8776481	16032713	0	0	0	19	0	0.032	0	273
55878479	55879116	0	0	0	1	0	0.116	0	274
37003490	37007149	0	0	0	1	0	0.069	0	275
39721673	39736173	0	0	0	1	0	0.053	0	276
29139098	29160104	0	0	0	1	0	0.163	0	277
2037205	-100	0	0	0	-100	0	0.454	0	
30187274	30235738	0	0	0	1	0	0.047	0	279
13054474	13098163	0	0	0	579	0	0.085	0	28
27041060	42371746	0	0	0	45	0	0.053	0	280
1350883	-100	0	0	0	-100	0	0.48	0	
49613664	49945108	0	0	0	2295	0	0.169	0	282
28730842	28783273	0	0	0	1	0	0.053	0	283
47357273	-100	0	0	0	-100	0	0.517	0	
48720352	48721312	0	0	0	1	0	0.063	0	285
13930049	-100	0	0	0	-100	0	0.439	0	
9211362	9213026	0	0	0	1	0	0.062	0	287
34034229	34376543	0	0	0	46	0	0.054	0	288
54299213	54428599	0	0	0	1	0	0.116	0	289
34549007	34551802	0	0	0	1	0	0.1	0	29
13928848	-100	0	0	0	-100	0	0.485	0	
25987410	26002969	0	0	0	69	0	0.232	0	291
8685586	8686518	0	0	0	5319	0	0.27	0	292
22840808	-100	0	0	0	-100	0	0.47	0	
33849880	33856354	0	0	0	2710	0	0.163	0	294
9732057	9732605	0	0	0	125	0	0.084	0	295
16547487	-100	0	0	0	-100	0	0.502	0	
26174159	-100	0	0	0	-100	0	0.501	0	
2915395	-100	0	0	0	-100	0	0.486	0	
31226607	31235801	0	0	0	69	0	0.169	0	299
20960037	-100	0	0	0	-100	0	0.48	0	
31403164	-100	0	0	0	-100	0	0.47	0	
17070581	17071881	0	0	0	7902	0	0.432	0	300
10621949	10649394	0	0	0	77	0	0.069	0	301
28097800	-100	0	0	0	-100	0	0.535	0	
38043467	38109339	0	0	0	2	0	0.066	0	304
11925578	-100	0	0	0	-100	0	0.548	0	
35418407	-100	0	0	0	-100	0	0.486	0	
39831708	-100	0	0	0	-100	0	0.455	0	
54291954	54304972	0	0	0	1	0	0.069	0	308
50097507	50187836	0	0	0	5841	0	0.362	0	309
35070908	35085029	0	0	0	245	0	0.071	0	31
9736737	24488576	0	0	0	9582	0	0.425	0	310
4483674	4487570	0	0	0	1107	0	0.085	0	311
31819695	-100	0	0	0	-100	0	0.448	0	
3435293	-100	0	0	0	-100	0	0.432	0	
620645	621065	0	0	0	4978	0	0.254	0	314
3026640	17283858	0	0	0	33	0	0.101	0	315
2909868	-100	0	0	0	-100	0	0.448	0	
55862918	55866357	0	0	0	9	0	0.1	0	317
38037042	-100	0	0	0	-100	0	0.47	0	
22884366	28075552	0	0	0	6977	0	0.37	0	319
27730632	27733000	0	0	0	337	0	0.116	0	32
2384937	-100	0	0	0	-100	0	0.448	0	
55938931	-100	0	0	0	-100	0	0.485	0	
35937293	-100	0	0	0	-100	0	0.439	0	
36485594	-100	0	0	0	-100	0	0.488	0	
31218081	31221063	0	0	0	5	0	0.014	0	325
50092103	-100	0	0	0	-100	0	0.479	0	
2381474	2388789	0	0	0	1495	0	0.138	0	327
20229093	24427553	0	0	0	254	0	0.078	0	328
507041	-100	0	0	0	-100	0	0.401	0	
19563813	-100	0	0	0	-100	0	0.455	0	
23875497	23891538	0	0	0	1217	0	0.185	0	330
12513390	-100	0	0	0	-100	0	0.47	0	
43273370	-100	0	0	0	-100	0	0.501	0	
44845731	44859318	0	0	0	1	0	0.081	0	333
53490990	-100	0	0	0	-100	0	0.667	0	
35407012	35578077	0	0	0	4033	0	0.254	0	335
279564	-100	0	0	0	-100	0	0.443	0	
14435071	-100	0	0	0	-100	0	0.443	0	
50085326	-100	0	0	0	-100	0	0.432	0	
14988508	14992143	0	0	0	1	0	0.053	0	339
59708229	59764101	0	0	0	455	0	0.163	0	34
42219923	42226244	0	0	0	1	0	0.1	0	340
8664930	-100	0	0	0	-100	0	0.466	0	
27013583	27038895	0	0	0	1	0	0.05	0	342
8874448	8908489	0	0	0	751	0	0.111	0	343
36448288	36451263	0	0	0	1	0	0.101	0	344
10181616	-100	0	0	0	-100	0	0.45	0	
52397274	-100	0	0	0	-100	0	0.517	0	
3942046	-100	0	0	0	-100	0	0.501	0	
3940927	-100	0	0	0	-100	0	0.517	0	
17047116	41897327	0	0	0	229	0	0.063	0	349
3609157	3617166	0	0	0	79	0	0.069	0	35
30678450	30740821	0	0	0	125	0	0.084	0	350
61611278	61659226	0	0	0	1	0	0.031	0	351
49552473	-100	0	0	0	-100	0	0.471	0	
8521800	23862124	0	0	0	1057	0	0.084	0	353
792886	7149063	0	0	0	11	0	0.047	0	354
23860556	23958183	0	0	0	25	0	0.089	0	355
6585649	38015123	0	0	0	329	0	0.065	0	356
14945418	14945861	0	0	0	4378	0	0.247	0	357
8796479	-100	0	0	0	-100	0	0.47	0	
19308102	-100	0	0	0	-100	0	0.486	0	
15141928	-100	0	0	0	-100	0	0.501	0	
24009476	46402312	0	0	0	1726	0	0.17	0	360
13896415	14008236	0	0	0	765	0	0.093	0	361
54266463	54271364	0	0	0	6619	0	0.323	0	362
11450327	-100	0	0	0	-100	0	0.448	0	
9219072	-100	0	0	0	-100	0	0.539	0	
26200107	-100	0	0	0	-100	0	0.468	0	
14415864	-100	0	0	0	-100	0	0.481	0	
12845562	12901567	0	0	0	438	0	0.085	0	368
9900385	-100	0	0	0	-100	0	0.417	0	
47646977	47647121	0	0	0	3677	0	0.2	0	37
18285211	-100	0	0	0	-100	0	0.471	0	
41681077	41682718	0	0	0	1	0	0.031	0	371
5504642	-100	0	0	0	-100	0	0.401	0	
11945142	-100	0	0	0	-100	0	0.448	0	
4455841	-100	0	0	0	-100	0	0.57	0	
15558289	-100	0	0	0	-100	0	0.455	0	
25426620	-100	0	0	0	-100	0	0.464	0	
1527513	-100	0	0	0	-100	0	0.423	0	
19134079	19154300	0	0	0	6964	0	0.379	0	378
1266569	1266847	0	0	0	763	0	0.084	0	379
34014351	-100	0	0	0	-100	0	0.444	0	
9696545	-100	0	0	0	-100	0	0.425	0	
26582039	-100	0	0	0	-100	0	0.432	0	
13365084	-100	0	0	0	-100	0	0.486	0	
5401412	11267700	0	0	0	4660	0	0.232	0	383
35559769	48190007	0	0	0	2	0	0.053	0	384
37480773	37482891	0	0	0	929	0	0.101	0	385
23373374	-100	0	0	0	-100	0	0.463	0	
22799044	23377750	0	0	0	155	0	0.038	0	387
14934667	-100	0	0	0	-100	0	0.448	0	
41673236	-100	0	0	0	-100	0	0.47	0	
17236317	17237021	0	0	0	1	0	0.047	0	39
12352635	-100	0	0	0	-100	0	0.47	0	
42689595	-100	0	0	0	-100	0	0.533	0	
16506952	-100	0	0	0	-100	0	0.486	0	
51251140	61595606	0	0	0	836	0	0.1	0	393
50583100	-100	0	0	0	-100	0	0.47	0	
23843985	23853763	0	0	0	3	0	0.047	0	395
6016157	6026392	0	0	0	1208	0	0.1	0	396
1853622	2872366	0	0	0	1144	0	0.116	0	397
25938781	26212025	0	0	0	351	0	0.053	0	398
54061930	54299690	0	0	0	1	0	0.032	0	399
35111358	35118877	0	0	0	2992	0	0.2	0	4
39255026	39276798	0	0	0	682	0	0.094	0	40
24889961	24904180	0	0	0	7	0	0.091	0	400
27511110	-100	0	0	0	-100	0	0.501	0	
2344747	-100	0	0	0	-100	0	0.486	0	
56314804	57630819	0	0	0	847	0	0.132	0	403
13022369	-100	0	0	0	-100	0	0.47	0	
47650049	47663845	0	0	0	2	0	0.031	0	405
32134774	32137405	0	0	0	9634	0	0.423	0	406
7860441	-100	0	0	0	-100	0	0.501	0	
34848493	-100	0	0	0	-100	0	0.48	0	
59489292	59493934	0	0	0	1	0	0.053	0	409
2554671	-100	0	0	0	-100	0	0.47	0	
55294546	55295170	0	0	0	1514	0	0.063	0	410
7058603	-100	0	0	0	-100	0	0.454	0	
14922624	14922840	0	0	0	1376	0	0.179	0	412
43215081	43233652	0	0	0	40	0	0.069	0	413
2338912	-100	0	0	0	-100	0	0.485	0	
16493606	-100	0	0	0	-100	0	0.486	0	
22260805	22268923	0	0	0	5901	0	0.27	0	416
58960810	58966290	0	0	0	1	0	0.031	0	417
46900408	46908046	0	0	0	3	0	0.062	0	418
8775572	-100	0	0	0	-100	0	0.455	0	
26556925	35060128	0	0	0	71	0	0.069	0	42
2922950	2923428	0	0	0	319	0	0.063	0	420
1811421	2392465	0	0	0	3824	0	0.169	0	421
32744298	36044369	0	0	0	283	0	0.1	0	422
24879399	33545314	0	0	0	11	0	0.053	0	423
18061724	18120338	0	0	0	736	0	0.101	0	424
31168584	39614980	0	0	0	9092	0	0.479	0	425
51371284	-100	0	0	0	-100	0	0.501	0	
7735837	7749060	0	0	0	1	0	0.054	0	427
2086542	-100	0	0	0	-100	0	0.463	0	
15153139	-100	0	0	0	-100	0	0.47	0	
21952072	21952796	0	0	0	1255	0	0.073	0	43
33789054	33790955	0	0	0	1	0	0.047	0	430
7573505	7574316	0	0	0	249	0	0.049	0	431
5476297	-100	0	0	0	-100	0	0.448	0	
58953393	-100	0	0	0	-100	0	0.47	0	
28576229	29311537	0	0	0	1759	0	0.116	0	434
1281007	-100	0	0	0	-100	0	0.555	0	
10422268	11399613	0	0	0	254	0	0.1	0	436
7180263	-100	0	0	0	-100	0	0.486	0	
5506411	5608975	0	0	0	86	0	0.063	0	438
54756854	54774616	0	0	0	1	0	0.053	0	439
21948691	21962805	0	0	0	76	0	0.063	0	44
26969389	-100	0	0	0	-100	0	0.523	0	
4669655	18125638	0	0	0	24	0	0.031	0	441
35881584	36075251	0	0	0	8	0	0.016	0	442
8833522	-100	0	0	0	-100	0	0.47	0	
11762070	11763795	0	0	0	32	0	0.047	0	444
35879203	35891777	0	0	0	55	0	0.131	0	445
33754043	-100	0	0	0	-100	0	0.57	0	
13858706	13859052	0	0	0	28	0	0.052	0	447
11397441	11398482	0	0	0	52	0	0.071	0	448
14382607	14610396	0	0	0	3	0	0.06	0	449
3983432	-100	0	0	0	-100	0	0.487	0	
12809526	-100	0	0	0	-100	0	0.455	0	
9663607	9667589	0	0	0	188	0	0.1	0	451
25392228	25403434	0	0	0	28	0	0.047	0	452
1274713	1275916	0	0	0	2	0	0.053	0	453
22245852	-100	0	0	0	-100	0	0.495	0	
7041256	7043708	0	0	0	1	0	0.085	0	455
34597763	34828433	0	0	0	46	0	0.132	0	456
3895033	4699519	0	0	0	29	0	0.012	0	457
3473437	-100	0	0	0	-100	0	0.494	0	
14078426	-100	0	0	0	-100	0	0.474	0	
50259893	50273638	0	0	0	1119	0	0.161	0	46
27487319	56401258	0	0	0	2090	0	0.141	0	460
30108691	-100	0	0	0	-100	0	0.432	0	
50553666	50555448	0	0	0	94	0	0.038	0	462
20853604	41118242	0	0	0	1143	0	0.1	0	463
7039162	-100	0	0	0	-100	0	0.495	0	
13330390	18238614	0	0	0	5639	0	0.323	0	465
17524188	58587781	0	0	0	95	0	0.063	0	466
12804880	12805580	0	0	0	1	0	0.069	0	467
9762491	-100	0	0	0	-100	0	0.485	0	
16740112	-100	0	0	0	-100	0	0.448	0	
29812596	-100	0	0	0	-100	0	0.471	0	
41169902	41176485	0	0	0	1	0	0.046	0	470
24860018	24861785	0	0	0	2733	0	0.201	0	471
51075201	51076276	0	0	0	2	0	0.053	0	472
13448152	13448420	0	0	0	2236	0	0.17	0	473
3363764	3373891	0	0	0	1	0	0.047	0	474
44971116	-100	0	0	0	-100	0	0.47	0	
21857617	27480372	0	0	0	26	0	0.047	0	476
13323723	13325320	0	0	0	1	0	0.037	0	477
45829570	-100	0	0	0	-100	0	0.448	0	
35578823	35579209	0	0	0	9	0	0.085	0	48
55520394	55523177	0	0	0	1	0	0.062	0	481
4558437	12798162	0	0	0	31	0	0.031	0	482
32891256	-100	0	0	0	-100	0	0.508	0	
4547485	-100	0	0	0	-100	0	0.455	0	
43415783	54427950	0	0	0	102	0	0.047	0	485
18039256	18039334	0	0	0	1	0	0.031	0	486
12794152	12820728	0	0	0	279	0	0.1	0	487
53942586	53955108	0	0	0	2	0	0.085	0	488
41104996	41105395	0	0	0	1	0	0.069	0	489
44490959	-100	0	0	0	-100	0	0.47	0	
23015043	24851946	0	0	0	2871	0	0.163	0	490
62075591	62079780	0	0	0	1	0	0.06	0	491
41628335	-100	0	0	0	-100	0	0.443	0	
44944057	44946378	0	0	0	1	0	0.129	0	493
4442418	37957089	0	0	0	9624	0	0.448	0	494
44686282	53856097	0	0	0	1	0	0.047	0	495
23362718	23365172	0	0	0	1	0	0.053	0	496
43196730	-100	0	0	0	-100	0	0.455	0	
7181702	-100	0	0	0	-100	0	0.517	0	
3874744	22433167	0	0	0	9	0	0.031	0	499
44019447	44037952	0	0	0	7	0	0.031	0	5
32956293	32969883	0	0	0	1	0	0.069	0	50
19524589	20127660	0	0	0	130	0	0.1	0	500
19079073	-100	0	0	0	-100	0	0.448	0	
18768103	23981733	0	0	0	5735	0	0.308	0	502
41621701	-100	0	0	0	-100	0	0.479	0	
28231888	28236469	0	0	0	1	0	0.069	0	504
21174276	21175018	0	0	0	3	0	0.031	0	505
6237817	-100	0	0	0	-100	0	0.439	0	
16977690	16978320	0	0	0	1	0	0.032	0	507
5600883	-100	0	0	0	-100	0	0.501	0	
25983401	-100	0	0	0	-100	0	0.454	0	
57597713	57603835	0	0	0	1	0	0.079	0	51
23369012	23792608	0	0	0	2	0	0.053	0	510
47909378	47925466	0	0	0	1	0	0.016	0	511
14878174	14878908	0	0	0	76	0	0.131	0	512
47908180	47919059	0	0	0	1	0	0.054	0	513
17946143	22880348	0	0	0	1602	0	0.115	0	514
32702845	-100	0	0	0	-100	0	0.448	0	
10950470	-100	0	0	0	-100	0	0.502	0	
48684592	53358444	0	0	0	9	0	0.038	0	517
10439354	10453380	0	0	0	129	0	0.069	0	518
19316982	34798914	0	0	0	28	0	0.062	0	519
21421835	21423325	0	0	0	1	0	0.054	0	52
28585399	-100	0	0	0	-100	0	0.516	0	
3101993	-100	0	0	0	-100	0	0.486	0	
16972737	-100	0	0	0	-100	0	0.448	0	
27982625	-100	0	0	0	-100	0	0.47	0	
50794479	50809510	0	0	0	1	0	0.063	0	524
12777862	14691373	0	0	0	108	0	0.053	0	525
8058871	-100	0	0	0	-100	0	0.448	0	
44758535	44781279	0	0	0	32	0	0.054	0	527
31650860	31653752	0	0	0	938	0	0.115	0	528
12409990	-100	0	0	0	-100	0	0.439	0	
59693311	59700663	0	0	0	1	0	0.047	0	53
6484457	6499790	0	0	0	3055	0	0.201	0	530
4911107	11150335	0	0	0	1	0	0.1	0	531
13823530	-100	0	0	0	-100	0	0.417	0	
7007704	7016710	0	0	0	1	0	0.131	0	533
1240322	-100	0	0	0	-100	0	0.439	0	
5615146	8801486	0	0	0	216	0	0.069	0	535
16444439	-100	0	0	0	-100	0	0.448	0	
6169066	6170015	0	0	0	1	0	0.047	0	537
2824291	2827992	0	0	0	1	0	0.069	0	538
61532396	61545812	0	0	0	3	0	0.1	0	539
7787959	7790943	0	0	0	33	0	0.101	0	54
14345256	14390302	0	0	0	1	0	0.053	0	540
29025075	29026626	0	0	0	1	0	0.047	0	541
16631904	16633972	0	0	0	3389	0	0.216	0	542
16062246	17544628	0	0	0	1570	0	0.116	0	544
62054388	62069628	0	0	0	1	0	0.053	0	545
59231143	-100	0	0	0	-100	0	0.502	0	
19062341	25018202	0	0	0	1	0	0.084	0	547
9100764	-100	0	0	0	-100	0	0.448	0	
23521781	-100	0	0	0	-100	0	0.524	0	
56546565	56555761	0	0	0	1998	0	0.131	0	55
35314980	-100	0	0	0	-100	0	0.486	0	
35314519	35336948	0	0	0	9	0	0.085	0	551
26401359	26542442	0	0	0	77	0	0.046	0	552
5644412	-100	0	0	0	-100	0	0.518	0	
43702337	-100	0	0	0	-100	0	0.47	0	
8050747	8052833	0	0	0	99	0	0.084	0	555
48420586	52726965	0	0	0	3246	0	0.263	0	556
10351423	-100	0	0	0	-100	0	0.454	0	
25351381	25354623	0	0	0	4	0	0.17	0	558
26399357	26605470	0	0	0	190	0	0.078	0	559
51827622	-100	0	0	0	-100	0	0.47	0	
31117682	31155746	0	0	0	489	0	0.069	0	560
30526802	30639980	0	0	0	60	0	0.031	0	561
2939061	-100	0	0	0	-100	0	0.455	0	
46845065	46845815	0	0	0	89	0	0.047	0	563
13336744	13337696	0	0	0	2745	0	0.153	0	564
2845340	3327832	0	0	0	8882	0	0.417	0	565
60474786	-100	0	0	0	-100	0	0.534	0	
37061770	-100	0	0	0	-100	0	0.484	0	
10185634	51751753	0	0	0	9520	0	0.471	0	568
7520174	7561604	0	0	0	1	0	0.062	0	569
55495976	55546877	0	0	0	12	0	0.05	0	57
24821550	-100	0	0	0	-100	0	0.431	0	
4546614	5422242	0	0	0	110	0	0.053	0	571
40025195	-100	0	0	0	-100	0	0.493	0	
18004904	18031974	0	0	0	3	0	0.182	0	573
14858642	38426584	0	0	0	1264	0	0.111	0	574
25868547	25870734	0	0	0	1	0	0.139	0	575
14858495	-100	0	0	0	-100	0	0.486	0	
41808736	42121396	0	0	0	553	0	0.139	0	577
43693742	43718834	0	0	0	2	0	0.092	0	578
32158253	32182247	0	0	0	1	0	0.071	0	579
7337992	-100	0	0	0	-100	0	0.463	0	
22721027	-100	0	0	0	-100	0	0.433	0	
32682273	32704222	0	0	0	1	0	0.084	0	581
427297	-100	0	0	0	-100	0	0.47	0	
12234093	12234354	0	0	0	1	0	0.054	0	583
40545620	-100	0	0	0	-100	0	0.494	0	
5416590	-100	0	0	0	-100	0	0.471	0	
6200612	-100	0	0	0	-100	0	0.438	0	
23889469	-100	0	0	0	-100	0	0.495	0	
378574	-100	0	0	0	-100	0	0.47	0	
33728581	33728882	0	0	0	93	0	0.138	0	589
10929366	10941763	0	0	0	53	0	0.078	0	59
47883508	-100	0	0	0	-100	0	0.471	0	
56271660	56322476	0	0	0	6	0	0.069	0	591
14328475	-100	0	0	0	-100	0	0.448	0	
45259259	45261449	0	0	0	1330	0	0.238	0	593
26553350	28483844	0	0	0	2387	0	0.163	0	594
43687811	43697754	0	0	0	4	0	0.037	0	595
28482648	-100	0	0	0	-100	0	0.479	0	
48405226	48446624	0	0	0	1	0	0.054	0	597
19044475	19047370	0	0	0	3206	0	0.185	0	598
3442529	4888667	0	0	0	2641	0	0.178	0	599
29862711	29863919	0	0	0	5	0	0.069	0	6
37560463	37672808	0	0	0	875	0	0.085	0	60
16630176	16630770	0	0	0	1	0	0.116	0	600
5412681	-100	0	0	0	-100	0	0.454	0	
55908755	56791809	0	0	0	3	0	0.116	0	603
3930053	4019181	0	0	0	5	0	0.032	0	604
56589029	58888554	0	0	0	3	0	0.037	0	605
28871719	-100	0	0	0	-100	0	0.533	0	
15895686	16147533	0	0	0	423	0	0.169	0	607
3892063	-100	0	0	0	-100	0	0.417	0	
10730556	17468374	0	0	0	52	0	0.015	0	609
3588907	3590278	0	0	0	531	0	0.085	0	61
11701179	11703611	0	0	0	106	0	0.201	0	610
23235355	23235855	0	0	0	1	0	0.046	0	611
14401516	15370910	0	0	0	3038	0	0.17	0	612
6574999	-100	0	0	0	-100	0	0.486	0	
17006340	-100	0	0	0	-100	0	0.448	0	
12536668	-100	0	0	0	-100	0	0.439	0	
34691210	-100	0	0	0	-100	0	0.494	0	
7506194	-100	0	0	0	-100	0	0.085	0	
29525885	-100	0	0	0	-100	0	0.423	0	
52871936	53421253	0	0	0	1641	0	0.094	0	62
1969374	3118699	0	0	0	857	0	0.138	0	620
42632702	42641706	0	0	0	1	0	0.031	0	621
57312749	58557233	0	0	0	302	0	0.085	0	622
13307111	-100	0	0	0	-100	0	0.432	0	
3499173	-100	0	0	0	-100	0	0.502	0	
21660829	-100	0	0	0	-100	0	0.486	0	
21248904	35851049	0	0	0	1	0	0.1	0	626
55717029	-100	0	0	0	-100	0	0.439	0	
3857081	4358525	0	0	0	179	0	0.093	0	628
47629049	-100	0	0	0	-100	0	0.508	0	
52592548	58693002	0	0	0	76	0	0.047	0	630
17948543	49572417	0	0	0	6	0	0.116	0	631
21173231	-100	0	0	0	-100	0	0.47	0	
9598587	9599008	0	0	0	1576	0	0.163	0	633
32667030	-100	0	0	0	-100	0	0.423	0	
1209604	-100	0	0	0	-100	0	0.448	0	
6975416	6986334	0	0	0	1	0	0.185	0	636
30568069	-100	0	0	0	-100	0	0.454	0	
31090982	33494092	0	0	0	614	0	0.116	0	638
3135530	-100	0	0	0	-100	0	0.464	0	
10404161	10474648	0	0	0	259	0	0.053	0	64
8021866	-100	0	0	0	-100	0	0.533	0	
681115	-100	0	0	0	-100	0	0.47	0	
12215356	-100	0	0	0	-100	0	0.47	0	
34235369	34235935	0	0	0	1	0	0.081	0	643
47431299	55206672	0	0	0	11	0	0.051	0	644
2253543	35456122	0	0	0	29	0	0.047	0	645
42099363	46100643	0	0	0	65	0	0.053	0	646
23749279	-100	0	0	0	-100	0	0.448	0	
37862126	51775962	0	0	0	2202	0	0.122	0	648
20280104	20422497	0	0	0	1	0	0.063	0	649
20364384	20365368	0	0	0	1	0	0.138	0	65
40302105	-100	0	0	0	-100	0	0.432	0	
6173455	-100	0	0	0	-100	0	0.423	0	
59399906	-100	0	0	0	-100	0	0.417	0	
29640839	29735482	0	0	0	1	0	0.085	0	653
11689226	-100	0	0	0	-100	0	0.438	0	
54678804	54680799	0	0	0	209	0	0.101	0	655
17579449	35281870	0	0	0	5063	0	0.332	0	656
39829255	40524707	0	0	0	4	0	0.047	0	657
12870803	12879484	0	0	0	1	0	0.053	0	658
9353938	9379261	0	0	0	352	0	0.047	0	66
52164954	53865862	0	0	0	1	0	0.022	0	661
46279119	-100	0	0	0	-100	0	0.495	0	
7540261	7540449	0	0	0	152	0	0.053	0	663
47339760	53127069	0	0	0	1	0	0.069	0	664
2035325	2048022	0	0	0	3	0	0.101	0	665
34756244	34818999	0	0	0	23	0	0.131	0	666
38055561	38295832	0	0	0	9	0	0.1	0	667
30561481	30563708	0	0	0	768	0	1.004	0	668
47862871	47917157	0	0	0	7	0	0.031	0	669
59684747	59703413	0	0	0	3	0	0.085	0	67
23745468	23746403	0	0	0	551	0	0.084	0	670
15356766	15506402	0	0	0	9133	0	0.458	0	671
30560855	30563782	0	0	0	53	0	0.05	0	672
10113317	10129180	0	0	0	2	0	0.03	0	673
259719	19629379	0	0	0	3	0	0.041	0	674
2074527	8239600	0	0	0	154	0	0.06	0	675
6710236	-100	0	0	0	-100	0	0.504	0	
16927479	18177208	0	0	0	34	0	0.049	0	677
2370968	11684442	0	0	0	97	0	0.03	0	678
12730493	-100	0	0	0	-100	0	0.534	0	
24033110	-100	0	0	0	-100	0	0.464	0	
53626874	54387226	0	0	0	1	0	0.06	0	680
35800232	41324164	0	0	0	7601	0	0.374	0	681
10634058	-100	0	0	0	-100	0	0.417	0	
45522014	48907055	0	0	0	1	0	0.038	0	683
4686953	-100	0	0	0	-100	0	0.479	0	
24027918	24265115	0	0	0	3085	0	0.169	0	685
6242591	-100	0	0	0	-100	0	0.517	0	
27410730	-100	0	0	0	-100	0	0.486	0	
9659233	15111887	0	0	0	3	0	0.054	0	688
24413929	-100	0	0	0	-100	0	0.447	0	
34748981	-100	0	0	0	-100	0	0.47	0	
20592116	20592292	0	0	0	1	0	0.032	0	692
32952124	58340588	0	0	0	27	0	0.037	0	693
27226055	-100	0	0	0	-100	0	0.448	0	
34331370	-100	0	0	0	-100	0	0.471	0	
47886025	48959047	0	0	0	16	0	0.046	0	696
14087076	21638724	0	0	0	8	0	0.032	0	697
26357052	26365537	0	0	0	1	0	0.053	0	698
7730560	16395367	0	0	0	4484	0	0.232	0	699
54435397	56076253	0	0	0	164	0	0.085	0	7
56014349	56034507	0	0	0	14	0	0.053	0	70
2045850	-100	0	0	0	-100	0	0.432	0	
22430473	22434435	0	0	0	1	0	0.069	0	701
25626375	46650151	0	0	0	4346	0	0.301	0	702
13249018	-100	0	0	0	-100	0	0.478	0	
15870319	15870709	0	0	0	1	0	0.072	0	704
22161186	28491237	0	0	0	5690	0	0.283	0	705
8722295	-100	0	0	0	-100	0	0.514	0	
664332	669178	0	0	0	1	0	0.08	0	707
36840184	-100	0	0	0	-100	0	0.515	0	
30548490	30816127	0	0	0	2	0	0.048	0	709
13075449	-100	0	0	0	-100	0	0.476	0	
14295509	14300868	0	0	0	6	0	0.08	0	710
18089543	18218051	0	0	0	5534	0	0.283	0	712
13988225	-100	0	0	0	-100	0	0.463	0	
33168646	-100	0	0	0	-100	0	0.565	0	
15519202	-100	0	0	0	-100	0	0.473	0	
33692591	-100	0	0	0	-100	0	0.494	0	
26071097	-100	0	0	0	-100	0	0.525	0	
32643803	32644935	0	0	0	2	0	0.088	0	718
15901091	-100	0	0	0	-100	0	0.49	0	
30322925	30392752	0	0	0	8	0	0.037	0	72
33752165	-100	0	0	0	-100	0	0.448	0	
53690076	53849868	0	0	0	1	0	0.054	0	721
10342738	-100	0	0	0	-100	0	0.432	0	
30545555	30556227	0	0	0	3146	0	0.154	0	723
52308258	54138413	0	0	0	35	0	0.046	0	724
32311109	-100	0	0	0	-100	0	0.433	0	
27398989	43862282	0	0	0	497	0	0.053	0	726
46797422	46798454	0	0	0	2769	0	0.185	0	727
37837710	37884448	0	0	0	10	0	0.085	0	728
43127227	43128797	0	0	0	1	0	0.062	0	729
29798332	29820777	0	0	0	5	0	0.069	0	73
47557998	48012080	0	0	0	1	0	0.085	0	730
5377798	5378163	0	0	0	920	0	0.116	0	732
3804876	3811232	0	0	0	10	0	0.069	0	733
5964407	5979043	0	0	0	1721	0	0.1	0	734
6041511	23727630	0	0	0	180	0	0.047	0	735
31830077	-100	0	0	0	-100	0	0.486	0	
3957584	3957801	0	0	0	577	0	0.047	0	737
10514019	-100	0	0	0	-100	0	0.523	0	
52423705	56756109	0	0	0	1	0	0.056	0	739
9349318	-100	0	0	0	-100	0	0.461	0	
16705425	-100	0	0	0	-100	0	0.448	0	
5573211	-100	0	0	0	-100	0	0.47	0	
12682660	12715547	0	0	0	107	0	0.069	0	742
14288327	14330815	0	0	0	132	0	0.047	0	743
7288081	-100	0	0	0	-100	0	0.417	0	
40534557	57803785	0	0	0	4350	0	0.354	0	745
35259078	36664737	0	0	0	1250	0	0.1	0	746
38937525	38975742	0	0	0	1	0	0.063	0	747
29333291	-100	0	0	0	-100	0	0.501	0	
10092771	10093611	0	0	0	1	0	0.053	0	749
2534455	-100	0	0	0	-100	0	0.533	0	
20729067	22888096	0	0	0	10	0	0.053	0	750
9568407	-100	0	0	0	-100	0	0.517	0	
21102401	-100	0	0	0	-100	0	0.448	0	
28135954	-100	0	0	0	-100	0	0.486	0	
38927628	-100	0	0	0	-100	0	0.455	0	
52558815	52563301	0	0	0	436	0	0.084	0	755
28022131	-100	0	0	0	-100	0	0.441	0	
2856530	-100	0	0	0	-100	0	0.524	0	
36386337	41440352	0	0	0	356	0	0.083	0	758
49236104	49253098	0	0	0	1	0	0.07	0	759
11971527	12004567	0	0	0	1	0	0.081	0	76
22672021	22673658	0	0	0	1	0	0.04	0	760
5526457	-100	0	0	0	-100	0	0.524	0	
3581870	18754062	0	0	0	5	0	0.071	0	762
33927167	-100	0	0	0	-100	0	0.462	0	
46049531	46052417	0	0	0	3	0	0.072	0	77
9865573	46539366	0	0	0	2825	0	0.193	0	771
23196141	-100	0	0	0	-100	0	0.454	0	
31654899	-100	0	0	0	-100	0	0.486	0	
21622946	21629922	0	0	0	1	0	0.063	0	774
27838025	28438438	0	0	0	23	0	0.084	0	775
23719758	23720331	0	0	0	1	0	0.054	0	776
23478701	23479129	0	0	0	1	0	0.062	0	777
16170388	43885628	0	0	0	5	0	0.038	0	778
51816646	51817626	0	0	0	1	0	0.047	0	78
3580883	-100	0	0	0	-100	0	0.486	0	
38251605	-100	0	0	0	-100	0	0.438	0	
1389431	-100	0	0	0	-100	0	0.444	0	
21621211	21622738	0	0	0	1	0	0.051	0	784
17426899	21828937	0	0	0	2300	0	0.234	0	785
45459125	45460324	0	0	0	1	0	0.031	0	786
13507779	14086980	0	0	0	1	0	0.054	0	787
36086846	-100	0	0	0	-100	0	0.479	0	
46261613	46284557	0	0	0	19	0	0.085	0	789
14067212	-100	0	0	0	-100	0	0.454	0	
6595183	-100	0	0	0	-100	0	0.448	0	
1172327	2611363	0	0	0	1	0	0.0	0	791
23880928	33870439	0	0	0	710	0	0.116	0	792
38919165	38928973	0	0	0	589	0	0.085	0	794
10607373	-100	0	0	0	-100	0	0.501	0	
34162156	-100	0	0	0	-100	0	0.47	0	
184365	9818202	0	0	0	15	0	0.063	0	798
24236002	24236603	0	0	0	8	0	0.107	0	799
40339101	40339468	0	0	0	1189	0	0.1	0	8
21407213	-100	0	0	0	-100	0	0.517	0	
4837830	4838847	0	0	0	23	0	0.116	0	800
21090333	21138334	0	0	0	1120	0	0.1	0	801
24956272	35006818	0	0	0	1543	0	0.116	0	802
14274274	14313154	0	0	0	117	0	0.047	0	803
12701358	-100	0	0	0	-100	0	0.454	0	
11437650	-100	0	0	0	-100	0	0.468	0	
26003063	44290519	0	0	0	4426	0	0.241	0	806
4836401	4836504	0	0	0	1	0	0.085	0	807
7457802	-100	0	0	0	-100	0	0.485	0	
9184695	31050716	0	0	0	104	0	0.078	0	809
41853612	41861430	0	0	0	1	0	0.101	0	81
42948344	-100	0	0	0	-100	0	0.439	0	
37355063	37363417	0	0	0	5649	0	0.332	0	811
54206286	55301299	0	0	0	7	0	0.038	0	812
41010706	-100	0	0	0	-100	0	0.463	0	
11883575	11885169	0	0	0	5347	0	0.254	0	814
38388764	38471609	0	0	0	1	0	0.132	0	815
32203564	32256969	0	0	0	1403	0	0.116	0	816
1262083	-100	0	0	0	-100	0	0.485	0	
9194281	34281113	0	0	0	1	0	0.085	0	818
7455279	10762538	0	0	0	997	0	0.116	0	819
3579744	3601954	0	0	0	1	0	0.069	0	82
46776745	-100	0	0	0	-100	0	0.496	0	
23183647	23184567	0	0	0	1293	0	0.103	0	821
22659345	33158328	0	0	0	6754	0	0.372	0	822
38912185	-100	0	0	0	-100	0	0.432	0	
26174267	-100	0	0	0	-100	0	0.47	0	
16031589	-100	0	0	0	-100	0	0.571	0	
48348871	48469757	0	0	0	5273	0	0.331	0	826
1386593	-100	0	0	0	-100	0	0.502	0	
17415608	20628957	0	0	0	7961	0	0.416	0	828
21967301	-100	0	0	0	-100	0	0.624	0	
3130598	3130885	0	0	0	89	0	0.031	0	83
6249059	6287770	0	0	0	3	0	0.085	0	830
46775200	-100	0	0	0	-100	0	0.548	0	
20035666	20035799	0	0	0	2407	0	0.217	0	832
13187927	13219921	0	0	0	1	0	0.053	0	833
46597383	-100	0	0	0	-100	0	0.733	0	
16440904	16446366	0	0	0	2878	0	0.269	0	835
17270935	17290145	0	0	0	10	0	0.07	0	836
25801686	25850777	0	0	0	2	0	0.113	0	837
39833496	45200047	0	0	0	13	0	0.04	0	838
10765699	10766387	0	0	0	1	0	0.061	0	839
5531665	-100	0	0	0	-100	0	0.554	0	
45199599	53172288	0	0	0	5	0	0.078	0	840
6959120	-100	0	0	0	-100	0	0.456	0	
43589	39438496	0	0	0	1197	0	0.061	0	842
22654363	22888967	0	0	0	192	0	0.068	0	843
10145259	53063059	0	0	0	1984	0	0.133	0	844
18086094	20032717	0	0	0	230	0	0.039	0	845
10841847	10853565	0	0	0	38	0	0.062	0	846
20380245	-100	0	0	0	-100	0	0.505	0	
6666791	6680164	0	0	0	952	0	0.109	0	848
7720138	-100	0	0	0	-100	0	0.456	0	
14115028	14364950	0	0	0	48	0	0.04	0	85
1488267	-100	0	0	0	-100	0	0.464	0	
35798048	50541560	0	0	0	36	0	0.08	0	851
22459155	23700422	0	0	0	166	0	0.051	0	852
38380193	38590194	0	0	0	4638	0	0.232	0	853
30916271	-100	0	0	0	-100	0	0.473	0	
12165649	12184620	0	0	0	239	0	0.079	0	855
10731877	10747626	0	0	0	8	0	0.063	0	856
23699484	23742576	0	0	0	29	0	0.064	0	857
41395252	54915084	0	0	0	120	0	0.02	0	858
1678981	1678989	0	0	0	1	0	0.016	0	859
14606970	-100	0	0	0	-100	0	0.47	0	
5435310	19563167	0	0	0	1	0	0.062	0	860
34184630	34215854	0	0	0	449	0	0.217	0	861
55680376	55680953	0	0	0	1	0	0.169	0	862
5348721	8633540	0	0	0	1	0	0.015	0	863
7969926	-100	0	0	0	-100	0	0.455	0	
31492051	31562616	0	0	0	430	0	0.1	0	865
7980741	10106052	0	0	0	2881	0	0.163	0	867
39426200	51493658	0	0	0	4992	0	0.285	0	868
35189328	-100	0	0	0	-100	0	0.517	0	
28743196	28765703	0	0	0	97	0	0.143	0	87
8263293	18158487	0	0	0	4	0	0.101	0	870
2937466	-100	0	0	0	-100	0	0.453	0	
33114843	33133602	0	0	0	33	0	0.078	0	872
10709787	13210447	0	0	0	1	0	0.1	0	873
3026134	-100	0	0	0	-100	0	0.455	0	
26317300	28272443	0	0	0	318	0	0.062	0	875
22299294	-100	0	0	0	-100	0	0.508	0	
15803441	-100	0	0	0	-100	0	0.448	0	
4822914	-100	0	0	0	-100	0	0.455	0	
10871939	24742766	0	0	0	193	0	0.047	0	879
7779408	-100	0	0	0	-100	0	0.485	0	
4367861	4368107	0	0	0	1	0	0.032	0	880
3106737	47810114	0	0	0	17	0	0.037	0	881
7438324	-100	0	0	0	-100	0	0.48	0	
19496642	19582967	0	0	0	6	0	0.069	0	883
6227000	-100	0	0	0	-100	0	0.501	0	
2719012	-100	0	0	0	-100	0	0.448	0	
29981882	-100	0	0	0	-100	0	0.561	0	
2153062	18019976	0	0	0	1384	0	0.109	0	887
49037109	49216555	0	0	0	1	0	0.1	0	888
46240576	46240903	0	0	0	39	0	0.133	0	889
39228296	-100	0	0	0	-100	0	0.675	0	
7179216	-100	0	0	0	-100	0	0.597	0	
521418	10102225	0	0	0	670	0	0.063	0	891
1565775	-100	0	0	0	-100	0	0.539	0	
12154830	-100	0	0	0	-100	0	0.517	0	
33410175	-100	0	0	0	-100	0	0.532	0	
23519227	23522091	0	0	0	1	0	0.054	0	895
4325956	44494263	0	0	0	1830	0	0.147	0	896
646195	13483614	0	0	0	2982	0	0.138	0	897
1488033	15575405	0	0	0	5236	0	0.286	0	898
53048413	53050736	0	0	0	7	0	0.078	0	899
5732990	5735432	0	0	0	6449	0	0.338	0	9
5149525	8364358	0	0	0	1130	0	0.116	0	90
46342798	46343196	0	0	0	6328	0	0.363	0	901
9801908	-100	0	0	0	-100	0	0.524	0	
2191367	10260314	0	0	0	5	0	0.031	0	903
53622856	53667817	0	0	0	919	0	0.085	0	904
4288359	4310769	0	0	0	1383	0	0.131	0	905
17966493	24042894	0	0	0	134	0	0.054	0	906
29991254	-100	0	0	0	-100	0	0.479	0	
15297551	-100	0	0	0	-100	0	0.47	0	
26831818	26846739	0	0	0	121	0	0.085	0	909
14586189	14588444	0	0	0	197	0	0.047	0	91
3838288	57008999	0	0	0	9535	0	0.407	0	910
2714342	2719584	0	0	0	2	0	0.031	0	911
1895683	-100	0	0	0	-100	0	0.486	0	
26549120	-100	0	0	0	-100	0	0.501	0	
18297161	35219537	0	0	0	524	0	0.101	0	914
39025977	-100	0	0	0	-100	0	0.563	0	
5351659	-100	0	0	0	-100	0	0.455	0	
7955968	8264579	0	0	0	1	0	0.015	0	917
2374567	9388245	0	0	0	88	0	0.047	0	918
13468754	-100	0	0	0	-100	0	0.624	0	
40797142	40799723	0	0	0	1	0	0.047	0	92
38363250	38381969	0	0	0	18	0	0.038	0	920
38752336	43191129	0	0	0	1385	0	0.1	0	921
23145245	23158564	0	0	0	5	0	0.1	0	922
38887186	-100	0	0	0	-100	0	0.448	0	
6381270	-100	0	0	0	-100	0	0.502	0	
1662337	-100	0	0	0	-100	0	0.448	0	
16341655	35372094	0	0	0	1862	0	0.107	0	926
19126860	-100	0	0	0	-100	0	0.501	0	
1184628	23681582	0	0	0	233	0	0.116	0	928
7047426	18962960	0	0	0	2620	0	0.147	0	929
45514720	45516555	0	0	0	122	0	0.1	0	93
22427043	-100	0	0	0	-100	0	0.439	0	
49744010	50419736	0	0	0	7455	0	0.363	0	931
21249545	30496403	0	0	0	988	0	0.054	0	932
101935	-100	0	0	0	-100	0	0.432	0	
54853306	60904370	0	0	0	5	0	0.054	0	934
52746698	56709972	0	0	0	3	0	0.062	0	935
22631026	24830183	0	0	0	277	0	0.1	0	936
2183486	-100	0	0	0	-100	0	0.486	0	
1205751	-100	0	0	0	-100	0	0.448	0	
5667526	5668561	0	0	0	7824	0	0.354	0	94
22355828	22694289	0	0	0	242	0	0.054	0	940
36785381	36854379	0	0	0	1199	0	0.131	0	941
56708214	-100	0	0	0	-100	0	0.433	0	
9225632	-100	0	0	0	-100	0	0.517	0	
46746230	-100	0	0	0	-100	0	0.454	0	
9020433	-100	0	0	0	-100	0	0.486	0	
2840755	13076480	0	0	0	2796	0	0.147	0	946
14763979	15552991	0	0	0	2239	0	0.131	0	947
6695756	6697161	0	0	0	1	0	0.05	0	948
31541066	31678319	0	0	0	3766	0	0.21	0	949
51016324	-100	0	0	0	-100	0	0.423	0	
15816024	15829952	0	0	0	1	0	0.041	0	950
2180163	18136064	0	0	0	1173	0	0.116	0	951
3752609	-100	0	0	0	-100	0	0.488	0	
46744068	46744901	0	0	0	1	0	0.04	0	953
36947844	-100	0	0	0	-100	0	0.462	0	
22102004	-100	0	0	0	-100	0	0.435	0	
13201579	13208172	0	0	0	69	0	0.091	0	957
26295494	26300396	0	0	0	2	0	0.069	0	958
12663783	12665915	0	0	0	4308	0	0.242	0	959
58095070	58096365	0	0	0	39	0	0.103	0	96
6896587	19205726	0	0	0	9570	0	0.438	0	960
5937484	-100	0	0	0	-100	0	0.494	0	
59325784	59353210	0	0	0	1	0	0.041	0	962
40601866	-100	0	0	0	-100	0	0.433	0	
42547684	43678020	0	0	0	473	0	0.069	0	964
2372624	-100	0	0	0	-100	0	0.57	0	
8243503	-100	0	0	0	-100	0	0.448	0	
8242922	-100	0	0	0	-100	0	0.454	0	
10301041	-100	0	0	0	-100	0	0.448	0	
2279337	-100	0	0	0	-100	0	0.486	0	
5535514	15807087	0	0	0	101	0	0.062	0	970
25273980	-100	0	0	0	-100	0	0.508	0	
4796384	9363781	0	0	0	1243	0	0.088	0	972
21886257	-100	0	0	0	-100	0	0.429	0	
4835849	22622062	0	0	0	1203	0	0.163	0	974
3777765	10791540	0	0	0	1	0	0.038	0	975
6893194	-100	0	0	0	-100	0	0.486	0	
28912684	28920545	0	0	0	525	0	0.147	0	978
1797510	-100	0	0	0	-100	0	0.448	0	
20869304	20870543	0	0	0	1	0	0.053	0	98
21470405	26965299	0	0	0	2860	0	0.185	0	980
49359589	-100	0	0	0	-100	0	0.448	0	
29960463	-100	0	0	0	-100	0	0.439	0	
16328894	16346691	0	0	0	1	0	0.047	0	983
8464327	-100	0	0	0	-100	0	0.439	0	
47070600	-100	0	0	0	-100	0	0.504	0	
50406958	50444572	0	0	0	1	0	0.069	0	986
33825065	33829118	0	0	0	6227	0	0.3	0	987
4098345	-100	0	0	0	-100	0	0.486	0	
15803852	15871992	0	0	0	1435	0	0.163	0	989
22439076	22441444	0	0	0	1	0	0.069	0	99
33628161	-100	0	0	0	-100	0	0.706	0	
749712	-100	0	0	0	-100	0	0.494	0	
33629455	33651972	0	0	0	905	0	0.085	0	992
6450810	-100	0	0	0	-100	0	0.555	0	
11638534	-100	0	0	0	-100	0	0.586	0	
3220022	-100	0	0	0	-100	0	0.486	0	
23667178	31400916	0	0	0	4	0	0.1	0	997
11084209	13227658	0	0	0	8599	0	0.432	0	998
23666904	54852697	0	0	0	407	0	0.116	0	999
