testPostId	trainPostId	TitleSim	BodySim	TagSim	LuceneHitRank	ProposedHitRank	lucene_hit_duration	Proposed_hit_duration	LuceneTestTrueLabel
28308632	28310753	0	0	0	148	0	0.202	0	1
22512025	22513000	0	0	0	433	0	0.242	0	10
14573553	-100	0	0	0	-100	0	0.311	0	
32686497	37673634	0	0	0	2710	0	0.132	0	1000
25075616	30910162	0	0	0	2196	0	0.084	0	1001
13101211	21044229	0	0	0	79	0	0.085	0	1002
5463029	14752715	0	0	0	236	0	0.138	0	1003
2756978	5315524	0	0	0	1	0	0.171	0	1004
24478879	24499295	0	0	0	33	0	0.126	0	1005
8638352	8648559	0	0	0	5319	0	0.163	0	1006
1860490	-100	0	0	0	-100	0	0.154	0	
46745365	-100	0	0	0	-100	0	0.169	0	
6263105	14751994	0	0	0	6704	0	0.132	0	1009
52366455	55467742	0	0	0	5721	0	0.115	0	101
16849023	41013889	0	0	0	2954	0	0.101	0	1010
37093480	40441937	0	0	0	1120	0	0.1	0	1011
6726219	-100	0	0	0	-100	0	0.1	0	
9889403	38868833	0	0	0	461	0	0.069	0	1014
22778202	32052772	0	0	0	664	0	0.085	0	1015
2693428	2759548	0	0	0	48	0	0.047	0	1017
18187165	18200251	0	0	0	3	0	0.053	0	1018
40965522	52575108	0	0	0	1952	0	0.116	0	1019
2513859	58703110	0	0	0	7607	0	0.132	0	102
9917631	9932281	0	0	0	123	0	0.069	0	1020
2692481	-100	0	0	0	-100	0	0.1	0	
273970	8325784	0	0	0	1257	0	0.062	0	1022
26285311	34901910	0	0	0	76	0	0.069	0	1023
7395977	7410739	0	0	0	155	0	0.064	0	1024
4824503	12018747	0	0	0	1781	0	0.08	0	1025
55120791	-100	0	0	0	-100	0	0.171	0	
1118994	-100	0	0	0	-100	0	0.11	0	
48828671	51829609	0	0	0	1027	0	0.081	0	1028
43061074	44235172	0	0	0	1435	0	0.08	0	1029
7756593	7760320	0	0	0	34	0	0.05	0	103
50925212	53188446	0	0	0	7875	0	0.142	0	1030
6884846	8369807	0	0	0	962	0	0.06	0	1031
44109242	44258214	0	0	0	2	0	0.069	0	1032
19681854	-100	0	0	0	-100	0	0.153	0	
25124761	26443242	0	0	0	5697	0	0.131	0	1034
26493762	29402642	0	0	0	2588	0	0.119	0	1035
2793797	-100	0	0	0	-100	0	0.133	0	
32049115	-100	0	0	0	-100	0	0.159	0	
2942523	15279301	0	0	0	528	0	0.093	0	1038
5834537	37618679	0	0	0	3415	0	0.09	0	1039
13522671	14092105	0	0	0	10	0	0.059	0	104
29416581	-100	0	0	0	-100	0	0.153	0	
51971808	52009122	0	0	0	6399	0	0.129	0	1041
9071094	9088603	0	0	0	3629	0	0.092	0	1042
27661322	28378460	0	0	0	1	0	0.071	0	1043
47252728	47409734	0	0	0	245	0	0.06	0	1044
20171050	-100	0	0	0	-100	0	0.101	0	
30475501	30477453	0	0	0	6244	0	0.121	0	1046
5309287	12663544	0	0	0	5536	0	0.121	0	1047
7406297	7406717	0	0	0	11	0	0.061	0	1048
12786605	18416321	0	0	0	49	0	0.05	0	1049
4142426	16141590	0	0	0	5400	0	0.121	0	105
31704032	41150864	0	0	0	3436	0	0.099	0	1050
8982025	12196958	0	0	0	5654	0	0.153	0	1051
9190044	9205289	0	0	0	1	0	0.06	0	1052
12165456	17367325	0	0	0	1	0	0.061	0	1053
11075301	11090034	0	0	0	153	0	0.038	0	1054
5065039	61302366	0	0	0	1	0	0.062	0	1057
16714362	-100	0	0	0	-100	0	0.101	0	
2282051	-100	0	0	0	-100	0	0.101	0	
18762963	18794982	0	0	0	8160	0	0.141	0	106
23133068	41722751	0	0	0	215	0	0.061	0	1060
3278757	11598363	0	0	0	17	0	0.05	0	1061
2161079	2180689	0	0	0	8797	0	0.141	0	1062
33411455	-100	0	0	0	-100	0	0.141	0	
19135959	27851024	0	0	0	775	0	0.061	0	1064
30679915	30798178	0	0	0	2	0	0.068	0	1065
6355154	-100	0	0	0	-100	0	0.093	0	
2264840	2265572	0	0	0	182	0	0.05	0	1067
9500573	9501248	0	0	0	16	0	0.061	0	1068
5922762	16587341	0	0	0	104	0	0.07	0	1069
4605590	4610651	0	0	0	725	0	0.06	0	107
32044430	32092750	0	0	0	24	0	0.061	0	1070
16435318	16438142	0	0	0	155	0	0.04	0	1071
25338295	-100	0	0	0	-100	0	0.151	0	
890068	995925	0	0	0	1	0	0.051	0	1073
11144100	11457342	0	0	0	9	0	0.05	0	1074
10547982	-100	0	0	0	-100	0	0.091	0	
1106955	1110655	0	0	0	783	0	0.06	0	1076
36091062	36098835	0	0	0	1	0	0.07	0	1077
21243704	27537617	0	0	0	1	0	0.047	0	1078
7401852	7414503	0	0	0	4	0	0.069	0	1079
17710871	-100	0	0	0	-100	0	0.147	0	
25227451	25228901	0	0	0	586	0	0.069	0	1080
32516110	-100	0	0	0	-100	0	0.15	0	
10877369	36761669	0	0	0	151	0	0.061	0	1082
20508619	23848434	0	0	0	977	0	0.068	0	1083
36223693	36237070	0	0	0	70	0	0.052	0	1084
3731171	-100	0	0	0	-100	0	0.162	0	
27323915	-100	0	0	0	-100	0	0.161	0	
39382458	39603946	0	0	0	1	0	0.06	0	1087
11070682	11078572	0	0	0	3683	0	0.091	0	1088
28234273	30193861	0	0	0	369	0	0.07	0	1089
3554724	3555461	0	0	0	1	0	0.061	0	109
3479130	-100	0	0	0	-100	0	0.161	0	
58018514	-100	0	0	0	-100	0	0.161	0	
24897838	28267526	0	0	0	5558	0	0.121	0	1092
33521051	34138345	0	0	0	4262	0	0.111	0	1093
23128169	23130150	0	0	0	3112	0	0.14	0	1094
7187631	-100	0	0	0	-100	0	0.121	0	
22636826	36097824	0	0	0	4	0	0.059	0	1096
7399084	30095209	0	0	0	1	0	0.052	0	1097
10678325	-100	0	0	0	-100	0	0.141	0	
8188729	-100	0	0	0	-100	0	0.129	0	
5732331	5733253	0	0	0	3	0	0.052	0	11
46545629	46560272	0	0	0	1	0	0.061	0	110
42652606	43049985	0	0	0	24	0	0.05	0	1100
9537502	18163449	0	0	0	642	0	0.071	0	1101
33695149	33696119	0	0	0	156	0	0.04	0	1102
28893474	-100	0	0	0	-100	0	0.161	0	
54282847	54583343	0	0	0	1065	0	0.071	0	1104
21556945	-100	0	0	0	-100	0	0.151	0	
11373363	14982921	0	0	0	199	0	0.088	0	1106
23008830	23009979	0	0	0	1	0	0.053	0	1107
21712710	22671294	0	0	0	587	0	0.06	0	1108
34285413	34843206	0	0	0	2568	0	0.083	0	1109
10368980	10372178	0	0	0	1	0	0.061	0	111
319788	15537950	0	0	0	7869	0	0.151	0	1112
24173244	30301030	0	0	0	16	0	0.06	0	1113
12114532	37946705	0	0	0	5641	0	0.111	0	1114
47802738	52363715	0	0	0	1	0	0.068	0	1118
4353739	12163532	0	0	0	4935	0	0.113	0	1119
27669265	-100	0	0	0	-100	0	0.161	0	
33665994	-100	0	0	0	-100	0	0.129	0	
609064	631871	0	0	0	3914	0	0.093	0	1121
1396501	1941541	0	0	0	1	0	0.051	0	1122
25220619	-100	0	0	0	-100	0	0.161	0	
47240635	52855025	0	0	0	504	0	0.06	0	1124
3200272	30368260	0	0	0	19	0	0.068	0	1125
3199771	-100	0	0	0	-100	0	0.203	0	
29629287	30660847	0	0	0	1	0	0.079	0	1128
9491091	-100	0	0	0	-100	0	0.171	0	
27144737	52901448	0	0	0	7251	0	0.131	0	113
2711261	-100	0	0	0	-100	0	0.123	0	
25622760	-100	0	0	0	-100	0	0.1	0	
16873448	23427098	0	0	0	368	0	0.059	0	1133
3321228	22073169	0	0	0	561	0	0.05	0	1134
1258294	-100	0	0	0	-100	0	0.162	0	
56094984	56430459	0	0	0	40	0	0.05	0	1136
11062923	11392624	0	0	0	51	0	0.058	0	1137
1157996	9104698	0	0	0	1723	0	0.063	0	1138
7276304	35642474	0	0	0	10	0	0.059	0	1139
17706817	17707738	0	0	0	463	0	0.07	0	114
576908	32188034	0	0	0	513	0	0.063	0	1140
51138463	58772873	0	0	0	1	0	0.06	0	1141
16305190	31627208	0	0	0	2263	0	0.081	0	1142
1948686	-100	0	0	0	-100	0	0.131	0	
14776097	14898669	0	0	0	106	0	0.06	0	1144
41994806	41997833	0	0	0	157	0	0.04	0	1145
32549129	32557357	0	0	0	394	0	0.071	0	1146
2594211	38551401	0	0	0	5	0	0.05	0	1147
3209836	-100	0	0	0	-100	0	0.121	0	
2653017	-100	0	0	0	-100	0	0.142	0	
11415314	11415355	0	0	0	63	0	0.06	0	115
282683	-100	0	0	0	-100	0	0.121	0	
30770072	33605120	0	0	0	6402	0	0.141	0	1151
8699228	13232551	0	0	0	1962	0	0.121	0	1153
5754811	5817601	0	0	0	67	0	0.05	0	1154
8287581	13105373	0	0	0	5231	0	0.103	0	1155
6341613	-100	0	0	0	-100	0	0.161	0	
36883268	39505288	0	0	0	399	0	0.061	0	1157
6864110	6865474	0	0	0	3	0	0.04	0	1158
56670536	56672664	0	0	0	3	0	0.061	0	1159
45493112	45499897	0	0	0	79	0	0.06	0	116
48235352	48284022	0	0	0	81	0	0.06	0	1160
2276759	-100	0	0	0	-100	0	0.161	0	
30981819	30993682	0	0	0	18	0	0.069	0	1162
16826026	16826223	0	0	0	2766	0	0.072	0	1163
10855462	-100	0	0	0	-100	0	0.131	0	
39063958	52765303	0	0	0	20	0	0.061	0	1165
47718180	56406909	0	0	0	33	0	0.06	0	1166
13692473	-100	0	0	0	-100	0	0.151	0	
38265685	38280852	0	0	0	2	0	0.061	0	1168
5701985	13325698	0	0	0	126	0	0.05	0	1169
24538109	-100	0	0	0	-100	0	0.159	0	
12453968	-100	0	0	0	-100	0	0.103	0	
56073857	56145467	0	0	0	22	0	0.071	0	1171
32256642	32552450	0	0	0	157	0	0.068	0	1172
18546045	-100	0	0	0	-100	0	0.093	0	
408032	11427398	0	0	0	15	0	0.06	0	1174
46263626	50164552	0	0	0	1567	0	0.089	0	1175
34352305	34648714	0	0	0	1	0	0.062	0	1176
36221146	36278462	0	0	0	523	0	0.061	0	1177
5504384	5505124	0	0	0	2590	0	0.088	0	1178
7913086	17986481	0	0	0	730	0	0.062	0	1179
53879687	53885253	0	0	0	1173	0	0.079	0	118
11698861	11700617	0	0	0	977	0	0.06	0	1180
10530385	11243612	0	0	0	37	0	0.061	0	1181
26002552	-100	0	0	0	-100	0	0.152	0	
40938725	43946264	0	0	0	6403	0	0.129	0	1183
26718843	32035566	0	0	0	80	0	0.053	0	1186
11272405	36753513	0	0	0	4	0	0.06	0	1187
35451153	43559841	0	0	0	36	0	0.049	0	1188
17434102	45782939	0	0	0	2	0	0.072	0	1189
44440613	44473694	0	0	0	17	0	0.04	0	119
1046614	-100	0	0	0	-100	0	0.17	0	
32244717	32250927	0	0	0	1	0	0.052	0	1191
8431694	15378534	0	0	0	1398	0	0.07	0	1193
8431577	-100	0	0	0	-100	0	0.129	0	
20728839	-100	0	0	0	-100	0	0.152	0	
26458654	51947319	0	0	0	1	0	0.06	0	1196
2524151	-100	0	0	0	-100	0	0.143	0	
2027069	8431327	0	0	0	3141	0	0.091	0	1198
23635430	23656173	0	0	0	1	0	0.06	0	1199
39284949	39286071	0	0	0	677	0	0.061	0	12
18242012	-100	0	0	0	-100	0	0.151	0	
45131018	45134858	0	0	0	4	0	0.05	0	1200
3264889	13607241	0	0	0	10	0	0.06	0	1201
15799171	50549062	0	0	0	715	0	0.071	0	1203
7808021	26230210	0	0	0	2305	0	0.078	0	1204
31756318	-100	0	0	0	-100	0	0.164	0	
413928	-100	0	0	0	-100	0	0.199	0	
33071345	33088935	0	0	0	1	0	0.053	0	1207
19295746	45008669	0	0	0	996	0	0.07	0	1208
4697751	-100	0	0	0	-100	0	0.171	0	
4374345	4376695	0	0	0	2438	0	0.081	0	1210
11575345	11851197	0	0	0	6696	0	0.121	0	1211
3445953	-100	0	0	0	-100	0	0.141	0	
950518	12539011	0	0	0	7853	0	0.131	0	1213
1929108	-100	0	0	0	-100	0	0.141	0	
33070424	33084148	0	0	0	141	0	0.051	0	1215
6680408	-100	0	0	0	-100	0	0.11	0	
30973153	-100	0	0	0	-100	0	0.149	0	
3758377	11387113	0	0	0	163	0	0.041	0	1218
10884624	-100	0	0	0	-100	0	0.113	0	
7775611	-100	0	0	0	-100	0	0.161	0	
8437076	-100	0	0	0	-100	0	0.161	0	
1966154	-100	0	0	0	-100	0	0.101	0	
15244227	-100	0	0	0	-100	0	0.161	0	
6416763	-100	0	0	0	-100	0	0.101	0	
2352779	-100	0	0	0	-100	0	0.151	0	
4233636	4238086	0	0	0	4	0	0.05	0	1227
62042685	-100	0	0	0	-100	0	0.162	0	
14074299	14074908	0	0	0	327	0	0.05	0	1229
56496813	56501018	0	0	0	3128	0	0.109	0	123
5144583	-100	0	0	0	-100	0	0.151	0	
59861053	59862704	0	0	0	265	0	0.062	0	1231
5104065	-100	0	0	0	-100	0	0.15	0	
30883403	30884693	0	0	0	9127	0	0.142	0	1234
27826066	27826936	0	0	0	75	0	0.061	0	1235
11454158	11495103	0	0	0	896	0	0.06	0	1236
3194875	-100	0	0	0	-100	0	0.161	0	
2822774	18039765	0	0	0	3561	0	0.089	0	1239
3018824	-100	0	0	0	-100	0	0.153	0	
43324605	-100	0	0	0	-100	0	0.201	0	
47756783	52303818	0	0	0	1209	0	0.081	0	1243
827435	2278297	0	0	0	591	0	0.068	0	1245
3826474	5301231	0	0	0	5669	0	0.111	0	1246
6398887	-100	0	0	0	-100	0	0.111	0	
8187429	42505200	0	0	0	337	0	0.05	0	1248
12553160	25958564	0	0	0	1807	0	0.071	0	1249
6427786	-100	0	0	0	-100	0	0.161	0	
9956901	11883378	0	0	0	318	0	0.051	0	1251
594112	7951061	0	0	0	4	0	0.04	0	1252
1416980	12851261	0	0	0	435	0	0.07	0	1253
11672011	12095553	0	0	0	31	0	0.051	0	1254
12223176	-100	0	0	0	-100	0	0.161	0	
2133964	-100	0	0	0	-100	0	0.161	0	
216478	2790952	0	0	0	3	0	0.051	0	1257
30914127	-100	0	0	0	-100	0	0.161	0	
7067007	24210689	0	0	0	1453	0	0.07	0	1259
30991992	-100	0	0	0	-100	0	0.171	0	
17337372	17338533	0	0	0	465	0	0.061	0	1261
3185779	32898857	0	0	0	4638	0	0.1	0	1262
25813780	-100	0	0	0	-100	0	0.162	0	
4229534	19438203	0	0	0	163	0	0.058	0	1264
26893988	27298069	0	0	0	530	0	0.053	0	1265
14714848	27374347	0	0	0	22	0	0.07	0	1266
10520464	13722125	0	0	0	3886	0	0.091	0	1267
51901859	51939116	0	0	0	463	0	0.068	0	1268
12344741	23282160	0	0	0	2475	0	0.083	0	1269
1483163	1967831	0	0	0	3414	0	0.101	0	127
16311939	36173440	0	0	0	2	0	0.058	0	1270
18831863	-100	0	0	0	-100	0	0.163	0	
507436	6204590	0	0	0	3211	0	0.091	0	1272
51938763	52598329	0	0	0	133	0	0.07	0	1273
10763280	-100	0	0	0	-100	0	0.141	0	
31512970	37505809	0	0	0	6507	0	0.141	0	1275
4752579	-100	0	0	0	-100	0	0.111	0	
1606798	1609167	0	0	0	1	0	0.041	0	1277
753853	-100	0	0	0	-100	0	0.161	0	
43040967	-100	0	0	0	-100	0	0.149	0	
12561337	12562128	0	0	0	1562	0	0.072	0	128
52462239	52564637	0	0	0	135	0	0.061	0	1280
10519108	-100	0	0	0	-100	0	0.141	0	
7116796	-100	0	0	0	-100	0	0.191	0	
5820586	-100	0	0	0	-100	0	0.119	0	
11172644	-100	0	0	0	-100	0	0.123	0	
15474121	15474421	0	0	0	1	0	0.068	0	1286
1738865	-100	0	0	0	-100	0	0.093	0	
8291366	28868478	0	0	0	4084	0	0.091	0	1288
38667310	38673236	0	0	0	6172	0	0.129	0	129
13139723	13531987	0	0	0	58	0	0.052	0	1293
30328215	47742655	0	0	0	856	0	0.07	0	1294
2253170	2269306	0	0	0	29	0	0.059	0	1295
3531857	23439260	0	0	0	715	0	0.052	0	1296
49083573	-100	0	0	0	-100	0	0.159	0	
1193500	-100	0	0	0	-100	0	0.159	0	
3177716	3272037	0	0	0	1	0	0.052	0	1299
8351929	8355062	0	0	0	1975	0	0.079	0	13
49272339	49279477	0	0	0	4	0	0.052	0	130
5592994	-100	0	0	0	-100	0	0.101	0	
3602207	15272726	0	0	0	2	0	0.05	0	1302
5696412	-100	0	0	0	-100	0	0.111	0	
41037932	41074461	0	0	0	3	0	0.061	0	1305
15925997	-100	0	0	0	-100	0	0.161	0	
39190457	-100	0	0	0	-100	0	0.161	0	
4444475	-100	0	0	0	-100	0	0.151	0	
38899453	49314061	0	0	0	116	0	0.051	0	1314
409913	410391	0	0	0	271	0	0.05	0	1316
1569202	1603637	0	0	0	20	0	0.061	0	1317
27858575	38415388	0	0	0	118	0	0.05	0	1318
58696135	58698346	0	0	0	2	0	0.06	0	132
1883421	7225070	0	0	0	37	0	0.051	0	1321
15656776	15759119	0	0	0	992	0	0.07	0	1322
34109055	36952785	0	0	0	4870	0	0.101	0	1323
6932438	-100	0	0	0	-100	0	0.161	0	
54556117	54557998	0	0	0	425	0	0.071	0	1325
54555093	-100	0	0	0	-100	0	0.151	0	
6221816	58225998	0	0	0	389	0	0.06	0	1327
22049860	-100	0	0	0	-100	0	0.161	0	
9466936	16454234	0	0	0	168	0	0.041	0	1329
23460416	23460695	0	0	0	2	0	0.06	0	133
45985488	53280800	0	0	0	853	0	0.07	0	1330
49550127	57579852	0	0	0	1	0	0.061	0	1331
151660	-100	0	0	0	-100	0	0.109	0	
27029277	-100	0	0	0	-100	0	0.163	0	
2588666	-100	0	0	0	-100	0	0.151	0	
49805943	49836358	0	0	0	677	0	0.069	0	1335
3787002	18046637	0	0	0	2	0	0.05	0	1337
2510457	32534801	0	0	0	89	0	0.071	0	1338
6837892	6844646	0	0	0	1	0	0.052	0	1339
2488498	10971871	0	0	0	8045	0	0.181	0	134
14147144	14148981	0	0	0	1	0	0.061	0	1340
3126324	13492759	0	0	0	109	0	0.058	0	1341
42609445	-100	0	0	0	-100	0	0.163	0	
29008082	37614576	0	0	0	7373	0	0.139	0	135
28701331	-100	0	0	0	-100	0	0.113	0	
29388723	29486804	0	0	0	544	0	0.06	0	1362
5988616	10954107	0	0	0	1	0	0.059	0	1363
19614589	-100	0	0	0	-100	0	0.161	0	
15065387	-100	0	0	0	-100	0	0.153	0	
309615	464317	0	0	0	8	0	0.059	0	1366
45182654	45641050	0	0	0	806	0	0.052	0	1367
37768329	37776675	0	0	0	1152	0	0.091	0	1368
9362165	9465095	0	0	0	1975	0	0.07	0	1369
35516778	-100	0	0	0	-100	0	0.161	0	
8416477	-100	0	0	0	-100	0	0.162	0	
13134882	-100	0	0	0	-100	0	0.161	0	
12500129	-100	0	0	0	-100	0	0.141	0	
2823600	-100	0	0	0	-100	0	0.161	0	
8956839	-100	0	0	0	-100	0	0.119	0	
18747500	-100	0	0	0	-100	0	0.163	0	
5097973	24948806	0	0	0	467	0	0.061	0	1376
2648533	-100	0	0	0	-100	0	0.151	0	
35154354	35175779	0	0	0	11	0	0.06	0	1378
14182741	-100	0	0	0	-100	0	0.162	0	
46002338	46012150	0	0	0	170	0	0.04	0	138
15755584	15756139	0	0	0	5	0	0.065	0	1380
20451719	-100	0	0	0	-100	0	0.147	0	
8537148	-100	0	0	0	-100	0	0.154	0	
1279081	3354628	0	0	0	468	0	0.069	0	1383
13097945	13133752	0	0	0	24	0	0.047	0	1384
2580807	3992311	0	0	0	699	0	0.053	0	1385
12914744	13875961	0	0	0	2819	0	0.097	0	1386
1497497	1951707	0	0	0	7785	0	0.131	0	1387
2325338	8414520	0	0	0	5	0	0.061	0	1388
12972130	12974224	0	0	0	468	0	0.06	0	139
29549525	47518333	0	0	0	3134	0	0.141	0	1399
49801237	49801840	0	0	0	3343	0	0.101	0	14
2013848	34467743	0	0	0	495	0	0.05	0	140
4044996	22050416	0	0	0	5	0	0.069	0	1400
46581165	56124509	0	0	0	38	0	0.071	0	1401
38822898	38912122	0	0	0	1	0	0.069	0	1402
6371226	6579908	0	0	0	1	0	0.047	0	1403
59269827	59290352	0	0	0	1	0	0.074	0	1404
742764	-100	0	0	0	-100	0	0.159	0	
6316570	6318699	0	0	0	6445	0	0.12	0	1406
34566942	34568364	0	0	0	1181	0	0.071	0	1407
26214398	26238997	0	0	0	469	0	0.062	0	1408
44501237	59375780	0	0	0	2054	0	0.079	0	1409
27608404	27650302	0	0	0	3	0	0.072	0	141
482631	-100	0	0	0	-100	0	0.101	0	
3808002	5588639	0	0	0	73	0	0.05	0	1411
14180233	-100	0	0	0	-100	0	0.15	0	
1098156	14644353	0	0	0	175	0	0.062	0	1418
42908301	42930618	0	0	0	1465	0	0.08	0	1419
7202784	-100	0	0	0	-100	0	0.162	0	
38412951	38565712	0	0	0	1	0	0.058	0	1420
44588828	-100	0	0	0	-100	0	0.141	0	
3169805	6557805	0	0	0	215	0	0.053	0	1422
10806038	18414229	0	0	0	5234	0	0.111	0	1423
4995540	7764170	0	0	0	4202	0	0.128	0	1425
37772504	-100	0	0	0	-100	0	0.101	0	
9815208	-100	0	0	0	-100	0	0.151	0	
8949768	-100	0	0	0	-100	0	0.161	0	
28135572	29907901	0	0	0	2541	0	0.081	0	1429
2963027	5504152	0	0	0	1253	0	0.07	0	1430
1531391	17613726	0	0	0	159	0	0.05	0	1431
5790230	5799655	0	0	0	96	0	0.071	0	1432
53500320	54923401	0	0	0	5905	0	0.121	0	1433
58742894	-100	0	0	0	-100	0	0.161	0	
29269836	29382639	0	0	0	66	0	0.068	0	1435
4741033	61997156	0	0	0	3371	0	0.101	0	1436
44908210	44928982	0	0	0	1670	0	0.062	0	1437
8327431	13964327	0	0	0	5277	0	0.116	0	1438
5972516	-100	0	0	0	-100	0	0.122	0	
39721251	-100	0	0	0	-100	0	0.116	0	
3691943	12693553	0	0	0	304	0	0.063	0	1440
2921469	2922959	0	0	0	13	0	0.044	0	1441
16799028	-100	0	0	0	-100	0	0.16	0	
45257981	45522428	0	0	0	2431	0	0.092	0	1443
13613594	26760331	0	0	0	4509	0	0.101	0	1444
9458652	-100	0	0	0	-100	0	0.207	0	
5788314	-100	0	0	0	-100	0	0.116	0	
50805550	54022660	0	0	0	292	0	0.054	0	1447
2118000	-100	0	0	0	-100	0	0.115	0	
17687461	17687920	0	0	0	174	0	0.038	0	145
14141212	14155603	0	0	0	1488	0	0.063	0	1450
54886638	55115256	0	0	0	160	0	0.07	0	1451
11555084	11555424	0	0	0	1	0	0.06	0	1452
26452755	26763737	0	0	0	412	0	0.061	0	1455
3130605	6665222	0	0	0	259	0	0.06	0	1458
7841213	7841342	0	0	0	1195	0	0.081	0	146
3166405	4072927	0	0	0	122	0	0.06	0	1460
255941	880458	0	0	0	3	0	0.051	0	1461
834875	2726487	0	0	0	870	0	0.06	0	1462
5473981	5483750	0	0	0	470	0	0.058	0	1463
3819398	-100	0	0	0	-100	0	0.123	0	
4738850	27742321	0	0	0	44	0	0.059	0	1465
25668156	32526093	0	0	0	4308	0	0.1	0	1466
1239068	8030789	0	0	0	21	0	0.043	0	1467
3690155	-100	0	0	0	-100	0	0.101	0	
34098828	-100	0	0	0	-100	0	0.121	0	
5627327	-100	0	0	0	-100	0	0.169	0	
13981670	18894362	0	0	0	203	0	0.063	0	1470
1592665	7717227	0	0	0	30	0	0.06	0	1471
15748380	15824064	0	0	0	2344	0	0.088	0	1472
48778405	-100	0	0	0	-100	0	0.164	0	
10505165	10505576	0	0	0	1	0	0.05	0	1474
6007225	6019793	0	0	0	1662	0	0.071	0	1475
1848945	9744192	0	0	0	110	0	0.05	0	1476
4113200	-100	0	0	0	-100	0	0.151	0	
21661218	-100	0	0	0	-100	0	0.151	0	
28854585	35246487	0	0	0	248	0	0.071	0	1479
38682984	-100	0	0	0	-100	0	0.131	0	
1939609	38064372	0	0	0	4584	0	0.101	0	1480
47728732	47768006	0	0	0	1	0	0.058	0	1481
12314300	13631418	0	0	0	1	0	0.053	0	1482
2736784	-100	0	0	0	-100	0	0.1	0	
48161526	-100	0	0	0	-100	0	0.101	0	
1183788	2616123	0	0	0	18	0	0.041	0	1486
2255158	4400980	0	0	0	547	0	0.06	0	1487
4587425	-100	0	0	0	-100	0	0.131	0	
61359793	-100	0	0	0	-100	0	0.131	0	
31838842	32997871	0	0	0	22	0	0.081	0	149
7357984	7358187	0	0	0	97	0	0.07	0	1490
17804181	31999509	0	0	0	384	0	0.061	0	1491
4419499	-100	0	0	0	-100	0	0.141	0	
2720488	24797539	0	0	0	5996	0	0.151	0	1493
13372305	23519983	0	0	0	3565	0	0.091	0	1494
5150001	-100	0	0	0	-100	0	0.098	0	
1401317	-100	0	0	0	-100	0	0.142	0	
31474878	31508577	0	0	0	98	0	0.06	0	1499
51867240	51867996	0	0	0	177	0	0.04	0	15
8340210	8340377	0	0	0	292	0	0.061	0	150
44912300	47618510	0	0	0	62	0	0.064	0	1501
26461966	26666920	0	0	0	225	0	0.057	0	1502
24764212	-100	0	0	0	-100	0	0.161	0	
40582161	58581568	0	0	0	5	0	0.061	0	1505
1921421	3687358	0	0	0	42	0	0.06	0	1506
2638640	2646240	0	0	0	835	0	0.069	0	1507
17318598	17334919	0	0	0	24	0	0.05	0	1508
21797528	41960048	0	0	0	1320	0	0.063	0	1509
25148662	42324438	0	0	0	30	0	0.06	0	151
16700960	28033267	0	0	0	788	0	0.071	0	1510
20107147	-100	0	0	0	-100	0	0.1	0	
8144061	48156555	0	0	0	2297	0	0.081	0	1512
6596316	12538165	0	0	0	411	0	0.099	0	1515
399250	-100	0	0	0	-100	0	0.123	0	
13648117	13653537	0	0	0	178	0	0.04	0	1517
44479864	-100	0	0	0	-100	0	0.172	0	
31473760	31478610	0	0	0	23	0	0.09	0	1519
10867001	10924642	0	0	0	180	0	0.059	0	152
41435212	41490713	0	0	0	2099	0	0.072	0	1520
9881092	18853783	0	0	0	115	0	0.071	0	1522
4409426	4410632	0	0	0	30	0	0.05	0	1523
2113263	2119647	0	0	0	30	0	0.059	0	1524
138374	-100	0	0	0	-100	0	0.143	0	
5512327	-100	0	0	0	-100	0	0.159	0	
26653946	26668450	0	0	0	564	0	0.063	0	1527
41274829	-100	0	0	0	-100	0	0.171	0	
2668854	3984983	0	0	0	74	0	0.06	0	1529
57137532	-100	0	0	0	-100	0	0.152	0	
5292937	13832626	0	0	0	10	0	0.048	0	1530
9804100	18365607	0	0	0	544	0	0.053	0	1531
25705398	25706618	0	0	0	259	0	0.07	0	1532
2510434	-100	0	0	0	-100	0	0.111	0	
4879946	26565172	0	0	0	169	0	0.058	0	1536
8193327	-100	0	0	0	-100	0	0.163	0	
7213825	8466473	0	0	0	7	0	0.061	0	1539
45468750	45469600	0	0	0	446	0	0.068	0	154
1343619	1530868	0	0	0	7451	0	0.121	0	1540
13453778	40372642	0	0	0	4	0	0.061	0	1541
303488	323561	0	0	0	490	0	0.052	0	1542
4208030	-100	0	0	0	-100	0	0.161	0	
5139127	-100	0	0	0	-100	0	0.162	0	
23506286	-100	0	0	0	-100	0	0.191	0	
190421	-100	0	0	0	-100	0	0.111	0	
2036654	4717167	0	0	0	153	0	0.05	0	1547
1586389	42760794	0	0	0	1	0	0.06	0	1548
7638090	-100	0	0	0	-100	0	0.131	0	
30263799	30272455	0	0	0	26	0	0.061	0	155
1643431	-100	0	0	0	-100	0	0.149	0	
2390275	-100	0	0	0	-100	0	0.161	0	
19658239	-100	0	0	0	-100	0	0.151	0	
29373288	-100	0	0	0	-100	0	0.153	0	
9183178	43770246	0	0	0	4117	0	0.099	0	1554
1157104	4778865	0	0	0	1	0	0.05	0	1555
2747791	-100	0	0	0	-100	0	0.154	0	
6213509	-100	0	0	0	-100	0	0.171	0	
2524680	-100	0	0	0	-100	0	0.151	0	
8290537	19316127	0	0	0	29	0	0.051	0	1559
17680754	17681960	0	0	0	55	0	0.06	0	156
5928611	-100	0	0	0	-100	0	0.161	0	
41431558	46448208	0	0	0	331	0	0.071	0	1561
19336610	-100	0	0	0	-100	0	0.161	0	
16775206	16789863	0	0	0	24	0	0.059	0	1563
47180058	55603766	0	0	0	3	0	0.062	0	1564
39580489	43528392	0	0	0	1	0	0.061	0	1565
8883974	10182684	0	0	0	43	0	0.048	0	1566
240660	-100	0	0	0	-100	0	0.173	0	
48763989	48771178	0	0	0	167	0	0.061	0	1568
17386469	39213328	0	0	0	7162	0	0.131	0	1569
18587673	19386241	0	0	0	841	0	0.06	0	157
2037316	17242346	0	0	0	6465	0	0.121	0	1570
1279774	16563421	0	0	0	1992	0	0.071	0	1572
3392993	10404752	0	0	0	9998	0	0.149	0	1574
9594943	11438544	0	0	0	2914	0	0.082	0	1575
2936467	9973520	0	0	0	5644	0	0.119	0	1576
3111406	6403525	0	0	0	3220	0	0.093	0	1577
4206240	-100	0	0	0	-100	0	0.121	0	
584960	-100	0	0	0	-100	0	0.101	0	
33472573	54902336	0	0	0	1	0	0.08	0	158
10626277	-100	0	0	0	-100	0	0.109	0	
4684023	5029409	0	0	0	1	0	0.042	0	1581
15192553	18028706	0	0	0	6	0	0.076	0	1582
25984623	-100	0	0	0	-100	0	0.106	0	
49279952	49294704	0	0	0	11	0	0.06	0	1584
4800459	-100	0	0	0	-100	0	0.141	0	
16080086	16200928	0	0	0	294	0	0.059	0	1586
23080188	23113521	0	0	0	1	0	0.052	0	1587
20763744	-100	0	0	0	-100	0	0.151	0	
32517231	32695088	0	0	0	1504	0	0.071	0	1589
32882097	32900328	0	0	0	7	0	0.05	0	159
17296992	17312874	0	0	0	1	0	0.051	0	1590
8502610	-100	0	0	0	-100	0	0.1	0	
9986804	36543053	0	0	0	3290	0	0.099	0	1592
13850693	31947364	0	0	0	744	0	0.063	0	1593
778564	39374921	0	0	0	82	0	0.05	0	1594
335205	-100	0	0	0	-100	0	0.161	0	
21880511	22677501	0	0	0	8	0	0.05	0	1596
8862540	-100	0	0	0	-100	0	0.182	0	
4793997	4796007	0	0	0	4167	0	0.1	0	1598
16788169	19741466	0	0	0	2116	0	0.071	0	1599
4680060	-100	0	0	0	-100	0	0.159	0	
44940474	44941988	0	0	0	7687	0	0.133	0	160
4817651	-100	0	0	0	-100	0	0.121	0	
7434272	17039670	0	0	0	396	0	0.06	0	1601
4407854	-100	0	0	0	-100	0	0.129	0	
5777877	5789733	0	0	0	92	0	0.053	0	1603
26041382	-100	0	0	0	-100	0	0.159	0	
7771586	11088390	0	0	0	30	0	0.062	0	1605
13117488	13120654	0	0	0	51	0	0.051	0	1606
2378268	-100	0	0	0	-100	0	0.141	0	
3115388	-100	0	0	0	-100	0	0.119	0	
5055418	-100	0	0	0	-100	0	0.113	0	
31874410	32177532	0	0	0	55	0	0.058	0	161
37679022	37758886	0	0	0	1	0	0.052	0	1610
2354609	9848295	0	0	0	1361	0	0.061	0	1611
24672629	-100	0	0	0	-100	0	0.161	0	
10307744	16611362	0	0	0	7608	0	0.141	0	1615
7522149	-100	0	0	0	-100	0	0.199	0	
43525560	46549992	0	0	0	112	0	0.073	0	1617
13431905	15028250	0	0	0	150	0	0.05	0	1618
4567492	4579440	0	0	0	1	0	0.059	0	162
12030810	19271381	0	0	0	6433	0	0.112	0	1620
3353745	-100	0	0	0	-100	0	0.141	0	
4166762	9754047	0	0	0	9550	0	0.15	0	1623
6825161	-100	0	0	0	-100	0	0.123	0	
1379277	-100	0	0	0	-100	0	0.161	0	
124462	962915	0	0	0	1	0	0.05	0	1626
1949259	2008866	0	0	0	2183	0	0.089	0	1627
8102221	-100	0	0	0	-100	0	0.151	0	
4609127	21663045	0	0	0	1103	0	0.072	0	1629
1946002	-100	0	0	0	-100	0	0.162	0	
19907294	19931256	0	0	0	229	0	0.06	0	1630
110575	-100	0	0	0	-100	0	0.161	0	
1581049	-100	0	0	0	-100	0	0.162	0	
255312	19786402	0	0	0	185	0	0.04	0	1633
231057	1642614	0	0	0	65	0	0.05	0	1634
7789045	23743374	0	0	0	230	0	0.071	0	1635
10029838	14649645	0	0	0	545	0	0.06	0	1636
17710897	19878319	0	0	0	8171	0	0.139	0	1637
34497428	-100	0	0	0	-100	0	0.163	0	
3840094	46775489	0	0	0	99	0	0.051	0	1639
15636739	-100	0	0	0	-100	0	0.13	0	
2000092	2104655	0	0	0	17	0	0.061	0	1640
29891813	29894549	0	0	0	473	0	0.06	0	1641
35596490	-100	0	0	0	-100	0	0.111	0	
10493001	20251224	0	0	0	2060	0	0.081	0	1644
5250118	5251478	0	0	0	1	0	0.04	0	1645
12493438	-100	0	0	0	-100	0	0.111	0	
871431	15508850	0	0	0	81	0	0.05	0	1647
2045875	8101071	0	0	0	1	0	0.06	0	1648
31415213	36332005	0	0	0	26	0	0.061	0	1649
21868551	-100	0	0	0	-100	0	0.161	0	
5383471	-100	0	0	0	-100	0	0.149	0	
33970348	46143764	0	0	0	4808	0	0.093	0	1652
54463196	54532369	0	0	0	37	0	0.058	0	1653
4724971	10562265	0	0	0	2467	0	0.082	0	1654
530649	3620659	0	0	0	1043	0	0.062	0	1655
2627645	2635332	0	0	0	18	0	0.06	0	1656
5048849	-100	0	0	0	-100	0	0.172	0	
3729497	-100	0	0	0	-100	0	0.191	0	
6549561	-100	0	0	0	-100	0	0.141	0	
40218472	40299505	0	0	0	1	0	0.06	0	166
2119686	3998722	0	0	0	6926	0	0.121	0	1662
38973024	39129295	0	0	0	1123	0	0.081	0	1663
981954	-100	0	0	0	-100	0	0.151	0	
5611	1041509	0	0	0	1	0	0.051	0	1667
38278594	38303757	0	0	0	474	0	0.06	0	1668
9276756	14863179	0	0	0	438	0	0.071	0	1669
4041968	-100	0	0	0	-100	0	0.151	0	
13500816	13636858	0	0	0	76	0	0.05	0	1670
583336	4015198	0	0	0	5	0	0.058	0	1671
4724564	4727191	0	0	0	4416	0	0.103	0	1674
12026842	13494114	0	0	0	3562	0	0.091	0	1675
666811	19305919	0	0	0	5236	0	0.101	0	1676
11533705	-100	0	0	0	-100	0	0.1	0	
29257894	33893407	0	0	0	378	0	0.051	0	1678
27929875	48931260	0	0	0	4	0	0.06	0	1679
1459739	2297403	0	0	0	7596	0	0.131	0	1681
6474783	-100	0	0	0	-100	0	0.149	0	
5032645	-100	0	0	0	-100	0	0.123	0	
7223896	15481095	0	0	0	1	0	0.051	0	1687
2257973	24870910	0	0	0	351	0	0.058	0	1688
1022994	1036872	0	0	0	5411	0	0.113	0	169
3454993	12543361	0	0	0	5	0	0.06	0	1690
5449395	6967553	0	0	0	24	0	0.041	0	1691
45953	-100	0	0	0	-100	0	0.101	0	
22188974	-100	0	0	0	-100	0	0.151	0	
11369360	-100	0	0	0	-100	0	0.161	0	
7220830	-100	0	0	0	-100	0	0.121	0	
4293775	8656089	0	0	0	213	0	0.05	0	1696
70855	28493421	0	0	0	86	0	0.05	0	1697
251485	-100	0	0	0	-100	0	0.101	0	
45093081	45094345	0	0	0	878	0	0.071	0	1699
14115570	-100	0	0	0	-100	0	0.159	0	
4564577	5668901	0	0	0	7	0	0.05	0	170
9252793	9253027	0	0	0	659	0	0.063	0	1700
415801	561066	0	0	0	150	0	0.05	0	1702
2681548	4233605	0	0	0	3063	0	0.091	0	1703
12301358	-100	0	0	0	-100	0	0.1	0	
9519588	-100	0	0	0	-100	0	0.165	0	
38277102	-100	0	0	0	-100	0	0.147	0	
11538409	-100	0	0	0	-100	0	0.154	0	
3726721	17210787	0	0	0	257	0	0.046	0	1708
20426378	38115978	0	0	0	6	0	0.054	0	171
391005	9851278	0	0	0	705	0	0.062	0	1712
27222	8500390	0	0	0	259	0	0.065	0	1713
1914242	10385582	0	0	0	491	0	0.069	0	1714
7818667	20894482	0	0	0	2500	0	0.082	0	1715
2699086	-100	0	0	0	-100	0	0.162	0	
96759	-100	0	0	0	-100	0	0.159	0	
27105077	30780761	0	0	0	12	0	0.052	0	172
1310649	3668702	0	0	0	612	0	0.071	0	1720
1835177	-100	0	0	0	-100	0	0.161	0	
10511478	-100	0	0	0	-100	0	0.165	0	
6086267	44607229	0	0	0	872	0	0.074	0	1724
2336573	-100	0	0	0	-100	0	0.153	0	
2511410	3519939	0	0	0	4592	0	0.1	0	1726
6132515	6212983	0	0	0	1932	0	0.071	0	173
25570086	-100	0	0	0	-100	0	0.161	0	
11394323	-100	0	0	0	-100	0	0.151	0	
5830387	15147993	0	0	0	638	0	0.06	0	1741
15454220	19245205	0	0	0	1803	0	0.081	0	1742
6269693	-100	0	0	0	-100	0	0.101	0	
262351	3153477	0	0	0	186	0	0.05	0	1747
5246114	-100	0	0	0	-100	0	0.101	0	
9317836	-100	0	0	0	-100	0	0.091	0	
10152904	-100	0	0	0	-100	0	0.151	0	
1251582	-100	0	0	0	-100	0	0.151	0	
1575807	-100	0	0	0	-100	0	0.161	0	
38275940	38283252	0	0	0	5	0	0.061	0	1755
1066625	9166914	0	0	0	1447	0	0.07	0	1756
3022185	-100	0	0	0	-100	0	0.161	0	
5127424	8336308	0	0	0	4726	0	0.111	0	1758
2602612	-100	0	0	0	-100	0	0.149	0	
13994457	14002626	0	0	0	1	0	0.053	0	176
1902187	3894653	0	0	0	41	0	0.06	0	1760
941537	12755268	0	0	0	2	0	0.048	0	1761
3229905	-100	0	0	0	-100	0	0.103	0	
11157749	-100	0	0	0	-100	0	0.162	0	
4737199	-100	0	0	0	-100	0	0.159	0	
2203430	7880619	0	0	0	6090	0	0.113	0	1775
13620	31312330	0	0	0	5374	0	0.1	0	1776
445235	4030427	0	0	0	315	0	0.061	0	1779
28148887	28169357	0	0	0	38	0	0.06	0	178
14084222	17066034	0	0	0	4838	0	0.101	0	1780
907806	-100	0	0	0	-100	0	0.151	0	
1182584	1550947	0	0	0	808	0	0.061	0	1785
9993909	43329513	0	0	0	9	0	0.05	0	1787
2418473	3633900	0	0	0	229	0	0.06	0	1788
3451906	-100	0	0	0	-100	0	0.101	0	
34440220	54444220	0	0	0	1573	0	0.101	0	179
10487909	10496267	0	0	0	155	0	0.06	0	1790
1050709	-100	0	0	0	-100	0	0.149	0	
4345554	-100	0	0	0	-100	0	0.133	0	
3243900	-100	0	0	0	-100	0	0.111	0	
2840912	10486107	0	0	0	898	0	0.061	0	1794
12584991	12590015	0	0	0	1	0	0.07	0	1795
8390677	-100	0	0	0	-100	0	0.091	0	
2306132	-100	0	0	0	-100	0	0.141	0	
3108775	6161128	0	0	0	383	0	0.061	0	1799
23551451	23552616	0	0	0	1	0	0.058	0	18
13101302	23429683	0	0	0	20	0	0.06	0	180
28875788	-100	0	0	0	-100	0	0.164	0	
16424117	-100	0	0	0	-100	0	0.151	0	
29886181	29887034	0	0	0	127	0	0.058	0	1803
1770765	3149452	0	0	0	646	0	0.061	0	1804
52412946	52430551	0	0	0	1	0	0.062	0	1805
34757122	45790160	0	0	0	327	0	0.051	0	1806
12146282	12951792	0	0	0	52	0	0.06	0	1807
8914506	8915361	0	0	0	5582	0	0.121	0	1808
15040979	15050497	0	0	0	41	0	0.068	0	181
4914750	29102612	0	0	0	252	0	0.053	0	1810
3338123	-100	0	0	0	-100	0	0.149	0	
38255659	-100	0	0	0	-100	0	0.173	0	
514673	-100	0	0	0	-100	0	0.111	0	
34604602	34645470	0	0	0	2070	0	0.08	0	1818
8615422	8616594	0	0	0	24	0	0.059	0	1819
33177674	33949758	0	0	0	56	0	0.062	0	182
14140447	14142488	0	0	0	217	0	0.061	0	1820
6976355	7038739	0	0	0	477	0	0.068	0	1824
147821	345637	0	0	0	1642	0	0.081	0	1829
3506120	3506988	0	0	0	1	0	0.042	0	183
55768	10517371	0	0	0	27	0	0.05	0	1831
2482033	-100	0	0	0	-100	0	0.119	0	
1788202	-100	0	0	0	-100	0	0.101	0	
18070154	-100	0	0	0	-100	0	0.123	0	
9953157	-100	0	0	0	-100	0	0.131	0	
90982	-100	0	0	0	-100	0	0.151	0	
4282507	4719939	0	0	0	1	0	0.058	0	1839
37580925	37581837	0	0	0	478	0	0.063	0	184
1319903	7011451	0	0	0	43	0	0.058	0	1842
36849325	36903392	0	0	0	191	0	0.041	0	1845
39664801	46640455	0	0	0	831	0	0.06	0	1846
367711	38228335	0	0	0	9	0	0.053	0	1847
29361203	29362649	0	0	0	379	0	0.07	0	1848
40726156	-100	0	0	0	-100	0	0.121	0	
2915864	-100	0	0	0	-100	0	0.159	0	
1416697	-100	0	0	0	-100	0	0.113	0	
3476538	8311320	0	0	0	3	0	0.06	0	1853
520237	-100	0	0	0	-100	0	0.152	0	
13108157	61444541	0	0	0	5353	0	0.11	0	1856
3602405	10724305	0	0	0	1687	0	0.071	0	1857
54566	-100	0	0	0	-100	0	0.1	0	
3173501	3961456	0	0	0	193	0	0.041	0	1859
23579701	23580157	0	0	0	63	0	0.068	0	186
2750580	-100	0	0	0	-100	0	0.103	0	
3075174	3075355	0	0	0	5869	0	0.119	0	1861
2676368	49970767	0	0	0	1430	0	0.062	0	1862
3189040	-100	0	0	0	-100	0	0.099	0	
5416301	6292164	0	0	0	9367	0	0.151	0	1865
4343596	29308898	0	0	0	38	0	0.05	0	1866
17364127	60010398	0	0	0	8960	0	0.151	0	1868
15458221	29712374	0	0	0	316	0	0.051	0	187
3240532	10333016	0	0	0	331	0	0.06	0	1870
6041741	-100	0	0	0	-100	0	0.161	0	
2348152	17219916	0	0	0	39	0	0.059	0	1872
7671905	-100	0	0	0	-100	0	0.151	0	
15662729	15663874	0	0	0	143	0	0.052	0	1876
4795385	11481199	0	0	0	198	0	0.051	0	1877
2596837	-100	0	0	0	-100	0	0.151	0	
20274123	20301743	0	0	0	1	0	0.06	0	188
80646	-100	0	0	0	-100	0	0.121	0	
3577641	-100	0	0	0	-100	0	0.161	0	
14950589	42467791	0	0	0	2077	0	0.079	0	1886
1465573	-100	0	0	0	-100	0	0.153	0	
920353	14767530	0	0	0	405	0	0.07	0	1889
1197005	38107214	0	0	0	8	0	0.061	0	1890
307674	-100	0	0	0	-100	0	0.151	0	
2269840	-100	0	0	0	-100	0	0.159	0	
136899	1241728	0	0	0	3186	0	0.083	0	1895
888	4640421	0	0	0	2186	0	0.08	0	1896
15204674	-100	0	0	0	-100	0	0.131	0	
16959576	51409392	0	0	0	1242	0	0.061	0	1898
22662488	-100	0	0	0	-100	0	0.163	0	
5724999	-100	0	0	0	-100	0	0.149	0	
47164116	-100	0	0	0	-100	0	0.153	0	
45706007	48565643	0	0	0	140	0	0.06	0	1903
33230871	43071337	0	0	0	501	0	0.061	0	1904
33526391	48345839	0	0	0	1044	0	0.08	0	1905
11847124	11861081	0	0	0	7954	0	0.141	0	1907
27088913	27091585	0	0	0	4	0	0.05	0	191
597159	8031301	0	0	0	300	0	0.059	0	1910
2167916	2487921	0	0	0	3943	0	0.093	0	1911
1557787	-100	0	0	0	-100	0	0.161	0	
134099	52128507	0	0	0	428	0	0.06	0	1913
5121495	12142172	0	0	0	32	0	0.061	0	1914
2411182	10658865	0	0	0	2989	0	0.09	0	1915
336127	5532002	0	0	0	3192	0	0.091	0	1917
8532569	30290663	0	0	0	1	0	0.05	0	1918
10835592	10905930	0	0	0	980	0	0.07	0	192
3430181	5863870	0	0	0	138	0	0.061	0	1920
1912029	-100	0	0	0	-100	0	0.121	0	
24644436	44866673	0	0	0	224	0	0.06	0	1925
845021	1475297	0	0	0	1202	0	0.069	0	1926
8868808	9550319	0	0	0	4632	0	0.103	0	1927
33379015	33380573	0	0	0	2631	0	0.08	0	193
26038538	26100581	0	0	0	1	0	0.061	0	194
32853422	32897698	0	0	0	1064	0	0.07	0	195
23414636	-100	0	0	0	-100	0	0.162	0	
4014549	-100	0	0	0	-100	0	0.149	0	
24454656	-100	0	0	0	-100	0	0.133	0	
3487781	-100	0	0	0	-100	0	0.101	0	
9433766	9436352	0	0	0	2532	0	0.08	0	2
7297827	-100	0	0	0	-100	0	0.16	0	
21836816	21843656	0	0	0	322	0	0.062	0	200
2438155	-100	0	0	0	-100	0	0.131	0	
59584924	60102647	0	0	0	3	0	0.061	0	202
39661410	-100	0	0	0	-100	0	0.159	0	
19737927	19738084	0	0	0	7	0	0.052	0	204
56437592	56520493	0	0	0	40	0	0.059	0	205
24455900	-100	0	0	0	-100	0	0.153	0	
5057228	-100	0	0	0	-100	0	0.119	0	
4144076	22882326	0	0	0	3731	0	0.103	0	208
2433479	-100	0	0	0	-100	0	0.151	0	
27744855	27748135	0	0	0	7269	0	0.171	0	21
59580337	59582393	0	0	0	50	0	0.059	0	210
17112360	-100	0	0	0	-100	0	0.143	0	
6102273	-100	0	0	0	-100	0	0.171	0	
4529379	-100	0	0	0	-100	0	0.151	0	
41228832	41245657	0	0	0	1	0	0.06	0	214
17283326	54335695	0	0	0	41	0	0.051	0	215
11873107	33887552	0	0	0	1	0	0.05	0	216
13963946	13964867	0	0	0	48	0	0.061	0	217
43312949	43324052	0	0	0	452	0	0.06	0	218
11866167	-100	0	0	0	-100	0	0.101	0	
4150208	4150535	0	0	0	198	0	0.04	0	22
21485868	25564054	0	0	0	9	0	0.061	0	220
9242266	-100	0	0	0	-100	0	0.151	0	
31785471	33549409	0	0	0	3284	0	0.101	0	222
17103917	17105070	0	0	0	481	0	0.068	0	223
1899168	1900562	0	0	0	1	0	0.057	0	224
22345991	22381434	0	0	0	5252	0	0.106	0	226
31424015	31424186	0	0	0	3	0	0.081	0	227
7665164	7666473	0	0	0	585	0	0.068	0	228
3470227	-100	0	0	0	-100	0	0.103	0	
46611453	46631500	0	0	0	1	0	0.061	0	23
42791557	-100	0	0	0	-100	0	0.151	0	
42791096	44829634	0	0	0	91	0	0.068	0	231
10809101	10809921	0	0	0	1	0	0.053	0	232
21871614	-100	0	0	0	-100	0	0.1	0	
29157576	-100	0	0	0	-100	0	0.172	0	
11331423	-100	0	0	0	-100	0	0.09	0	
8708791	14647791	0	0	0	1207	0	0.079	0	237
30727753	30728079	0	0	0	8	0	0.092	0	238
41213308	41219675	0	0	0	290	0	0.071	0	239
47659336	47676253	0	0	0	440	0	0.071	0	24
6085357	-100	0	0	0	-100	0	0.151	0	
38266912	-100	0	0	0	-100	0	0.159	0	
3987667	-100	0	0	0	-100	0	0.111	0	
29677674	29700814	0	0	0	39	0	0.052	0	243
2414647	10968661	0	0	0	1942	0	0.071	0	244
27579831	-100	0	0	0	-100	0	0.131	0	
14472423	14476653	0	0	0	484	0	0.06	0	246
10871714	10887987	0	0	0	2272	0	0.071	0	247
35442997	35467834	0	0	0	317	0	0.06	0	248
16567978	16589649	0	0	0	2	0	0.061	0	249
997041	-100	0	0	0	-100	0	0.131	0	
23907633	24003979	0	0	0	286	0	0.05	0	250
4508964	4511186	0	0	0	69	0	0.06	0	251
39111770	39113450	0	0	0	3	0	0.051	0	252
55888883	55889217	0	0	0	73	0	0.06	0	253
25479413	25479915	0	0	0	7	0	0.061	0	254
23382110	23382651	0	0	0	16	0	0.068	0	255
56504201	-100	0	0	0	-100	0	0.164	0	
5209265	5212924	0	0	0	9	0	0.06	0	257
18434683	18664311	0	0	0	173	0	0.06	0	258
41274203	41730127	0	0	0	2743	0	0.101	0	259
32454156	-100	0	0	0	-100	0	0.141	0	
12369477	12391813	0	0	0	2102	0	0.091	0	260
14015683	14032707	0	0	0	756	0	0.058	0	261
35899117	35961611	0	0	0	486	0	0.063	0	262
34911866	-100	0	0	0	-100	0	0.151	0	
22990852	23032619	0	0	0	2	0	0.058	0	264
7123560	7127156	0	0	0	1	0	0.063	0	265
2939250	3048437	0	0	0	5	0	0.06	0	269
3617492	16233321	0	0	0	26	0	0.051	0	27
9742449	9746661	0	0	0	27	0	0.07	0	270
37005025	-100	0	0	0	-100	0	0.101	0	
28265669	-100	0	0	0	-100	0	0.129	0	
8776481	16032713	0	0	0	4	0	0.062	0	273
55878479	55879116	0	0	0	114	0	0.054	0	274
37003490	37007149	0	0	0	1700	0	0.078	0	275
39721673	39736173	0	0	0	4603	0	0.107	0	276
29139098	29160104	0	0	0	4013	0	0.1	0	277
2037205	4602562	0	0	0	1	0	0.063	0	278
30187274	30235738	0	0	0	372	0	0.069	0	279
13054474	-100	0	0	0	-100	0	0.147	0	
27041060	42371746	0	0	0	28	0	0.053	0	280
1350883	1351268	0	0	0	32	0	0.063	0	281
49613664	49945108	0	0	0	27	0	0.053	0	282
28730842	28783273	0	0	0	1	0	0.053	0	283
47357273	-100	0	0	0	-100	0	0.163	0	
48720352	48721312	0	0	0	489	0	0.069	0	285
13930049	23052665	0	0	0	3252	0	0.085	0	286
9211362	9213026	0	0	0	8	0	0.062	0	287
34034229	-100	0	0	0	-100	0	0.155	0	
54299213	54428599	0	0	0	100	0	0.068	0	289
34549007	34551802	0	0	0	1	0	0.061	0	29
13928848	-100	0	0	0	-100	0	0.163	0	
25987410	-100	0	0	0	-100	0	0.141	0	
8685586	8686518	0	0	0	5	0	0.061	0	292
22840808	22870199	0	0	0	9758	0	0.151	0	293
33849880	33856354	0	0	0	951	0	0.071	0	294
9732057	-100	0	0	0	-100	0	0.09	0	
16547487	16570119	0	0	0	1	0	0.069	0	296
26174159	29654493	0	0	0	326	0	0.062	0	297
2915395	2916645	0	0	0	7396	0	0.131	0	298
31226607	31235801	0	0	0	62	0	0.061	0	299
20960037	-100	0	0	0	-100	0	0.149	0	
31403164	31408847	0	0	0	7	0	0.063	0	30
17070581	-100	0	0	0	-100	0	0.1	0	
10621949	10649394	0	0	0	7482	0	0.131	0	301
28097800	-100	0	0	0	-100	0	0.172	0	
38043467	38109339	0	0	0	62	0	0.07	0	304
11925578	12874722	0	0	0	2813	0	0.081	0	305
35418407	35440353	0	0	0	1	0	0.06	0	306
39831708	-100	0	0	0	-100	0	0.141	0	
54291954	54304972	0	0	0	4690	0	0.101	0	308
50097507	50187836	0	0	0	259	0	0.071	0	309
35070908	35085029	0	0	0	391	0	0.068	0	31
9736737	24488576	0	0	0	1636	0	0.073	0	310
4483674	-100	0	0	0	-100	0	0.161	0	
31819695	42515533	0	0	0	13	0	0.051	0	312
3435293	48217519	0	0	0	415	0	0.058	0	313
620645	621065	0	0	0	2593	0	0.091	0	314
3026640	17283858	0	0	0	30	0	0.052	0	315
2909868	14076801	0	0	0	668	0	0.061	0	316
55862918	-100	0	0	0	-100	0	0.171	0	
38037042	38038026	0	0	0	8	0	0.06	0	318
22884366	28075552	0	0	0	22	0	0.051	0	319
27730632	27733000	0	0	0	3939	0	0.111	0	32
2384937	2385106	0	0	0	6520	0	0.12	0	320
55938931	-100	0	0	0	-100	0	0.111	0	
35937293	41838484	0	0	0	9	0	0.091	0	322
36485594	36499625	0	0	0	158	0	0.068	0	324
31218081	31221063	0	0	0	392	0	0.063	0	325
50092103	-100	0	0	0	-100	0	0.151	0	
2381474	-100	0	0	0	-100	0	0.159	0	
20229093	-100	0	0	0	-100	0	0.153	0	
507041	14079444	0	0	0	2	0	0.049	0	329
19563813	-100	0	0	0	-100	0	0.153	0	
23875497	23891538	0	0	0	276	0	0.05	0	330
12513390	25448169	0	0	0	4	0	0.061	0	331
43273370	43275283	0	0	0	238	0	0.068	0	332
44845731	-100	0	0	0	-100	0	0.131	0	
53490990	-100	0	0	0	-100	0	0.154	0	
35407012	35578077	0	0	0	11	0	0.068	0	335
279564	282150	0	0	0	1444	0	0.071	0	336
14435071	29277456	0	0	0	402	0	0.052	0	337
50085326	-100	0	0	0	-100	0	0.141	0	
14988508	14992143	0	0	0	541	0	0.071	0	339
59708229	-100	0	0	0	-100	0	0.159	0	
42219923	42226244	0	0	0	6	0	0.062	0	340
8664930	-100	0	0	0	-100	0	0.149	0	
27013583	-100	0	0	0	-100	0	0.144	0	
8874448	8908489	0	0	0	2784	0	0.08	0	343
36448288	36451263	0	0	0	40	0	0.061	0	344
10181616	-100	0	0	0	-100	0	0.161	0	
52397274	52403677	0	0	0	2626	0	0.079	0	346
3942046	4132787	0	0	0	1	0	0.052	0	347
3940927	3942034	0	0	0	148	0	0.048	0	348
17047116	-100	0	0	0	-100	0	0.164	0	
3609157	3617166	0	0	0	14	0	0.058	0	35
30678450	-100	0	0	0	-100	0	0.101	0	
61611278	-100	0	0	0	-100	0	0.163	0	
49552473	50184151	0	0	0	770	0	0.069	0	352
8521800	23862124	0	0	0	142	0	0.052	0	353
792886	7149063	0	0	0	1	0	0.051	0	354
23860556	-100	0	0	0	-100	0	0.161	0	
6585649	38015123	0	0	0	2221	0	0.081	0	356
14945418	14945861	0	0	0	3089	0	0.09	0	357
8796479	12323908	0	0	0	1148	0	0.071	0	358
19308102	25967530	0	0	0	1	0	0.05	0	359
15141928	-100	0	0	0	-100	0	0.151	0	
24009476	46402312	0	0	0	3398	0	0.091	0	360
13896415	14008236	0	0	0	4	0	0.06	0	361
54266463	54271364	0	0	0	668	0	0.071	0	362
11450327	-100	0	0	0	-100	0	0.151	0	
9219072	9229030	0	0	0	167	0	0.06	0	364
26200107	51119682	0	0	0	3	0	0.051	0	365
14415864	14418725	0	0	0	13	0	0.05	0	367
12845562	12901567	0	0	0	2	0	0.071	0	368
9900385	50197539	0	0	0	6024	0	0.121	0	369
47646977	47647121	0	0	0	2	0	0.058	0	37
18285211	32636973	0	0	0	494	0	0.061	0	370
41681077	41682718	0	0	0	341	0	0.04	0	371
5504642	5505218	0	0	0	154	0	0.068	0	372
11945142	22531943	0	0	0	93	0	0.063	0	373
4455841	4465466	0	0	0	610	0	0.068	0	374
15558289	22805601	0	0	0	32	0	0.061	0	375
25426620	26150578	0	0	0	7	0	0.052	0	376
1527513	9260096	0	0	0	2459	0	0.081	0	377
19134079	19154300	0	0	0	59	0	0.05	0	378
1266569	-100	0	0	0	-100	0	0.159	0	
34014351	34022662	0	0	0	1044	0	0.063	0	38
9696545	48154956	0	0	0	1706	0	0.078	0	380
26582039	42201045	0	0	0	30	0	0.061	0	381
13365084	-100	0	0	0	-100	0	0.143	0	
5401412	11267700	0	0	0	471	0	0.06	0	383
35559769	48190007	0	0	0	6175	0	0.121	0	384
37480773	37482891	0	0	0	3	0	0.051	0	385
23373374	23378766	0	0	0	13	0	0.05	0	386
22799044	23377750	0	0	0	3	0	0.06	0	387
14934667	40700258	0	0	0	40	0	0.061	0	388
41673236	41691657	0	0	0	898	0	0.058	0	389
17236317	17237021	0	0	0	205	0	0.047	0	39
12352635	-100	0	0	0	-100	0	0.154	0	
42689595	42721364	0	0	0	9	0	0.062	0	391
16506952	-100	0	0	0	-100	0	0.154	0	
51251140	61595606	0	0	0	30	0	0.062	0	393
50583100	-100	0	0	0	-100	0	0.165	0	
23843985	23853763	0	0	0	206	0	0.04	0	395
6016157	-100	0	0	0	-100	0	0.101	0	
1853622	2872366	0	0	0	5	0	0.051	0	397
25938781	26212025	0	0	0	8303	0	0.149	0	398
54061930	-100	0	0	0	-100	0	0.191	0	
35111358	-100	0	0	0	-100	0	0.171	0	
39255026	39276798	0	0	0	29	0	0.063	0	40
24889961	24904180	0	0	0	1671	0	0.108	0	400
27511110	-100	0	0	0	-100	0	0.163	0	
2344747	2348547	0	0	0	6008	0	0.116	0	402
56314804	57630819	0	0	0	1	0	0.053	0	403
13022369	13070919	0	0	0	1602	0	0.087	0	404
47650049	47663845	0	0	0	21	0	0.063	0	405
32134774	32137405	0	0	0	1672	0	0.073	0	406
7860441	-100	0	0	0	-100	0	0.161	0	
34848493	34936265	0	0	0	603	0	0.068	0	408
59489292	59493934	0	0	0	33	0	0.071	0	409
2554671	2555411	0	0	0	207	0	0.04	0	41
55294546	55295170	0	0	0	208	0	0.041	0	410
7058603	7059496	0	0	0	4419	0	0.103	0	411
14922624	14922840	0	0	0	3342	0	0.097	0	412
43215081	43233652	0	0	0	1	0	0.074	0	413
2338912	2338935	0	0	0	11	0	0.05	0	414
16493606	16493861	0	0	0	2390	0	0.081	0	415
22260805	22268923	0	0	0	41	0	0.058	0	416
58960810	-100	0	0	0	-100	0	0.133	0	
46900408	46908046	0	0	0	9	0	0.071	0	418
8775572	37464332	0	0	0	156	0	0.05	0	419
26556925	35060128	0	0	0	3606	0	0.091	0	42
2922950	-100	0	0	0	-100	0	0.131	0	
1811421	-100	0	0	0	-100	0	0.129	0	
32744298	36044369	0	0	0	91	0	0.053	0	422
24879399	33545314	0	0	0	30	0	0.059	0	423
18061724	-100	0	0	0	-100	0	0.151	0	
31168584	-100	0	0	0	-100	0	0.151	0	
51371284	-100	0	0	0	-100	0	0.143	0	
7735837	7749060	0	0	0	639	0	0.071	0	427
2086542	38170101	0	0	0	3610	0	0.09	0	428
15153139	22779495	0	0	0	166	0	0.051	0	429
21952072	21952796	0	0	0	7335	0	0.129	0	43
33789054	-100	0	0	0	-100	0	0.131	0	
7573505	7574316	0	0	0	209	0	0.042	0	431
5476297	5476920	0	0	0	1171	0	0.091	0	432
58953393	58954032	0	0	0	1385	0	0.08	0	433
28576229	-100	0	0	0	-100	0	0.19	0	
1281007	-100	0	0	0	-100	0	0.173	0	
10422268	11399613	0	0	0	653	0	0.059	0	436
7180263	9190809	0	0	0	4548	0	0.093	0	437
5506411	5608975	0	0	0	7	0	0.05	0	438
54756854	54774616	0	0	0	1	0	0.061	0	439
21948691	-100	0	0	0	-100	0	0.141	0	
26969389	27147950	0	0	0	2	0	0.06	0	440
4669655	18125638	0	0	0	1510	0	0.081	0	441
35881584	36075251	0	0	0	68	0	0.068	0	442
8833522	-100	0	0	0	-100	0	0.133	0	
11762070	11763795	0	0	0	1	0	0.061	0	444
35879203	35891777	0	0	0	50	0	0.091	0	445
33754043	-100	0	0	0	-100	0	0.161	0	
13858706	13859052	0	0	0	51	0	0.05	0	447
11397441	11398482	0	0	0	43	0	0.059	0	448
14382607	14610396	0	0	0	1481	0	0.072	0	449
3983432	-100	0	0	0	-100	0	0.141	0	
12809526	20705731	0	0	0	4	0	0.061	0	450
9663607	-100	0	0	0	-100	0	0.121	0	
25392228	25403434	0	0	0	3	0	0.081	0	452
1274713	-100	0	0	0	-100	0	0.149	0	
22245852	-100	0	0	0	-100	0	0.154	0	
7041256	7043708	0	0	0	459	0	0.068	0	455
34597763	34828433	0	0	0	1	0	0.042	0	456
3895033	4699519	0	0	0	2918	0	0.081	0	457
3473437	-100	0	0	0	-100	0	0.111	0	
14078426	27737350	0	0	0	2	0	0.058	0	459
50259893	50273638	0	0	0	103	0	0.053	0	46
27487319	56401258	0	0	0	10	0	0.05	0	460
30108691	-100	0	0	0	-100	0	0.17	0	
50553666	50555448	0	0	0	1	0	0.062	0	462
20853604	-100	0	0	0	-100	0	0.151	0	
7039162	7213012	0	0	0	36	0	0.05	0	464
13330390	18238614	0	0	0	47	0	0.052	0	465
17524188	58587781	0	0	0	505	0	0.051	0	466
12804880	-100	0	0	0	-100	0	0.151	0	
9762491	9762791	0	0	0	1627	0	0.07	0	468
16740112	26436126	0	0	0	215	0	0.041	0	469
29812596	29814618	0	0	0	5680	0	0.121	0	47
41169902	-100	0	0	0	-100	0	0.171	0	
24860018	24861785	0	0	0	216	0	0.04	0	471
51075201	51076276	0	0	0	4280	0	0.111	0	472
13448152	-100	0	0	0	-100	0	0.162	0	
3363764	3373891	0	0	0	49	0	0.05	0	474
44971116	62083470	0	0	0	1112	0	0.069	0	475
21857617	27480372	0	0	0	457	0	0.052	0	476
13323723	13325320	0	0	0	1	0	0.061	0	477
45829570	-100	0	0	0	-100	0	0.141	0	
35578823	35579209	0	0	0	47	0	0.06	0	48
55520394	55523177	0	0	0	9176	0	0.149	0	481
4558437	12798162	0	0	0	236	0	0.043	0	482
32891256	-100	0	0	0	-100	0	0.164	0	
4547485	14410899	0	0	0	1	0	0.063	0	484
43415783	54427950	0	0	0	2	0	0.053	0	485
18039256	18039334	0	0	0	498	0	0.071	0	486
12794152	12820728	0	0	0	1	0	0.061	0	487
53942586	53955108	0	0	0	16	0	0.06	0	488
41104996	41105395	0	0	0	218	0	0.04	0	489
44490959	-100	0	0	0	-100	0	0.17	0	
23015043	24851946	0	0	0	1383	0	0.102	0	490
62075591	62079780	0	0	0	1673	0	0.071	0	491
41628335	-100	0	0	0	-100	0	0.131	0	
44944057	44946378	0	0	0	2783	0	0.091	0	493
4442418	-100	0	0	0	-100	0	0.1	0	
44686282	53856097	0	0	0	76	0	0.061	0	495
23362718	23365172	0	0	0	1	0	0.068	0	496
43196730	43200227	0	0	0	6178	0	0.123	0	497
7181702	-100	0	0	0	-100	0	0.152	0	
3874744	22433167	0	0	0	3	0	0.05	0	499
44019447	-100	0	0	0	-100	0	0.151	0	
32956293	32969883	0	0	0	151	0	0.061	0	50
19524589	20127660	0	0	0	128	0	0.06	0	500
19079073	19312702	0	0	0	509	0	0.069	0	501
18768103	23981733	0	0	0	7919	0	0.182	0	502
41621701	41621759	0	0	0	2144	0	0.08	0	503
28231888	28236469	0	0	0	6	0	0.043	0	504
21174276	21175018	0	0	0	1371	0	0.07	0	505
6237817	6237991	0	0	0	16	0	0.061	0	506
16977690	16978320	0	0	0	1	0	0.058	0	507
5600883	-100	0	0	0	-100	0	0.163	0	
25983401	-100	0	0	0	-100	0	0.152	0	
57597713	-100	0	0	0	-100	0	0.12	0	
23369012	23792608	0	0	0	20	0	0.061	0	510
47909378	47925466	0	0	0	22	0	0.071	0	511
14878174	-100	0	0	0	-100	0	0.171	0	
47908180	47919059	0	0	0	50	0	0.07	0	513
17946143	22880348	0	0	0	876	0	0.069	0	514
32702845	32703296	0	0	0	12	0	0.04	0	515
10950470	10955464	0	0	0	219	0	0.04	0	516
48684592	53358444	0	0	0	1	0	0.061	0	517
10439354	-100	0	0	0	-100	0	0.171	0	
19316982	34798914	0	0	0	125	0	0.05	0	519
21421835	21423325	0	0	0	393	0	0.081	0	52
28585399	54469035	0	0	0	548	0	0.05	0	520
3101993	3341285	0	0	0	16	0	0.061	0	521
16972737	16973923	0	0	0	3525	0	0.09	0	522
27982625	39737913	0	0	0	2	0	0.061	0	523
50794479	-100	0	0	0	-100	0	0.151	0	
12777862	14691373	0	0	0	861	0	0.061	0	525
8058871	27157896	0	0	0	220	0	0.04	0	526
44758535	44781279	0	0	0	1	0	0.06	0	527
31650860	31653752	0	0	0	12	0	0.069	0	528
12409990	50000613	0	0	0	761	0	0.052	0	529
59693311	59700663	0	0	0	9145	0	0.162	0	53
6484457	-100	0	0	0	-100	0	0.111	0	
4911107	-100	0	0	0	-100	0	0.141	0	
13823530	20445771	0	0	0	3249	0	0.099	0	532
7007704	7016710	0	0	0	222	0	0.04	0	533
1240322	-100	0	0	0	-100	0	0.093	0	
5615146	-100	0	0	0	-100	0	0.101	0	
16444439	-100	0	0	0	-100	0	0.12	0	
6169066	6170015	0	0	0	1264	0	0.081	0	537
2824291	2827992	0	0	0	5474	0	0.111	0	538
61532396	61545812	0	0	0	704	0	0.08	0	539
7787959	7790943	0	0	0	1	0	0.061	0	54
14345256	14390302	0	0	0	5	0	0.05	0	540
29025075	29026626	0	0	0	1	0	0.061	0	541
16631904	16633972	0	0	0	1	0	0.06	0	542
16062246	17544628	0	0	0	6	0	0.06	0	544
62054388	62069628	0	0	0	159	0	0.061	0	545
59231143	59432704	0	0	0	1	0	0.091	0	546
19062341	25018202	0	0	0	107	0	0.07	0	547
9100764	-100	0	0	0	-100	0	0.151	0	
23521781	23536877	0	0	0	6561	0	0.139	0	549
56546565	-100	0	0	0	-100	0	0.143	0	
35314980	35334785	0	0	0	1939	0	0.071	0	550
35314519	-100	0	0	0	-100	0	0.088	0	
26401359	26542442	0	0	0	22	0	0.073	0	552
5644412	-100	0	0	0	-100	0	0.111	0	
43702337	43702562	0	0	0	1	0	0.119	0	554
8050747	8052833	0	0	0	3	0	0.06	0	555
48420586	52726965	0	0	0	20	0	0.063	0	556
10351423	-100	0	0	0	-100	0	0.151	0	
25351381	-100	0	0	0	-100	0	0.151	0	
26399357	26605470	0	0	0	6	0	0.061	0	559
51827622	-100	0	0	0	-100	0	0.101	0	
31117682	-100	0	0	0	-100	0	0.171	0	
30526802	30639980	0	0	0	2019	0	0.081	0	561
2939061	2941898	0	0	0	223	0	0.04	0	562
46845065	-100	0	0	0	-100	0	0.149	0	
13336744	13337696	0	0	0	129	0	0.073	0	564
2845340	3327832	0	0	0	203	0	0.06	0	565
60474786	60576442	0	0	0	1274	0	0.101	0	566
37061770	-100	0	0	0	-100	0	0.161	0	
10185634	-100	0	0	0	-100	0	0.169	0	
7520174	7561604	0	0	0	1	0	0.053	0	569
55495976	55546877	0	0	0	500	0	0.07	0	57
24821550	24821618	0	0	0	49	0	0.051	0	570
4546614	-100	0	0	0	-100	0	0.141	0	
40025195	40072875	0	0	0	224	0	0.04	0	572
18004904	18031974	0	0	0	2303	0	0.091	0	573
14858642	-100	0	0	0	-100	0	0.161	0	
25868547	25870734	0	0	0	1	0	0.06	0	575
14858495	15659790	0	0	0	961	0	0.061	0	576
41808736	42121396	0	0	0	6	0	0.06	0	577
43693742	43718834	0	0	0	99	0	0.051	0	578
32158253	-100	0	0	0	-100	0	0.131	0	
7337992	-100	0	0	0	-100	0	0.151	0	
22721027	-100	0	0	0	-100	0	0.101	0	
32682273	32704222	0	0	0	2925	0	0.09	0	581
427297	10137430	0	0	0	542	0	0.069	0	582
12234093	12234354	0	0	0	93	0	0.062	0	583
40545620	52352449	0	0	0	874	0	0.074	0	584
5416590	5418275	0	0	0	501	0	0.063	0	585
6200612	-100	0	0	0	-100	0	0.154	0	
23889469	23895868	0	0	0	461	0	0.069	0	587
378574	-100	0	0	0	-100	0	0.131	0	
33728581	33728882	0	0	0	52	0	0.047	0	589
10929366	10941763	0	0	0	589	0	0.069	0	59
47883508	-100	0	0	0	-100	0	0.174	0	
56271660	-100	0	0	0	-100	0	0.143	0	
14328475	14525283	0	0	0	7135	0	0.131	0	592
45259259	45261449	0	0	0	3	0	0.051	0	593
26553350	-100	0	0	0	-100	0	0.171	0	
43687811	-100	0	0	0	-100	0	0.131	0	
28482648	28501791	0	0	0	1	0	0.061	0	596
48405226	-100	0	0	0	-100	0	0.161	0	
19044475	19047370	0	0	0	30	0	0.058	0	598
3442529	-100	0	0	0	-100	0	0.093	0	
29862711	29863919	0	0	0	282	0	0.061	0	6
37560463	37672808	0	0	0	544	0	0.068	0	60
16630176	-100	0	0	0	-100	0	0.153	0	
5412681	-100	0	0	0	-100	0	0.159	0	
55908755	-100	0	0	0	-100	0	0.172	0	
3930053	4019181	0	0	0	751	0	0.06	0	604
56589029	-100	0	0	0	-100	0	0.153	0	
28871719	29002992	0	0	0	129	0	0.061	0	606
15895686	16147533	0	0	0	48	0	0.06	0	607
3892063	6706051	0	0	0	230	0	0.061	0	608
10730556	-100	0	0	0	-100	0	0.108	0	
3588907	3590278	0	0	0	226	0	0.041	0	61
11701179	-100	0	0	0	-100	0	0.153	0	
23235355	23235855	0	0	0	4	0	0.06	0	611
14401516	15370910	0	0	0	2237	0	0.081	0	612
6574999	11700835	0	0	0	73	0	0.081	0	613
17006340	-100	0	0	0	-100	0	0.151	0	
12536668	13797778	0	0	0	5865	0	0.121	0	615
34691210	-100	0	0	0	-100	0	0.151	0	
7506194	-100	0	0	0	-100	0	0.161	0	
29525885	29527104	0	0	0	8760	0	0.141	0	618
52871936	53421253	0	0	0	1	0	0.071	0	62
1969374	3118699	0	0	0	3800	0	0.09	0	620
42632702	42641706	0	0	0	1	0	0.051	0	621
57312749	58557233	0	0	0	413	0	0.068	0	622
13307111	35816644	0	0	0	1004	0	0.063	0	623
3499173	-100	0	0	0	-100	0	0.151	0	
21660829	-100	0	0	0	-100	0	0.159	0	
21248904	-100	0	0	0	-100	0	0.152	0	
55717029	55738873	0	0	0	49	0	0.052	0	627
3857081	4358525	0	0	0	1444	0	0.071	0	628
47629049	47629400	0	0	0	50	0	0.06	0	63
52592548	58693002	0	0	0	48	0	0.051	0	630
17948543	49572417	0	0	0	3612	0	0.09	0	631
21173231	26123524	0	0	0	5	0	0.061	0	632
9598587	9599008	0	0	0	503	0	0.06	0	633
32667030	32668158	0	0	0	227	0	0.041	0	634
1209604	14136714	0	0	0	3529	0	0.09	0	635
6975416	6986334	0	0	0	3644	0	0.091	0	636
30568069	35304197	0	0	0	107	0	0.07	0	637
31090982	-100	0	0	0	-100	0	0.162	0	
3135530	7497997	0	0	0	2	0	0.05	0	639
10404161	10405981	0	0	0	137	0	0.062	0	64
8021866	-100	0	0	0	-100	0	0.162	0	
681115	-100	0	0	0	-100	0	0.159	0	
12215356	12314346	0	0	0	505	0	0.063	0	642
34235369	-100	0	0	0	-100	0	0.149	0	
47431299	55206672	0	0	0	2	0	0.078	0	644
2253543	35456122	0	0	0	2597	0	0.085	0	645
42099363	46100643	0	0	0	277	0	0.053	0	646
23749279	23959337	0	0	0	3649	0	0.1	0	647
37862126	51775962	0	0	0	548	0	0.063	0	648
20280104	20422497	0	0	0	2396	0	0.094	0	649
20364384	-100	0	0	0	-100	0	0.091	0	
40302105	43147584	0	0	0	314	0	0.071	0	650
6173455	-100	0	0	0	-100	0	0.131	0	
59399906	59401533	0	0	0	469	0	0.068	0	652
29640839	-100	0	0	0	-100	0	0.174	0	
11689226	21903264	0	0	0	4698	0	0.111	0	654
54678804	54680799	0	0	0	4865	0	0.101	0	655
17579449	35281870	0	0	0	2349	0	0.08	0	656
39829255	40524707	0	0	0	1	0	0.071	0	657
12870803	12879484	0	0	0	1168	0	0.078	0	658
9353938	9379261	0	0	0	315	0	0.053	0	66
52164954	53865862	0	0	0	1139	0	0.07	0	661
46279119	46291778	0	0	0	214	0	0.069	0	662
7540261	-100	0	0	0	-100	0	0.143	0	
47339760	53127069	0	0	0	1	0	0.059	0	664
2035325	2048022	0	0	0	395	0	0.06	0	665
34756244	34818999	0	0	0	1163	0	0.073	0	666
38055561	38295832	0	0	0	68	0	0.05	0	667
30561481	-100	0	0	0	-100	0	0.161	0	
47862871	47917157	0	0	0	177	0	0.071	0	669
59684747	59703413	0	0	0	724	0	0.06	0	67
23745468	23746403	0	0	0	14	0	0.061	0	670
15356766	15506402	0	0	0	122	0	0.078	0	671
30560855	30563782	0	0	0	1	0	0.053	0	672
10113317	10129180	0	0	0	10	0	0.06	0	673
259719	19629379	0	0	0	94	0	0.059	0	674
2074527	8239600	0	0	0	86	0	0.04	0	675
6710236	-100	0	0	0	-100	0	0.153	0	
16927479	18177208	0	0	0	1	0	0.061	0	677
2370968	-100	0	0	0	-100	0	0.161	0	
12730493	12732723	0	0	0	3445	0	0.1	0	679
24033110	-100	0	0	0	-100	0	0.142	0	
53626874	54387226	0	0	0	40	0	0.068	0	680
35800232	41324164	0	0	0	131	0	0.061	0	681
10634058	28999337	0	0	0	160	0	0.06	0	682
45522014	48907055	0	0	0	259	0	0.069	0	683
4686953	8012279	0	0	0	235	0	0.052	0	684
24027918	-100	0	0	0	-100	0	0.171	0	
6242591	21227585	0	0	0	9205	0	0.15	0	686
27410730	-100	0	0	0	-100	0	0.153	0	
9659233	15111887	0	0	0	14	0	0.04	0	688
24413929	-100	0	0	0	-100	0	0.171	0	
34748981	-100	0	0	0	-100	0	0.16	0	
20592116	20592292	0	0	0	225	0	0.062	0	692
32952124	-100	0	0	0	-100	0	0.154	0	
27226055	-100	0	0	0	-100	0	0.163	0	
34331370	42086485	0	0	0	7744	0	0.134	0	695
47886025	48959047	0	0	0	8893	0	0.151	0	696
14087076	-100	0	0	0	-100	0	0.142	0	
26357052	26365537	0	0	0	25	0	0.06	0	698
7730560	16395367	0	0	0	119	0	0.04	0	699
54435397	56076253	0	0	0	232	0	0.041	0	7
56014349	56018814	0	0	0	1	0	0.06	0	70
2045850	3467624	0	0	0	1241	0	0.061	0	700
22430473	22434435	0	0	0	4985	0	0.11	0	701
25626375	46650151	0	0	0	2916	0	0.081	0	702
13249018	-100	0	0	0	-100	0	0.161	0	
15870319	15870709	0	0	0	507	0	0.061	0	704
22161186	28491237	0	0	0	7261	0	0.141	0	705
8722295	40192229	0	0	0	5242	0	0.111	0	706
664332	-100	0	0	0	-100	0	0.139	0	
36840184	-100	0	0	0	-100	0	0.153	0	
30548490	-100	0	0	0	-100	0	0.109	0	
13075449	-100	0	0	0	-100	0	0.193	0	
14295509	14300868	0	0	0	508	0	0.071	0	710
18089543	18218051	0	0	0	3617	0	0.09	0	712
13988225	-100	0	0	0	-100	0	0.161	0	
33168646	-100	0	0	0	-100	0	0.142	0	
15519202	-100	0	0	0	-100	0	0.151	0	
33692591	33799483	0	0	0	1610	0	0.078	0	716
26071097	-100	0	0	0	-100	0	0.144	0	
32643803	-100	0	0	0	-100	0	0.151	0	
15901091	15901861	0	0	0	3	0	0.058	0	719
30322925	30392752	0	0	0	1	0	0.053	0	72
33752165	43324462	0	0	0	35	0	0.06	0	720
53690076	-100	0	0	0	-100	0	0.166	0	
10342738	11147549	0	0	0	860	0	0.069	0	722
30545555	30556227	0	0	0	1	0	0.047	0	723
52308258	-100	0	0	0	-100	0	0.169	0	
32311109	48370879	0	0	0	39	0	0.062	0	725
27398989	43862282	0	0	0	15	0	0.059	0	726
46797422	-100	0	0	0	-100	0	0.113	0	
37837710	37884448	0	0	0	1674	0	0.07	0	728
43127227	-100	0	0	0	-100	0	0.172	0	
29798332	29820777	0	0	0	4090	0	0.1	0	73
47557998	48012080	0	0	0	690	0	0.069	0	730
5377798	-100	0	0	0	-100	0	0.123	0	
3804876	3811232	0	0	0	102	0	0.06	0	733
5964407	5979043	0	0	0	7071	0	0.121	0	734
6041511	-100	0	0	0	-100	0	0.141	0	
31830077	34072929	0	0	0	234	0	0.061	0	736
3957584	-100	0	0	0	-100	0	0.101	0	
10514019	41935897	0	0	0	2464	0	0.08	0	738
52423705	56756109	0	0	0	1665	0	0.071	0	739
9349318	9351015	0	0	0	58	0	0.06	0	74
16705425	27469222	0	0	0	6286	0	0.122	0	740
5573211	44697218	0	0	0	3027	0	0.08	0	741
12682660	12715547	0	0	0	1	0	0.061	0	742
14288327	14330815	0	0	0	984	0	0.07	0	743
7288081	-100	0	0	0	-100	0	0.152	0	
40534557	57803785	0	0	0	17	0	0.06	0	745
35259078	36664737	0	0	0	76	0	0.061	0	746
38937525	38975742	0	0	0	1571	0	0.08	0	747
29333291	-100	0	0	0	-100	0	0.161	0	
10092771	10093611	0	0	0	3502	0	0.101	0	749
2534455	-100	0	0	0	-100	0	0.162	0	
20729067	22888096	0	0	0	6313	0	0.121	0	750
9568407	-100	0	0	0	-100	0	0.151	0	
21102401	21103753	0	0	0	237	0	0.04	0	752
28135954	37879112	0	0	0	6421	0	0.121	0	753
38927628	38928140	0	0	0	2	0	0.061	0	754
52558815	52563301	0	0	0	168	0	0.06	0	755
28022131	-100	0	0	0	-100	0	0.161	0	
2856530	4848227	0	0	0	1	0	0.059	0	757
36386337	41440352	0	0	0	7470	0	0.143	0	758
49236104	49253098	0	0	0	15	0	0.061	0	759
11971527	12004567	0	0	0	4509	0	0.096	0	76
22672021	22673658	0	0	0	1977	0	0.084	0	760
5526457	5527574	0	0	0	661	0	0.069	0	761
3581870	18754062	0	0	0	6	0	0.047	0	762
33927167	33929130	0	0	0	510	0	0.069	0	763
46049531	-100	0	0	0	-100	0	0.154	0	
9865573	-100	0	0	0	-100	0	0.093	0	
23196141	-100	0	0	0	-100	0	0.161	0	
31654899	-100	0	0	0	-100	0	0.132	0	
21622946	21629922	0	0	0	12	0	0.069	0	774
27838025	28438438	0	0	0	2056	0	0.085	0	775
23719758	-100	0	0	0	-100	0	0.153	0	
23478701	-100	0	0	0	-100	0	0.147	0	
16170388	43885628	0	0	0	15	0	0.07	0	778
51816646	51817626	0	0	0	342	0	0.062	0	78
3580883	-100	0	0	0	-100	0	0.1	0	
38251605	38489775	0	0	0	65	0	0.069	0	782
1389431	-100	0	0	0	-100	0	0.154	0	
21621211	-100	0	0	0	-100	0	0.147	0	
17426899	21828937	0	0	0	3601	0	0.1	0	785
45459125	-100	0	0	0	-100	0	0.154	0	
13507779	-100	0	0	0	-100	0	0.163	0	
36086846	36283986	0	0	0	13	0	0.06	0	788
46261613	46284557	0	0	0	511	0	0.06	0	789
14067212	14068446	0	0	0	2759	0	0.081	0	79
6595183	-100	0	0	0	-100	0	0.161	0	
1172327	2611363	0	0	0	1	0	0.041	0	791
23880928	33870439	0	0	0	4875	0	0.151	0	792
38919165	38928973	0	0	0	569	0	0.07	0	794
10607373	10899863	0	0	0	123	0	0.051	0	796
34162156	34200164	0	0	0	168	0	0.06	0	797
184365	9818202	0	0	0	1613	0	0.071	0	798
24236002	24236603	0	0	0	3294	0	0.101	0	799
40339101	40339468	0	0	0	5	0	0.088	0	8
21407213	21409112	0	0	0	7072	0	0.123	0	80
4837830	4838847	0	0	0	7	0	0.061	0	800
21090333	21138334	0	0	0	13	0	0.058	0	801
24956272	35006818	0	0	0	2272	0	0.091	0	802
14274274	14313154	0	0	0	16	0	0.061	0	803
12701358	-100	0	0	0	-100	0	0.133	0	
11437650	-100	0	0	0	-100	0	0.176	0	
26003063	44290519	0	0	0	279	0	0.054	0	806
4836401	4836504	0	0	0	75	0	0.062	0	807
7457802	-100	0	0	0	-100	0	0.138	0	
9184695	31050716	0	0	0	147	0	0.047	0	809
41853612	-100	0	0	0	-100	0	0.154	0	
42948344	42956679	0	0	0	9435	0	0.152	0	810
37355063	37363417	0	0	0	1	0	0.06	0	811
54206286	-100	0	0	0	-100	0	0.161	0	
41010706	-100	0	0	0	-100	0	0.152	0	
11883575	-100	0	0	0	-100	0	0.151	0	
38388764	38471609	0	0	0	9252	0	0.171	0	815
32203564	-100	0	0	0	-100	0	0.161	0	
1262083	2031385	0	0	0	4467	0	0.101	0	817
9194281	-100	0	0	0	-100	0	0.151	0	
7455279	10762538	0	0	0	1	0	0.061	0	819
3579744	-100	0	0	0	-100	0	0.149	0	
46776745	46778066	0	0	0	761	0	0.063	0	820
23183647	-100	0	0	0	-100	0	0.171	0	
22659345	-100	0	0	0	-100	0	0.161	0	
38912185	38913983	0	0	0	13	0	0.071	0	823
26174267	-100	0	0	0	-100	0	0.161	0	
16031589	23183327	0	0	0	459	0	0.06	0	825
48348871	48469757	0	0	0	240	0	0.041	0	826
1386593	-100	0	0	0	-100	0	0.11	0	
17415608	20628957	0	0	0	5462	0	0.119	0	828
21967301	22133863	0	0	0	1	0	0.06	0	829
3130598	3130885	0	0	0	7073	0	0.131	0	83
6249059	6287770	0	0	0	344	0	0.062	0	830
46775200	46825774	0	0	0	3444	0	0.099	0	831
20035666	20035799	0	0	0	34	0	0.052	0	832
13187927	13219921	0	0	0	1	0	0.071	0	833
46597383	51993908	0	0	0	1437	0	0.069	0	834
16440904	-100	0	0	0	-100	0	0.143	0	
17270935	17290145	0	0	0	311	0	0.07	0	836
25801686	25850777	0	0	0	44	0	0.061	0	837
39833496	-100	0	0	0	-100	0	0.125	0	
10765699	10766387	0	0	0	1693	0	0.085	0	839
5531665	5577236	0	0	0	1	0	0.046	0	84
45199599	-100	0	0	0	-100	0	0.154	0	
6959120	-100	0	0	0	-100	0	0.132	0	
43589	-100	0	0	0	-100	0	0.1	0	
22654363	22888967	0	0	0	4511	0	0.1	0	843
10145259	-100	0	0	0	-100	0	0.154	0	
18086094	-100	0	0	0	-100	0	0.117	0	
10841847	-100	0	0	0	-100	0	0.171	0	
20380245	20555763	0	0	0	1	0	0.061	0	847
6666791	6680164	0	0	0	322	0	0.058	0	848
7720138	8496621	0	0	0	3769	0	0.093	0	849
14115028	14364950	0	0	0	4	0	0.06	0	85
1488267	27586445	0	0	0	2631	0	0.081	0	850
35798048	50541560	0	0	0	5920	0	0.121	0	851
22459155	23700422	0	0	0	53	0	0.058	0	852
38380193	38590194	0	0	0	94	0	0.061	0	853
30916271	-100	0	0	0	-100	0	0.151	0	
12165649	-100	0	0	0	-100	0	0.151	0	
10731877	10747626	0	0	0	5664	0	0.111	0	856
23699484	23742576	0	0	0	1049	0	0.102	0	857
41395252	-100	0	0	0	-100	0	0.18	0	
1678981	-100	0	0	0	-100	0	0.093	0	
14606970	14612573	0	0	0	40	0	0.05	0	86
5435310	19563167	0	0	0	1961	0	0.07	0	860
34184630	34215854	0	0	0	492	0	0.071	0	861
55680376	55680953	0	0	0	14	0	0.06	0	862
5348721	8633540	0	0	0	24	0	0.051	0	863
7969926	22203960	0	0	0	1	0	0.05	0	864
31492051	-100	0	0	0	-100	0	0.131	0	
7980741	-100	0	0	0	-100	0	0.101	0	
39426200	51493658	0	0	0	6030	0	0.12	0	868
35189328	35231351	0	0	0	1572	0	0.089	0	869
28743196	28765703	0	0	0	38	0	0.061	0	87
8263293	-100	0	0	0	-100	0	0.1	0	
2937466	-100	0	0	0	-100	0	0.171	0	
33114843	33133602	0	0	0	1	0	0.047	0	872
10709787	13210447	0	0	0	173	0	0.054	0	873
3026134	-100	0	0	0	-100	0	0.131	0	
26317300	28272443	0	0	0	2	0	0.069	0	875
22299294	-100	0	0	0	-100	0	0.148	0	
15803441	25268050	0	0	0	50	0	0.053	0	877
4822914	15064814	0	0	0	1	0	0.047	0	878
10871939	24742766	0	0	0	1	0	0.053	0	879
7779408	11955723	0	0	0	362	0	0.078	0	88
4367861	4368107	0	0	0	1	0	0.054	0	880
3106737	47810114	0	0	0	1	0	0.062	0	881
7438324	-100	0	0	0	-100	0	0.1	0	
19496642	19582967	0	0	0	449	0	0.054	0	883
6227000	-100	0	0	0	-100	0	0.153	0	
2719012	-100	0	0	0	-100	0	0.157	0	
29981882	29997668	0	0	0	233	0	0.075	0	886
2153062	-100	0	0	0	-100	0	0.147	0	
49037109	49216555	0	0	0	3339	0	0.085	0	888
46240576	46240903	0	0	0	2026	0	0.085	0	889
39228296	39233991	0	0	0	244	0	0.046	0	89
7179216	26099849	0	0	0	4608	0	0.101	0	890
521418	10102225	0	0	0	7282	0	0.122	0	891
1565775	-100	0	0	0	-100	0	0.147	0	
12154830	-100	0	0	0	-100	0	0.138	0	
33410175	33496279	0	0	0	1379	0	0.079	0	894
23519227	23522091	0	0	0	3	0	0.053	0	895
4325956	-100	0	0	0	-100	0	0.15	0	
646195	13483614	0	0	0	1467	0	0.072	0	897
1488033	15575405	0	0	0	5245	0	0.101	0	898
53048413	53050736	0	0	0	1158	0	0.08	0	899
5732990	5735432	0	0	0	139	0	0.051	0	9
5149525	-100	0	0	0	-100	0	0.121	0	
46342798	46343196	0	0	0	1	0	0.068	0	901
9801908	-100	0	0	0	-100	0	0.151	0	
2191367	-100	0	0	0	-100	0	0.153	0	
53622856	53667817	0	0	0	916	0	0.071	0	904
4288359	4310769	0	0	0	47	0	0.06	0	905
17966493	24042894	0	0	0	2491	0	0.091	0	906
29991254	-100	0	0	0	-100	0	0.161	0	
15297551	15336963	0	0	0	1	0	0.05	0	908
26831818	26846739	0	0	0	1512	0	0.081	0	909
14586189	14588444	0	0	0	1	0	0.05	0	91
3838288	57008999	0	0	0	6593	0	0.129	0	910
2714342	2719584	0	0	0	1	0	0.05	0	911
1895683	8481501	0	0	0	619	0	0.063	0	912
26549120	34874485	0	0	0	3150	0	0.091	0	913
18297161	35219537	0	0	0	6667	0	0.129	0	914
39025977	55142353	0	0	0	1	0	0.052	0	915
5351659	-100	0	0	0	-100	0	0.091	0	
7955968	8264579	0	0	0	1	0	0.058	0	917
2374567	9388245	0	0	0	121	0	0.053	0	918
13468754	13471913	0	0	0	3	0	0.05	0	919
40797142	40799723	0	0	0	51	0	0.061	0	92
38363250	38381969	0	0	0	89	0	0.06	0	920
38752336	43191129	0	0	0	450	0	0.071	0	921
23145245	23158564	0	0	0	5211	0	0.11	0	922
38887186	39135772	0	0	0	94	0	0.061	0	923
6381270	15991113	0	0	0	952	0	0.06	0	924
1662337	-100	0	0	0	-100	0	0.162	0	
16341655	35372094	0	0	0	8	0	0.04	0	926
19126860	56415163	0	0	0	14	0	0.05	0	927
1184628	23681582	0	0	0	1101	0	0.061	0	928
7047426	18962960	0	0	0	1145	0	0.1	0	929
45514720	-100	0	0	0	-100	0	0.15	0	
22427043	-100	0	0	0	-100	0	0.153	0	
49744010	50419736	0	0	0	1	0	0.06	0	931
21249545	-100	0	0	0	-100	0	0.121	0	
101935	1274173	0	0	0	1	0	0.051	0	933
54853306	60904370	0	0	0	118	0	0.06	0	934
52746698	56709972	0	0	0	8	0	0.06	0	935
22631026	-100	0	0	0	-100	0	0.111	0	
2183486	-100	0	0	0	-100	0	0.151	0	
1205751	-100	0	0	0	-100	0	0.159	0	
5667526	5668561	0	0	0	1	0	0.053	0	94
22355828	22694289	0	0	0	8906	0	0.161	0	940
36785381	-100	0	0	0	-100	0	0.151	0	
56708214	56711056	0	0	0	387	0	0.05	0	942
9225632	-100	0	0	0	-100	0	0.131	0	
46746230	47439653	0	0	0	10	0	0.061	0	944
9020433	23677533	0	0	0	9788	0	0.161	0	945
2840755	13076480	0	0	0	246	0	0.04	0	946
14763979	15552991	0	0	0	377	0	0.051	0	947
6695756	-100	0	0	0	-100	0	0.161	0	
31541066	-100	0	0	0	-100	0	0.171	0	
51016324	51280509	0	0	0	102	0	0.058	0	95
15816024	15829952	0	0	0	3533	0	0.093	0	950
2180163	18136064	0	0	0	4619	0	0.109	0	951
3752609	-100	0	0	0	-100	0	0.158	0	
46744068	-100	0	0	0	-100	0	0.131	0	
36947844	48841018	0	0	0	1386	0	0.069	0	955
22102004	-100	0	0	0	-100	0	0.166	0	
13201579	-100	0	0	0	-100	0	0.129	0	
26295494	26300396	0	0	0	153	0	0.052	0	958
12663783	12665915	0	0	0	1263	0	0.081	0	959
58095070	58096365	0	0	0	2654	0	0.09	0	96
6896587	19205726	0	0	0	2299	0	0.101	0	960
5937484	34878681	0	0	0	308	0	0.053	0	961
59325784	59353210	0	0	0	247	0	0.047	0	962
40601866	-100	0	0	0	-100	0	0.169	0	
42547684	43678020	0	0	0	256	0	0.069	0	964
2372624	-100	0	0	0	-100	0	0.094	0	
8243503	16120641	0	0	0	5093	0	0.123	0	966
8242922	10041200	0	0	0	54	0	0.046	0	967
10301041	10331980	0	0	0	213	0	0.054	0	969
2279337	9920132	0	0	0	1	0	0.047	0	97
5535514	15807087	0	0	0	2	0	0.069	0	970
25273980	31535380	0	0	0	1814	0	0.071	0	971
4796384	9363781	0	0	0	5416	0	0.111	0	972
21886257	-100	0	0	0	-100	0	0.11	0	
4835849	22622062	0	0	0	9539	0	0.159	0	974
3777765	10791540	0	0	0	9529	0	0.144	0	975
6893194	-100	0	0	0	-100	0	0.191	0	
28912684	28920545	0	0	0	34	0	0.058	0	978
1797510	10958491	0	0	0	157	0	0.053	0	979
20869304	20870543	0	0	0	514	0	0.06	0	98
21470405	26965299	0	0	0	31	0	0.061	0	980
49359589	49367509	0	0	0	1031	0	0.07	0	981
29960463	-100	0	0	0	-100	0	0.171	0	
16328894	16346691	0	0	0	929	0	0.071	0	983
8464327	39216072	0	0	0	1532	0	0.07	0	984
47070600	47261385	0	0	0	117	0	0.061	0	985
50406958	50444572	0	0	0	1	0	0.05	0	986
33825065	33829118	0	0	0	515	0	0.061	0	987
4098345	-100	0	0	0	-100	0	0.101	0	
15803852	15871992	0	0	0	6567	0	0.12	0	989
22439076	-100	0	0	0	-100	0	0.169	0	
33628161	33629642	0	0	0	821	0	0.073	0	990
749712	13215977	0	0	0	173	0	0.058	0	991
33629455	-100	0	0	0	-100	0	0.163	0	
6450810	6478678	0	0	0	53	0	0.069	0	993
11638534	33628742	0	0	0	5281	0	0.1	0	995
3220022	-100	0	0	0	-100	0	0.147	0	
23667178	-100	0	0	0	-100	0	0.101	0	
11084209	13227658	0	0	0	520	0	0.069	0	998
23666904	54852697	0	0	0	1	0	0.053	0	999
