testPostId	trainPostId	TitleSim	BodySim	TagSim	LuceneHitRank	ProposedHitRank	lucene_hit_duration	Proposed_hit_duration	LuceneTestTrueLabel
61979426	61993479	0	0	0	1	0	0.265	0	1
32857212	61760349	0	0	0	11	0	0.102	0	10
58550163	58777915	0	0	0	725	0	0.149	0	100
31063959	31125693	0	0	0	461	0	0.051	0	1000
30946374	31050787	0	0	0	6824	0	0.302	0	1001
30983013	31038636	0	0	0	4	0	0.109	0	1002
30470895	-100	0	0	0	-100	0	0.188	0	
37944197	41030477	0	0	0	4	0	0.054	0	1004
25934752	-100	0	0	0	-100	0	0.1	0	
30918550	-100	0	0	0	-100	0	0.103	0	
25946047	-100	0	0	0	-100	0	0.101	0	
25587773	41171676	0	0	0	35	0	0.031	0	1008
30778718	-100	0	0	0	-100	0	0.153	0	
58756264	58761704	0	0	0	1	0	0.032	0	101
23839142	41157332	0	0	0	1135	0	0.053	0	1010
30719243	-100	0	0	0	-100	0	0.078	0	
30652116	-100	0	0	0	-100	0	0.107	0	
30600958	-100	0	0	0	-100	0	0.078	0	
18257642	29454883	0	0	0	1	0	0.054	0	1014
30460410	30560689	0	0	0	1	0	0.046	0	1016
30540644	30541130	0	0	0	1475	0	0.125	0	1017
30441657	48902732	0	0	0	71	0	0.129	0	1018
30406560	-100	0	0	0	-100	0	0.139	0	
51902438	58899541	0	0	0	208	0	0.02	0	102
28628384	-100	0	0	0	-100	0	0.147	0	
40901445	-100	0	0	0	-100	0	0.131	0	
38109501	39337862	0	0	0	103	0	0.016	0	1023
36571864	38601794	0	0	0	5879	0	0.1	0	1024
33048097	44318860	0	0	0	82	0	0.038	0	1025
30113308	30115455	0	0	0	1299	0	0.031	0	1026
30064401	30065418	0	0	0	1	0	0.031	0	1027
30060278	39418783	0	0	0	1	0	0.032	0	1028
30048642	30051162	0	0	0	1	0	0.022	0	1029
58685422	58689515	0	0	0	662	0	0.031	0	103
29648127	29991606	0	0	0	1	0	0.031	0	1030
29981195	-100	0	0	0	-100	0	0.123	0	
29957669	42564379	0	0	0	1200	0	0.047	0	1032
29948919	29954519	0	0	0	1	0	0.031	0	1033
29902891	29905071	0	0	0	237	0	0.022	0	1034
29827948	29892116	0	0	0	4399	0	0.062	0	1035
29833571	29834397	0	0	0	124	0	0.038	0	1036
29793398	50070741	0	0	0	4	0	0.031	0	1037
19214914	-100	0	0	0	-100	0	0.116	0	
29775461	48774624	0	0	0	378	0	0.032	0	1039
58677247	58793147	0	0	0	10	0	0.037	0	104
25791018	29686198	0	0	0	1	0	0.032	0	1040
29583849	42723141	0	0	0	2594	0	0.053	0	1041
29669292	29669891	0	0	0	2906	0	0.047	0	1042
19895107	34539408	0	0	0	1	0	0.031	0	1043
29624895	29629049	0	0	0	57	0	0.022	0	1044
29500139	29550681	0	0	0	1306	0	0.047	0	1045
29529021	29543785	0	0	0	68	0	0.016	0	1046
29504327	29547506	0	0	0	97	0	0.031	0	1047
25330753	41551216	0	0	0	371	0	0.022	0	1049
58648886	-100	0	0	0	-100	0	0.116	0	
29399820	29423270	0	0	0	1310	0	0.031	0	1050
27326929	29376031	0	0	0	1338	0	0.054	0	1051
29360182	29361182	0	0	0	72	0	0.031	0	1052
16201906	43896337	0	0	0	681	0	0.031	0	1053
39262534	-100	0	0	0	-100	0	0.1	0	
5807766	29317192	0	0	0	1	0	0.023	0	1056
29233480	29240134	0	0	0	1	0	0.046	0	1057
19474552	29235114	0	0	0	62	0	0.016	0	1058
29174774	29286588	0	0	0	5	0	0.022	0	1059
58611777	58613149	0	0	0	5781	0	0.078	0	106
23588127	43478980	0	0	0	1678	0	0.038	0	1060
29125609	-100	0	0	0	-100	0	0.147	0	
29102155	-100	0	0	0	-100	0	0.084	0	
29009261	29012008	0	0	0	1	0	0.032	0	1063
28964929	28988004	0	0	0	1844	0	0.053	0	1064
28624592	-100	0	0	0	-100	0	0.169	0	
15960129	28789767	0	0	0	2475	0	0.063	0	1066
28771018	31162332	0	0	0	1168	0	0.037	0	1067
28725115	28730387	0	0	0	69	0	0.032	0	1068
20637248	34609967	0	0	0	6421	0	0.084	0	1069
58593824	58595096	0	0	0	109	0	0.032	0	107
28605657	28656683	0	0	0	6423	0	0.069	0	1070
28570289	28611858	0	0	0	1	0	0.031	0	1071
28574757	-100	0	0	0	-100	0	0.085	0	
23217681	24542583	0	0	0	2	0	0.028	0	1073
28529823	28532172	0	0	0	4	0	0.016	0	1074
10306474	-100	0	0	0	-100	0	0.056	0	
28436855	31961170	0	0	0	922	0	0.038	0	1076
28461220	28474903	0	0	0	6424	0	0.078	0	1077
28370249	41324398	0	0	0	5690	0	0.084	0	1078
28360148	31675416	0	0	0	5	0	0.016	0	1079
58551389	58560859	0	0	0	3865	0	0.085	0	108
27367914	-100	0	0	0	-100	0	0.084	0	
28306604	28332566	0	0	0	1	0	0.016	0	1082
28006813	28213620	0	0	0	6	0	0.031	0	1083
10207564	28190868	0	0	0	630	0	0.022	0	1084
12840294	-100	0	0	0	-100	0	0.132	0	
28159936	28162445	0	0	0	9	0	0.053	0	1087
20561190	28096239	0	0	0	78	0	0.016	0	1088
58531982	58542413	0	0	0	1	0	0.031	0	109
45201654	-100	0	0	0	-100	0	0.085	0	
14268814	-100	0	0	0	-100	0	0.131	0	
20343611	-100	0	0	0	-100	0	0.1	0	
11121385	-100	0	0	0	-100	0	0.116	0	
27866705	27874548	0	0	0	186	0	0.038	0	1094
8854046	15285089	0	0	0	3735	0	0.085	0	1095
10966109	31822873	0	0	0	3724	0	0.062	0	1096
27727590	30330104	0	0	0	377	0	0.038	0	1097
26403919	27672134	0	0	0	1	0	0.031	0	1098
61649029	-100	0	0	0	-100	0	0.116	0	
58516071	58524163	0	0	0	1	0	0.031	0	110
27650331	27651004	0	0	0	6974	0	0.085	0	1103
22329685	-100	0	0	0	-100	0	0.1	0	
27606380	-100	0	0	0	-100	0	0.101	0	
27583767	61200536	0	0	0	402	0	0.037	0	1106
27552810	27564299	0	0	0	796	0	0.032	0	1107
27496127	-100	0	0	0	-100	0	0.084	0	
27545423	-100	0	0	0	-100	0	0.132	0	
56555281	58505386	0	0	0	1	0	0.031	0	111
27478028	27538732	0	0	0	6428	0	0.085	0	1110
27497068	27507448	0	0	0	1	0	0.031	0	1111
27454265	39513837	0	0	0	42	0	0.022	0	1113
15162741	-100	0	0	0	-100	0	0.062	0	
19404270	43095645	0	0	0	65	0	0.038	0	1115
10421668	27312597	0	0	0	2	0	0.016	0	1116
27282915	27296088	0	0	0	1	0	0.031	0	1117
27264266	27296022	0	0	0	1	0	0.016	0	1118
27210745	-100	0	0	0	-100	0	0.122	0	
57498890	-100	0	0	0	-100	0	0.1	0	
27184918	-100	0	0	0	-100	0	0.101	0	
7942519	24440258	0	0	0	6669	0	0.093	0	1121
15625990	28032846	0	0	0	4690	0	0.069	0	1122
18972845	30552847	0	0	0	13	0	0.016	0	1123
21035101	27123428	0	0	0	8	0	0.038	0	1124
22916337	27060527	0	0	0	1	0	0.029	0	1125
27014134	-100	0	0	0	-100	0	0.071	0	
27004167	36852821	0	0	0	198	0	0.031	0	1127
25528067	-100	0	0	0	-100	0	0.116	0	
22396234	26952232	0	0	0	14	0	0.031	0	1129
58370234	58375977	0	0	0	1	0	0.022	0	113
26950123	-100	0	0	0	-100	0	0.063	0	
24086498	26883864	0	0	0	119	0	0.038	0	1131
23261760	26794236	0	0	0	1561	0	0.047	0	1132
26724124	34487641	0	0	0	5686	0	0.069	0	1133
26706159	30513616	0	0	0	8	0	0.031	0	1134
26667162	36511909	0	0	0	4	0	0.031	0	1136
26618951	26621092	0	0	0	37	0	0.022	0	1137
26574054	26574670	0	0	0	68	0	0.031	0	1138
42749447	-100	0	0	0	-100	0	0.154	0	
58298622	58355299	0	0	0	15	0	0.031	0	114
26394927	26396047	0	0	0	16	0	0.016	0	1140
11365857	27205610	0	0	0	7299	0	0.1	0	1141
26354768	26359909	0	0	0	3	0	0.016	0	1142
23678494	26332489	0	0	0	622	0	0.038	0	1143
12075037	44167480	0	0	0	9	0	0.031	0	1144
26112990	26249385	0	0	0	267	0	0.017	0	1145
9319597	32406216	0	0	0	9	0	0.031	0	1147
31613119	34491446	0	0	0	1	0	0.03	0	1148
24040280	26154260	0	0	0	253	0	0.032	0	1149
57427059	-100	0	0	0	-100	0	0.131	0	
26145967	26159529	0	0	0	17	0	0.022	0	1150
14926672	26045999	0	0	0	8824	0	0.101	0	1151
12468574	26025430	0	0	0	1	0	0.015	0	1152
26003574	57123813	0	0	0	5877	0	0.085	0	1153
25960517	-100	0	0	0	-100	0	0.1	0	
25876755	-100	0	0	0	-100	0	0.063	0	
25727473	25762371	0	0	0	10	0	0.037	0	1158
25565817	25742400	0	0	0	349	0	0.032	0	1159
47719961	58295133	0	0	0	4467	0	0.062	0	116
25697358	-100	0	0	0	-100	0	0.069	0	
25640114	36779537	0	0	0	205	0	0.031	0	1161
25516365	-100	0	0	0	-100	0	0.085	0	
7721262	55186549	0	0	0	303	0	0.038	0	1163
11846295	43696806	0	0	0	1216	0	0.047	0	1164
25466013	25474682	0	0	0	21	0	0.027	0	1165
25145982	55710990	0	0	0	93	0	0.031	0	1168
29170099	-100	0	0	0	-100	0	0.069	0	
58250126	58250531	0	0	0	3	0	0.032	0	117
25245076	25276758	0	0	0	3	0	0.047	0	1170
34731975	49452857	0	0	0	937	0	0.037	0	1171
25178452	-100	0	0	0	-100	0	0.101	0	
12647774	-100	0	0	0	-100	0	0.115	0	
24940246	25273767	0	0	0	4	0	0.032	0	1174
25109672	25547152	0	0	0	17	0	0.031	0	1175
25102617	-100	0	0	0	-100	0	0.107	0	
25056597	25076293	0	0	0	139	0	0.031	0	1177
25020092	36671531	0	0	0	4403	0	0.063	0	1178
24942366	24944151	0	0	0	1	0	0.022	0	1179
58188784	58194795	0	0	0	1	0	0.031	0	118
18093107	24953127	0	0	0	78	0	0.016	0	1180
24916945	-100	0	0	0	-100	0	0.069	0	
9378482	-100	0	0	0	-100	0	0.084	0	
24701419	24810470	0	0	0	1	0	0.031	0	1183
24129772	24783826	0	0	0	11	0	0.032	0	1184
24767751	-100	0	0	0	-100	0	0.066	0	
22086780	24759346	0	0	0	4404	0	0.053	0	1186
24379743	24668240	0	0	0	278	0	0.031	0	1187
8251632	32798526	0	0	0	4	0	0.032	0	1188
23252231	24501245	0	0	0	1	0	0.037	0	1189
58176637	58194938	0	0	0	6	0	0.016	0	119
24467936	24473055	0	0	0	9	0	0.031	0	1190
24424928	24432291	0	0	0	2	0	0.032	0	1191
24356683	24873550	0	0	0	4	0	0.022	0	1192
11144551	17878048	0	0	0	1	0	0.031	0	1193
24305672	24308718	0	0	0	1	0	0.016	0	1194
30006822	-100	0	0	0	-100	0	0.084	0	
24242704	24257271	0	0	0	20	0	0.031	0	1196
18647777	24231827	0	0	0	128	0	0.016	0	1197
24195562	24207457	0	0	0	3	0	0.022	0	1198
24195255	24197181	0	0	0	140	0	0.031	0	1199
61702762	-100	0	0	0	-100	0	0.069	0	
58148340	58164989	0	0	0	21	0	0.032	0	120
24157990	24162675	0	0	0	1	0	0.015	0	1200
24135157	-100	0	0	0	-100	0	0.085	0	
24033733	24039621	0	0	0	4	0	0.031	0	1202
23961022	23969411	0	0	0	6530	0	0.085	0	1203
23875757	-100	0	0	0	-100	0	0.116	0	
23861047	25994307	0	0	0	1544	0	0.053	0	1205
10404224	-100	0	0	0	-100	0	0.1	0	
23840523	-100	0	0	0	-100	0	0.078	0	
23836169	-100	0	0	0	-100	0	0.085	0	
58159645	-100	0	0	0	-100	0	0.1	0	
23436577	23833294	0	0	0	5	0	0.054	0	1210
16289182	33887083	0	0	0	8786	0	0.116	0	1212
23729980	23739359	0	0	0	47	0	0.031	0	1213
8732461	-100	0	0	0	-100	0	0.1	0	
22945651	-100	0	0	0	-100	0	0.122	0	
23618813	23637902	0	0	0	1	0	0.032	0	1216
8203818	-100	0	0	0	-100	0	0.1	0	
16284766	-100	0	0	0	-100	0	0.085	0	
23483421	23493873	0	0	0	1	0	0.022	0	1219
58131498	58132035	0	0	0	5	0	0.031	0	122
22287498	23482036	0	0	0	381	0	0.031	0	1220
13189467	-100	0	0	0	-100	0	0.116	0	
21185336	23444693	0	0	0	1	0	0.031	0	1222
26291988	31721023	0	0	0	3123	0	0.132	0	1223
23327746	23329178	0	0	0	22	0	0.053	0	1224
23307653	23309515	0	0	0	8	0	0.047	0	1225
19920281	29992066	0	0	0	25	0	0.022	0	1226
23155365	23165452	0	0	0	3	0	0.031	0	1227
58020350	-100	0	0	0	-100	0	0.101	0	
23077125	-100	0	0	0	-100	0	0.069	0	
29980426	-100	0	0	0	-100	0	0.116	0	
58021216	58083701	0	0	0	1	0	0.015	0	124
18171246	-100	0	0	0	-100	0	0.1	0	
44200195	51552203	0	0	0	334	0	0.047	0	1242
29241492	-100	0	0	0	-100	0	0.101	0	
23017552	23035841	0	0	0	144	0	0.022	0	1244
4559175	-100	0	0	0	-100	0	0.062	0	
23026145	-100	0	0	0	-100	0	0.132	0	
19936432	22944707	0	0	0	71	0	0.022	0	1247
22920381	-100	0	0	0	-100	0	0.1	0	
22893028	22893290	0	0	0	8	0	0.031	0	1249
57935571	-100	0	0	0	-100	0	0.116	0	
22863771	-100	0	0	0	-100	0	0.154	0	
22803814	-100	0	0	0	-100	0	0.084	0	
22736107	22868923	0	0	0	185	0	0.032	0	1252
12362857	49362941	0	0	0	5807	0	0.084	0	1253
22661397	22788870	0	0	0	286	0	0.016	0	1254
8843700	32499520	0	0	0	282	0	0.031	0	1255
22558887	31416347	0	0	0	24	0	0.031	0	1256
11672050	22528625	0	0	0	26	0	0.023	0	1257
22492219	22510100	0	0	0	5	0	0.015	0	1258
22480052	34623780	0	0	0	15	0	0.047	0	1260
11134812	42481827	0	0	0	1	0	0.022	0	1261
22380926	22453482	0	0	0	4	0	0.016	0	1262
16390221	31432176	0	0	0	799	0	0.031	0	1263
16626462	29696172	0	0	0	406	0	0.031	0	1265
21895585	-100	0	0	0	-100	0	0.085	0	
19885381	33103203	0	0	0	2171	0	0.038	0	1269
57937662	57946786	0	0	0	1095	0	0.047	0	127
28748046	28761809	0	0	0	9784	0	0.1	0	1271
14983805	29100911	0	0	0	1	0	0.031	0	1272
2858014	45460273	0	0	0	1	0	0.022	0	1273
22218640	58383926	0	0	0	577	0	0.031	0	1274
22182442	26336180	0	0	0	7	0	0.032	0	1275
22177756	22848403	0	0	0	7674	0	0.153	0	1276
22116489	-100	0	0	0	-100	0	0.132	0	
22133577	-100	0	0	0	-100	0	0.1	0	
21987834	-100	0	0	0	-100	0	0.1	0	
57914461	-100	0	0	0	-100	0	0.085	0	
22003683	22022772	0	0	0	643	0	0.048	0	1280
18287981	25069798	0	0	0	51	0	0.021	0	1281
21917358	21923028	0	0	0	4409	0	0.078	0	1282
12464396	24949065	0	0	0	16	0	0.022	0	1283
21760298	21764361	0	0	0	8	0	0.031	0	1284
21748852	-100	0	0	0	-100	0	0.085	0	
21716567	21748598	0	0	0	4	0	0.031	0	1287
20671888	21667581	0	0	0	1	0	0.032	0	1288
49346939	-100	0	0	0	-100	0	0.084	0	
21630406	21663007	0	0	0	1073	0	0.038	0	1291
18511249	21618556	0	0	0	259	0	0.031	0	1292
16880627	21613467	0	0	0	1183	0	0.032	0	1293
7963393	27153974	0	0	0	1220	0	0.069	0	1294
21596906	-100	0	0	0	-100	0	0.115	0	
21502181	-100	0	0	0	-100	0	0.085	0	
61192872	61703818	0	0	0	302	0	0.016	0	13
57875654	59307289	0	0	0	249	0	0.031	0	130
21435339	21477525	0	0	0	2	0	0.022	0	1302
21295936	21644848	0	0	0	5692	0	0.063	0	1303
39632751	41743949	0	0	0	166	0	0.037	0	1304
17595796	-100	0	0	0	-100	0	0.079	0	
21273691	21274527	0	0	0	2599	0	0.053	0	1306
1395577	5182238	0	0	0	141	0	0.047	0	1307
20670892	21041499	0	0	0	744	0	0.037	0	1308
19791917	-100	0	0	0	-100	0	0.101	0	
57867429	57870092	0	0	0	1	0	0.015	0	131
20941744	20950880	0	0	0	391	0	0.047	0	1310
17766989	20915114	0	0	0	613	0	0.038	0	1311
14490071	-100	0	0	0	-100	0	0.1	0	
20749444	-100	0	0	0	-100	0	0.085	0	
20679635	20682542	0	0	0	815	0	0.047	0	1315
18355686	20602751	0	0	0	13	0	0.015	0	1316
44616530	52554822	0	0	0	393	0	0.038	0	1317
9071020	20562177	0	0	0	10	0	0.031	0	1318
20518376	20527711	0	0	0	2882	0	0.063	0	1319
57820798	57864965	0	0	0	2	0	0.022	0	132
19470426	-100	0	0	0	-100	0	0.116	0	
15875786	29790915	0	0	0	35	0	0.031	0	1322
15059093	-100	0	0	0	-100	0	0.1	0	
13942202	-100	0	0	0	-100	0	0.085	0	
14645363	38686427	0	0	0	174	0	0.032	0	1325
10802806	57030452	0	0	0	2230	0	0.068	0	1326
20290069	20291599	0	0	0	514	0	0.054	0	1327
5671719	-100	0	0	0	-100	0	0.062	0	
20238175	20238573	0	0	0	7648	0	0.154	0	1329
47720329	-100	0	0	0	-100	0	0.1	0	
20201070	37736782	0	0	0	6436	0	0.1	0	1330
15403903	25315309	0	0	0	2182	0	0.047	0	1331
17808575	-100	0	0	0	-100	0	0.116	0	
19851655	-100	0	0	0	-100	0	0.122	0	
6967664	27611438	0	0	0	465	0	0.063	0	1334
20039335	20076511	0	0	0	8	0	0.038	0	1335
27114926	-100	0	0	0	-100	0	0.147	0	
16111242	19894471	0	0	0	3297	0	0.069	0	1338
19787909	19792110	0	0	0	31	0	0.015	0	1339
57759059	57779014	0	0	0	1	0	0.047	0	134
19686892	25936484	0	0	0	37	0	0.022	0	1340
19716535	19735509	0	0	0	3602	0	0.101	0	1341
29125019	30765866	0	0	0	142	0	0.031	0	1342
27677283	30468455	0	0	0	4411	0	0.069	0	1343
6886416	19507919	0	0	0	32	0	0.031	0	1344
15502263	19410781	0	0	0	200	0	0.031	0	1345
18473382	19330546	0	0	0	5	0	0.038	0	1346
12392404	19321739	0	0	0	44	0	0.016	0	1347
19253820	-100	0	0	0	-100	0	0.1	0	
19284824	19326234	0	0	0	275	0	0.031	0	1349
57601875	57798411	0	0	0	2	0	0.032	0	135
19196923	33359284	0	0	0	126	0	0.022	0	1350
33501032	41941523	0	0	0	2263	0	0.062	0	1353
12806128	19014531	0	0	0	109	0	0.038	0	1354
19009308	-100	0	0	0	-100	0	0.094	0	
18881073	28576729	0	0	0	5018	0	0.106	0	1356
18821862	-100	0	0	0	-100	0	0.079	0	
16838613	18789330	0	0	0	254	0	0.022	0	1358
18694281	-100	0	0	0	-100	0	0.078	0	
57547769	57680924	0	0	0	1	0	0.022	0	136
18720036	-100	0	0	0	-100	0	0.094	0	
18706182	18726155	0	0	0	1881	0	0.038	0	1361
17266780	49124254	0	0	0	12	0	0.031	0	1362
11693599	42112654	0	0	0	33	0	0.015	0	1364
3611314	-100	0	0	0	-100	0	0.085	0	
18396525	18397245	0	0	0	143	0	0.038	0	1366
18349053	-100	0	0	0	-100	0	0.062	0	
24070714	-100	0	0	0	-100	0	0.116	0	
57253488	57672160	0	0	0	241	0	0.038	0	137
40385321	40436727	0	0	0	16	0	0.016	0	1370
13701347	61969752	0	0	0	1	0	0.031	0	1371
9617629	27676179	0	0	0	19	0	0.031	0	1372
18110397	52317124	0	0	0	1788	0	0.038	0	1373
18067519	-100	0	0	0	-100	0	0.069	0	
18028920	18033568	0	0	0	1	0	0.031	0	1376
18018097	18083363	0	0	0	1	0	0.031	0	1377
4765256	17879766	0	0	0	448	0	0.038	0	1378
17178831	36373630	0	0	0	2744	0	0.063	0	1379
52532428	57655036	0	0	0	1138	0	0.037	0	138
21729415	51158486	0	0	0	1	0	0.043	0	1380
17778543	42701409	0	0	0	3071	0	0.058	0	1381
17761858	-100	0	0	0	-100	0	0.116	0	
17750893	17751862	0	0	0	4102	0	0.062	0	1383
17718842	17719480	0	0	0	9	0	0.022	0	1384
12038160	31412724	0	0	0	1	0	0.031	0	1385
17631895	17657920	0	0	0	20	0	0.032	0	1386
17569309	-100	0	0	0	-100	0	0.103	0	
57657901	-100	0	0	0	-100	0	0.066	0	
7355187	12307139	0	0	0	1	0	0.031	0	1392
17389533	-100	0	0	0	-100	0	0.116	0	
17385801	17393108	0	0	0	1	0	0.022	0	1394
11070101	26562926	0	0	0	1951	0	0.047	0	1395
17306695	17329288	0	0	0	1	0	0.031	0	1396
12609816	17218305	0	0	0	12	0	0.038	0	1397
20592886	20880558	0	0	0	38	0	0.031	0	1398
61602871	61613387	0	0	0	307	0	0.031	0	14
57647120	-100	0	0	0	-100	0	0.101	0	
17222942	17288379	0	0	0	13	0	0.022	0	1400
17222981	-100	0	0	0	-100	0	0.073	0	
15486551	-100	0	0	0	-100	0	0.105	0	
17121390	17127645	0	0	0	1	0	0.022	0	1405
29062766	31458051	0	0	0	1	0	0.031	0	1407
39137287	39164688	0	0	0	21	0	0.016	0	1408
17107206	-100	0	0	0	-100	0	0.069	0	
57609922	57610899	0	0	0	110	0	0.031	0	141
14041601	17061016	0	0	0	258	0	0.032	0	1410
16963137	-100	0	0	0	-100	0	0.084	0	
16902902	16906751	0	0	0	916	0	0.038	0	1412
12417454	16798605	0	0	0	1	0	0.031	0	1413
16705468	16706578	0	0	0	58	0	0.047	0	1414
15591880	16694587	0	0	0	231	0	0.038	0	1415
57529808	57577735	0	0	0	765	0	0.016	0	142
24331730	-100	0	0	0	-100	0	0.069	0	
11561856	-100	0	0	0	-100	0	0.131	0	
5745886	-100	0	0	0	-100	0	0.1	0	
16475081	16559250	0	0	0	227	0	0.032	0	1426
15913417	16542994	0	0	0	10	0	0.037	0	1427
16512371	-100	0	0	0	-100	0	0.1	0	
3685285	-100	0	0	0	-100	0	0.079	0	
57356463	57571196	0	0	0	2089	0	0.053	0	143
15860071	23543825	0	0	0	1	0	0.031	0	1430
16474179	16667247	0	0	0	391	0	0.016	0	1431
16253789	16315581	0	0	0	7663	0	0.1	0	1432
6132332	16310387	0	0	0	232	0	0.022	0	1437
26477679	26491934	0	0	0	3985	0	0.063	0	1438
16255579	-100	0	0	0	-100	0	0.084	0	
39484118	58028528	0	0	0	673	0	0.054	0	144
16221742	16239153	0	0	0	4414	0	0.062	0	1440
16200667	-100	0	0	0	-100	0	0.069	0	
1429476	-100	0	0	0	-100	0	0.101	0	
16132625	16152161	0	0	0	11	0	0.031	0	1444
14875493	16115102	0	0	0	5	0	0.038	0	1446
10535235	47006881	0	0	0	1	0	0.015	0	1447
16070405	16072487	0	0	0	1	0	0.047	0	1448
14604820	15996692	0	0	0	12	0	0.038	0	1449
15960352	-100	0	0	0	-100	0	0.147	0	
10807804	-100	0	0	0	-100	0	0.085	0	
15853204	45372987	0	0	0	16	0	0.031	0	1453
15816532	-100	0	0	0	-100	0	0.069	0	
15660954	15730793	0	0	0	78	0	0.016	0	1455
15673550	21605401	0	0	0	17	0	0.031	0	1456
15670799	15671568	0	0	0	47	0	0.038	0	1457
15647282	17222380	0	0	0	462	0	0.031	0	1458
9023256	14058832	0	0	0	704	0	0.031	0	1459
57430411	57465187	0	0	0	1	0	0.022	0	146
15591704	15593537	0	0	0	1	0	0.032	0	1460
5352099	21509346	0	0	0	644	0	0.031	0	1461
15421130	23792137	0	0	0	12	0	0.031	0	1462
14975638	15489065	0	0	0	34	0	0.022	0	1463
5225823	-100	0	0	0	-100	0	0.063	0	
14899197	15475832	0	0	0	1	0	0.037	0	1465
15431924	15447622	0	0	0	144	0	0.016	0	1466
15267018	15298359	0	0	0	1	0	0.031	0	1467
15258954	16626168	0	0	0	318	0	0.032	0	1468
9968976	18598953	0	0	0	22	0	0.022	0	1469
57385749	57447378	0	0	0	8790	0	0.116	0	147
11940605	28094645	0	0	0	13	0	0.031	0	1470
18487369	51901813	0	0	0	1369	0	0.053	0	1471
11056625	15141952	0	0	0	1	0	0.022	0	1472
15112440	30806577	0	0	0	71	0	0.031	0	1473
15097497	-100	0	0	0	-100	0	0.095	0	
15046111	15069078	0	0	0	198	0	0.031	0	1475
14800161	-100	0	0	0	-100	0	0.084	0	
15044342	-100	0	0	0	-100	0	0.085	0	
15039039	36297815	0	0	0	29	0	0.038	0	1478
19014360	22605238	0	0	0	3	0	0.015	0	1479
57438355	-100	0	0	0	-100	0	0.116	0	
11738844	-100	0	0	0	-100	0	0.069	0	
14983347	14994084	0	0	0	262	0	0.032	0	1481
14964457	14968103	0	0	0	53	0	0.015	0	1482
14237467	15073114	0	0	0	1	0	0.032	0	1483
14883925	14884346	0	0	0	41	0	0.015	0	1484
9863604	-100	0	0	0	-100	0	0.078	0	
14871818	-100	0	0	0	-100	0	0.069	0	
10498477	-100	0	0	0	-100	0	0.1	0	
14827853	14870400	0	0	0	1552	0	0.053	0	1488
2643939	15968494	0	0	0	8375	0	0.132	0	1489
57363854	-100	0	0	0	-100	0	0.084	0	
6022898	14771546	0	0	0	1697	0	0.047	0	1490
8081931	32120291	0	0	0	3	0	0.031	0	1492
9422945	20150234	0	0	0	42	0	0.022	0	1493
13703344	14687326	0	0	0	2	0	0.016	0	1494
14680075	-100	0	0	0	-100	0	0.085	0	
14647988	35904363	0	0	0	6511	0	0.1	0	1496
14671609	14672171	0	0	0	7	0	0.031	0	1497
2894775	-100	0	0	0	-100	0	0.101	0	
61583902	61584580	0	0	0	43	0	0.031	0	15
57334741	-100	0	0	0	-100	0	0.069	0	
8852406	14612190	0	0	0	44	0	0.031	0	1500
12723182	14501305	0	0	0	1074	0	0.038	0	1501
14366406	-100	0	0	0	-100	0	0.062	0	
14124373	-100	0	0	0	-100	0	0.123	0	
5713713	23679925	0	0	0	27	0	0.031	0	1505
2824965	14260340	0	0	0	834	0	0.047	0	1506
8899096	14271584	0	0	0	1599	0	0.038	0	1507
13773770	-100	0	0	0	-100	0	0.1	0	
10566473	-100	0	0	0	-100	0	0.084	0	
49435632	57349958	0	0	0	1	0	0.032	0	151
8708048	39393514	0	0	0	1	0	0.031	0	1511
11366964	50883294	0	0	0	1700	0	0.038	0	1514
12675147	-100	0	0	0	-100	0	0.115	0	
57191083	57298332	0	0	0	6576	0	0.085	0	152
11950703	13984470	0	0	0	3122	0	0.066	0	1521
13912387	-100	0	0	0	-100	0	0.081	0	
13871818	-100	0	0	0	-100	0	0.069	0	
12112558	-100	0	0	0	-100	0	0.063	0	
13706188	-100	0	0	0	-100	0	0.084	0	
12546365	-100	0	0	0	-100	0	0.116	0	
6986657	13594968	0	0	0	182	0	0.022	0	1528
13550501	-100	0	0	0	-100	0	0.078	0	
57031898	57294988	0	0	0	62	0	0.038	0	153
13407236	-100	0	0	0	-100	0	0.085	0	
3650862	32637159	0	0	0	3	0	0.031	0	1531
17691036	33813972	0	0	0	23	0	0.015	0	1532
6329962	17240536	0	0	0	1	0	0.016	0	1533
8896820	14099218	0	0	0	12	0	0.031	0	1535
8751497	-100	0	0	0	-100	0	0.069	0	
10706753	-100	0	0	0	-100	0	0.101	0	
13176741	-100	0	0	0	-100	0	0.1	0	
13132111	-100	0	0	0	-100	0	0.069	0	
57220792	57226542	0	0	0	1851	0	0.047	0	154
13106645	-100	0	0	0	-100	0	0.1	0	
13063273	13063605	0	0	0	1040	0	0.038	0	1541
13023274	-100	0	0	0	-100	0	0.078	0	
12975794	12976569	0	0	0	51	0	0.022	0	1543
7492274	-100	0	0	0	-100	0	0.1	0	
36668078	-100	0	0	0	-100	0	0.101	0	
12786335	-100	0	0	0	-100	0	0.115	0	
11751047	-100	0	0	0	-100	0	0.085	0	
12829995	12831524	0	0	0	1	0	0.031	0	1548
12766253	-100	0	0	0	-100	0	0.101	0	
57032447	-100	0	0	0	-100	0	0.084	0	
10689055	-100	0	0	0	-100	0	0.116	0	
12584704	12599684	0	0	0	1	0	0.016	0	1551
10303241	12582793	0	0	0	261	0	0.031	0	1552
12416880	12523548	0	0	0	53	0	0.022	0	1553
7960798	34091811	0	0	0	4420	0	0.047	0	1556
12125364	49781741	0	0	0	558	0	0.038	0	1557
12362866	12385103	0	0	0	845	0	0.031	0	1558
8197559	-100	0	0	0	-100	0	0.1	0	
49827119	57281786	0	0	0	24	0	0.016	0	156
9508747	-100	0	0	0	-100	0	0.154	0	
6902087	-100	0	0	0	-100	0	0.115	0	
3094232	24331690	0	0	0	2737	0	0.057	0	1563
12100856	12709933	0	0	0	5	0	0.028	0	1564
12019638	12023403	0	0	0	14	0	0.015	0	1566
12018499	33079500	0	0	0	1	0	0.032	0	1567
7425100	11954734	0	0	0	1197	0	0.031	0	1568
57110805	57160711	0	0	0	3	0	0.038	0	157
11676476	-100	0	0	0	-100	0	0.116	0	
11851240	11892241	0	0	0	2629	0	0.062	0	1571
10438969	-100	0	0	0	-100	0	0.107	0	
11668904	37998364	0	0	0	2876	0	0.047	0	1574
11650996	11669945	0	0	0	23	0	0.031	0	1575
2247045	-100	0	0	0	-100	0	0.167	0	
11301738	11606441	0	0	0	29	0	0.088	0	1579
57024793	58739159	0	0	0	1	0	0.038	0	158
3642535	-100	0	0	0	-100	0	0.126	0	
3932038	42707308	0	0	0	1751	0	0.047	0	1582
10035551	11393123	0	0	0	30	0	0.022	0	1583
11394091	-100	0	0	0	-100	0	0.094	0	
12925063	-100	0	0	0	-100	0	0.115	0	
9096671	-100	0	0	0	-100	0	0.107	0	
11254452	11288900	0	0	0	936	0	0.032	0	1587
11280277	30894636	0	0	0	5550	0	0.069	0	1588
10306831	-100	0	0	0	-100	0	0.1	0	
57101282	57293986	0	0	0	7425	0	0.094	0	159
9220849	20849641	0	0	0	1	0	0.022	0	1590
10675360	-100	0	0	0	-100	0	0.078	0	
3835714	11986574	0	0	0	187	0	0.022	0	1592
17368223	-100	0	0	0	-100	0	0.147	0	
10646665	10943695	0	0	0	4489	0	0.116	0	1597
5415132	40391272	0	0	0	31	0	0.022	0	1598
10939516	-100	0	0	0	-100	0	0.062	0	
53697235	-100	0	0	0	-100	0	0.101	0	
57029872	-100	0	0	0	-100	0	0.069	0	
10806404	-100	0	0	0	-100	0	0.1	0	
8889554	-100	0	0	0	-100	0	0.069	0	
7726034	15383057	0	0	0	1	0	0.016	0	1602
10892803	10908553	0	0	0	58	0	0.015	0	1603
9527802	-100	0	0	0	-100	0	0.069	0	
10859858	10861278	0	0	0	457	0	0.032	0	1605
10826357	10851976	0	0	0	223	0	0.031	0	1606
10840741	-100	0	0	0	-100	0	0.085	0	
2564258	-100	0	0	0	-100	0	0.184	0	
24590154	42562128	0	0	0	540	0	0.047	0	1609
56981960	56990956	0	0	0	689	0	0.038	0	161
2409317	-100	0	0	0	-100	0	0.116	0	
10762287	46639120	0	0	0	33	0	0.026	0	1611
9317923	10740100	0	0	0	1	0	0.032	0	1612
10662314	16110859	0	0	0	1801	0	0.042	0	1613
10661295	-100	0	0	0	-100	0	0.1	0	
10620862	47021117	0	0	0	34	0	0.032	0	1616
10305614	-100	0	0	0	-100	0	0.084	0	
5320814	10562078	0	0	0	1410	0	0.047	0	1618
7019912	-100	0	0	0	-100	0	0.069	0	
41701807	-100	0	0	0	-100	0	0.116	0	
9867225	-100	0	0	0	-100	0	0.069	0	
10532192	-100	0	0	0	-100	0	0.1	0	
10431403	-100	0	0	0	-100	0	0.169	0	
10411871	24651664	0	0	0	1658	0	0.085	0	1624
10368180	-100	0	0	0	-100	0	0.116	0	
3483203	15720545	0	0	0	201	0	0.021	0	1627
56960608	56972840	0	0	0	5695	0	0.079	0	163
3699405	-100	0	0	0	-100	0	0.085	0	
9895811	-100	0	0	0	-100	0	0.115	0	
24536154	27125672	0	0	0	330	0	0.032	0	1632
8998884	-100	0	0	0	-100	0	0.053	0	
7943695	-100	0	0	0	-100	0	0.078	0	
10049602	10055602	0	0	0	1	0	0.022	0	1635
10032052	10128084	0	0	0	471	0	0.016	0	1636
5587676	-100	0	0	0	-100	0	0.069	0	
10004847	11028353	0	0	0	35	0	0.015	0	1638
3796266	-100	0	0	0	-100	0	0.085	0	
56863566	56927812	0	0	0	1635	0	0.062	0	164
7680959	11261399	0	0	0	3	0	0.016	0	1640
9965747	9968578	0	0	0	35	0	0.022	0	1641
15034471	15042418	0	0	0	10	0	0.031	0	1642
9915824	20768286	0	0	0	36	0	0.016	0	1643
39005958	51707582	0	0	0	92	0	0.031	0	1646
9862519	-100	0	0	0	-100	0	0.069	0	
9851655	-100	0	0	0	-100	0	0.069	0	
9829424	9840509	0	0	0	434	0	0.022	0	1649
12362176	-100	0	0	0	-100	0	0.094	0	
9558040	-100	0	0	0	-100	0	0.1	0	
9661469	9669411	0	0	0	63	0	0.016	0	1651
8273313	18492844	0	0	0	780	0	0.053	0	1652
7885147	34008486	0	0	0	4423	0	0.063	0	1653
9465817	-100	0	0	0	-100	0	0.085	0	
3606697	-100	0	0	0	-100	0	0.1	0	
11214012	27028825	0	0	0	38	0	0.031	0	1656
9505495	10526005	0	0	0	39	0	0.022	0	1657
7854433	37571154	0	0	0	1109	0	0.047	0	1658
9449184	27778559	0	0	0	2969	0	0.054	0	1659
56761115	56832079	0	0	0	104	0	0.046	0	166
9184969	-100	0	0	0	-100	0	0.085	0	
4427234	9277363	0	0	0	66	0	0.031	0	1661
2231993	-100	0	0	0	-100	0	0.069	0	
17638090	-100	0	0	0	-100	0	0.085	0	
9171036	-100	0	0	0	-100	0	0.131	0	
9035674	14547069	0	0	0	1	0	0.032	0	1665
9060569	-100	0	0	0	-100	0	0.069	0	
9060457	29948585	0	0	0	6	0	0.031	0	1667
9058728	9059726	0	0	0	1811	0	0.053	0	1668
8935523	8947483	0	0	0	438	0	0.047	0	1669
56817353	-100	0	0	0	-100	0	0.116	0	
7368262	13642092	0	0	0	10	0	0.022	0	1670
8888516	-100	0	0	0	-100	0	0.132	0	
6258004	-100	0	0	0	-100	0	0.084	0	
4227223	4512465	0	0	0	1	0	0.047	0	1673
8761857	-100	0	0	0	-100	0	0.085	0	
8743556	-100	0	0	0	-100	0	0.116	0	
8153594	-100	0	0	0	-100	0	0.122	0	
8637993	-100	0	0	0	-100	0	0.076	0	
8539303	8540143	0	0	0	68	0	0.024	0	1678
8499378	-100	0	0	0	-100	0	0.079	0	
56770222	56776207	0	0	0	1	0	0.037	0	168
8400901	16118050	0	0	0	2051	0	0.047	0	1680
8389913	8390943	0	0	0	70	0	0.016	0	1681
1400937	8321081	0	0	0	4	0	0.022	0	1682
8204972	8231007	0	0	0	805	0	0.031	0	1683
8260808	-100	0	0	0	-100	0	0.069	0	
6644997	18994631	0	0	0	987	0	0.032	0	1685
2436688	17046336	0	0	0	7	0	0.031	0	1686
8161836	-100	0	0	0	-100	0	0.131	0	
8055508	24192428	0	0	0	4	0	0.022	0	1688
7235657	52382298	0	0	0	6617	0	0.116	0	1689
56708929	56710379	0	0	0	1	0	0.016	0	169
2535234	-100	0	0	0	-100	0	0.1	0	
13281303	-100	0	0	0	-100	0	0.116	0	
8096313	-100	0	0	0	-100	0	0.085	0	
8023315	-100	0	0	0	-100	0	0.069	0	
6558921	6933598	0	0	0	91	0	0.031	0	1697
61493218	61514348	0	0	0	1967	0	0.053	0	17
56736475	56768930	0	0	0	71	0	0.016	0	170
2547402	45460859	0	0	0	4682	0	0.078	0	1701
7901925	7903972	0	0	0	64	0	0.022	0	1702
7883154	-100	0	0	0	-100	0	0.085	0	
7864931	10758965	0	0	0	149	0	0.031	0	1704
16846380	43211628	0	0	0	19	0	0.016	0	1705
56615319	56720250	0	0	0	940	0	0.047	0	171
7666807	-100	0	0	0	-100	0	0.069	0	
14784302	-100	0	0	0	-100	0	0.069	0	
7611169	-100	0	0	0	-100	0	0.131	0	
7473067	7486450	0	0	0	1	0	0.016	0	1714
2765374	7474943	0	0	0	4492	0	0.084	0	1715
7451354	-100	0	0	0	-100	0	0.069	0	
34693989	-100	0	0	0	-100	0	0.085	0	
13137912	28301188	0	0	0	671	0	0.031	0	1719
56705711	56717677	0	0	0	1	0	0.03	0	172
7326865	-100	0	0	0	-100	0	0.07	0	
5913006	7280421	0	0	0	29	0	0.031	0	1723
7169202	7756604	0	0	0	75	0	0.023	0	1724
3311940	25232624	0	0	0	79	0	0.031	0	1725
56702965	56704121	0	0	0	74	0	0.015	0	173
1815606	3452086	0	0	0	34	0	0.032	0	1735
7549694	-100	0	0	0	-100	0	0.122	0	
12409960	-100	0	0	0	-100	0	0.1	0	
56659665	56660496	0	0	0	3276	0	0.063	0	174
5453336	-100	0	0	0	-100	0	0.084	0	
10525957	-100	0	0	0	-100	0	0.132	0	
6675066	-100	0	0	0	-100	0	0.1	0	
7004710	-100	0	0	0	-100	0	0.085	0	
7001799	-100	0	0	0	-100	0	0.085	0	
6979917	-100	0	0	0	-100	0	0.084	0	
6901238	6981631	0	0	0	474	0	0.015	0	1748
56629367	56634463	0	0	0	25	0	0.038	0	175
27637455	-100	0	0	0	-100	0	0.101	0	
9917049	34496000	0	0	0	43	0	0.031	0	1752
3744178	7299440	0	0	0	44	0	0.015	0	1753
6592214	6593587	0	0	0	3	0	0.032	0	1754
6550510	-100	0	0	0	-100	0	0.069	0	
1195826	-100	0	0	0	-100	0	0.116	0	
5916854	6325908	0	0	0	77	0	0.015	0	1758
56597412	56598005	0	0	0	6441	0	0.085	0	176
47941228	47942864	0	0	0	2	0	0.031	0	1762
3727822	48096198	0	0	0	13	0	0.022	0	1763
3209761	3551955	0	0	0	78	0	0.032	0	1764
1828206	-100	0	0	0	-100	0	0.084	0	
22569176	57457590	0	0	0	138	0	0.031	0	1766
56570680	56582808	0	0	0	1	0	0.032	0	177
56530842	56532527	0	0	0	127	0	0.022	0	178
3099219	-100	0	0	0	-100	0	0.1	0	
26917689	-100	0	0	0	-100	0	0.1	0	
1249548	5226807	0	0	0	1852	0	0.038	0	1784
3864535	-100	0	0	0	-100	0	0.094	0	
18406991	20432635	0	0	0	47	0	0.038	0	1788
56503342	56515650	0	0	0	941	0	0.032	0	179
11020437	-100	0	0	0	-100	0	0.084	0	
6123378	-100	0	0	0	-100	0	0.085	0	
1848331	6099243	0	0	0	756	0	0.031	0	1794
12040245	31458536	0	0	0	48	0	0.031	0	1796
6085238	-100	0	0	0	-100	0	0.085	0	
6025051	-100	0	0	0	-100	0	0.069	0	
6007883	-100	0	0	0	-100	0	0.1	0	
61417517	61467044	0	0	0	272	0	0.031	0	18
56484967	56496925	0	0	0	1	0	0.016	0	180
5980240	-100	0	0	0	-100	0	0.132	0	
5831794	-100	0	0	0	-100	0	0.084	0	
1567718	25621108	0	0	0	6186	0	0.069	0	1803
5251507	-100	0	0	0	-100	0	0.116	0	
5749252	5761576	0	0	0	170	0	0.016	0	1805
5665599	31926022	0	0	0	81	0	0.022	0	1806
56490797	56491759	0	0	0	1	0	0.031	0	181
2126108	-100	0	0	0	-100	0	0.085	0	
5161055	5581023	0	0	0	82	0	0.015	0	1813
9198637	-100	0	0	0	-100	0	0.1	0	
8091303	-100	0	0	0	-100	0	0.132	0	
4347634	44278665	0	0	0	761	0	0.038	0	1818
32640551	-100	0	0	0	-100	0	0.131	0	
5461196	5465314	0	0	0	202	0	0.032	0	1821
4167529	5333280	0	0	0	9	0	0.031	0	1822
28159143	-100	0	0	0	-100	0	0.107	0	
15059076	-100	0	0	0	-100	0	0.116	0	
28751023	33314971	0	0	0	12	0	0.015	0	1826
4785933	5223113	0	0	0	485	0	0.031	0	1827
5208679	-100	0	0	0	-100	0	0.1	0	
4959018	-100	0	0	0	-100	0	0.085	0	
56417685	56437215	0	0	0	330	0	0.031	0	183
5106782	-100	0	0	0	-100	0	0.085	0	
5027480	-100	0	0	0	-100	0	0.116	0	
4951286	-100	0	0	0	-100	0	0.1	0	
4996090	13043146	0	0	0	6329	0	0.116	0	1834
3903157	-100	0	0	0	-100	0	0.069	0	
3082716	-100	0	0	0	-100	0	0.069	0	
20600900	20622332	0	0	0	49	0	0.031	0	1837
4654181	4687879	0	0	0	84	0	0.016	0	1838
3369025	-100	0	0	0	-100	0	0.1	0	
56366734	56382379	0	0	0	3703	0	0.054	0	184
2227734	9508518	0	0	0	14	0	0.031	0	1841
6216968	-100	0	0	0	-100	0	0.069	0	
11175414	12670162	0	0	0	86	0	0.015	0	1844
9871106	9874512	0	0	0	953	0	0.047	0	1845
3443687	-100	0	0	0	-100	0	0.085	0	
3681647	12252750	0	0	0	50	0	0.022	0	1848
3440373	-100	0	0	0	-100	0	0.078	0	
51964208	56375203	0	0	0	1	0	0.022	0	185
1535021	-100	0	0	0	-100	0	0.078	0	
28889057	38910869	0	0	0	322	0	0.038	0	1853
11433432	-100	0	0	0	-100	0	0.085	0	
43223579	52334647	0	0	0	2763	0	0.062	0	1855
3348522	3356923	0	0	0	5555	0	0.085	0	1856
56345077	56346524	0	0	0	282	0	0.031	0	186
3261597	10058839	0	0	0	1270	0	0.038	0	1861
3302356	-100	0	0	0	-100	0	0.116	0	
4126326	26273892	0	0	0	6765	0	0.084	0	1863
3505701	11562656	0	0	0	290	0	0.032	0	1866
3190087	17279027	0	0	0	52	0	0.031	0	1867
3114043	3119037	0	0	0	16	0	0.022	0	1868
11275187	11300048	0	0	0	1216	0	0.047	0	1869
56329435	-100	0	0	0	-100	0	0.115	0	
2899581	5510966	0	0	0	87	0	0.016	0	1871
2893005	3472980	0	0	0	1087	0	0.038	0	1872
11163400	13297155	0	0	0	29	0	0.031	0	1874
11979017	-100	0	0	0	-100	0	0.1	0	
22386555	56322590	0	0	0	17	0	0.047	0	188
5293715	15297814	0	0	0	1350	0	0.054	0	1882
5963269	-100	0	0	0	-100	0	0.115	0	
2732397	37129926	0	0	0	2900	0	0.161	0	1885
1401904	-100	0	0	0	-100	0	0.159	0	
2589275	40089885	0	0	0	4048	0	0.103	0	1887
25137444	25143428	0	0	0	1	0	0.057	0	1888
24829027	-100	0	0	0	-100	0	0.119	0	
2286831	2295389	0	0	0	181	0	0.031	0	1890
1429907	5365974	0	0	0	3011	0	0.062	0	1891
1266279	25273166	0	0	0	5	0	0.022	0	1894
7486386	14525580	0	0	0	423	0	0.032	0	1895
2193742	-100	0	0	0	-100	0	0.116	0	
1630724	-100	0	0	0	-100	0	0.1	0	
61365720	61421335	0	0	0	1	0	0.038	0	19
45975959	56027198	0	0	0	2	0	0.047	0	190
37131569	43385119	0	0	0	1	0	0.053	0	1900
1245273	7828248	0	0	0	1	0	0.031	0	1901
56026040	-100	0	0	0	-100	0	0.085	0	
1882734	8507442	0	0	0	1	0	0.031	0	1911
4442518	20588435	0	0	0	614	0	0.031	0	1912
1299871	38066077	0	0	0	337	0	0.054	0	1916
52932440	52933667	0	0	0	94	0	0.015	0	1918
1169539	51857177	0	0	0	85	0	0.032	0	1919
55993404	55994667	0	0	0	2	0	0.022	0	192
1189759	-100	0	0	0	-100	0	0.078	0	
55853841	55970694	0	0	0	5513	0	0.084	0	193
55961475	55962196	0	0	0	1	0	0.016	0	194
55891499	55944124	0	0	0	95	0	0.022	0	195
55675591	55676436	0	0	0	1	0	0.016	0	196
55754330	55813859	0	0	0	59	0	0.031	0	198
55721820	55724880	0	0	0	54	0	0.031	0	199
61967678	61991055	0	0	0	3767	0	0.069	0	2
61353320	61369850	0	0	0	1	0	0.032	0	20
47850921	51759893	0	0	0	6	0	0.037	0	200
55686910	55688698	0	0	0	55	0	0.079	0	201
26720663	-100	0	0	0	-100	0	0.209	0	
55611370	55617539	0	0	0	17	0	0.048	0	204
55569337	55571484	0	0	0	96	0	0.026	0	205
55550126	56099758	0	0	0	194	0	0.031	0	206
55535021	55537032	0	0	0	97	0	0.016	0	207
55512219	55527619	0	0	0	1	0	0.053	0	208
55482534	-100	0	0	0	-100	0	0.085	0	
61327081	61381710	0	0	0	1	0	0.031	0	21
55485704	55498710	0	0	0	467	0	0.047	0	210
55284424	55345453	0	0	0	4912	0	0.069	0	211
55252006	-100	0	0	0	-100	0	0.084	0	
31746962	55201041	0	0	0	1873	0	0.047	0	213
55168485	55393013	0	0	0	290	0	0.1	0	214
54879274	55032275	0	0	0	39	0	0.038	0	215
54943418	54950917	0	0	0	1	0	0.047	0	216
57563989	59233401	0	0	0	7817	0	0.1	0	217
54906090	54912421	0	0	0	25	0	0.032	0	218
54831077	54835717	0	0	0	943	0	0.022	0	219
60847460	61249692	0	0	0	88	0	0.031	0	22
48067906	-100	0	0	0	-100	0	0.085	0	
54737221	-100	0	0	0	-100	0	0.084	0	
54582821	54752196	0	0	0	1	0	0.016	0	222
54701979	54737642	0	0	0	1753	0	0.069	0	223
54661129	54661698	0	0	0	98	0	0.016	0	225
34054287	-100	0	0	0	-100	0	0.116	0	
54623575	54624083	0	0	0	1	0	0.046	0	227
38064175	49626679	0	0	0	1025	0	0.038	0	228
53218422	54596743	0	0	0	99	0	0.031	0	229
61001940	61068264	0	0	0	100	0	0.028	0	23
54569448	54591376	0	0	0	93	0	0.026	0	230
54575231	54639133	0	0	0	1072	0	0.031	0	231
54535966	54764144	0	0	0	10	0	0.031	0	232
54298621	-100	0	0	0	-100	0	0.116	0	
53212878	53223526	0	0	0	1	0	0.022	0	234
53855748	54426953	0	0	0	944	0	0.047	0	236
54336092	54347137	0	0	0	102	0	0.031	0	237
54238427	54307701	0	0	0	945	0	0.038	0	238
54132300	54291153	0	0	0	5562	0	0.085	0	239
50048754	61046041	0	0	0	2	0	0.031	0	24
54215125	54254903	0	0	0	2652	0	0.047	0	240
54184027	54185678	0	0	0	1	0	0.038	0	241
54066057	54093675	0	0	0	19	0	0.015	0	242
53812108	-100	0	0	0	-100	0	0.147	0	
54033510	54089471	0	0	0	3	0	0.023	0	244
31838855	-100	0	0	0	-100	0	0.078	0	
54000814	-100	0	0	0	-100	0	0.069	0	
53971364	-100	0	0	0	-100	0	0.069	0	
28543538	29728795	0	0	0	44	0	0.031	0	248
53799909	53952083	0	0	0	2551	0	0.069	0	249
55284306	-100	0	0	0	-100	0	0.078	0	
53884353	55098961	0	0	0	4427	0	0.053	0	250
53701824	53869307	0	0	0	1	0	0.031	0	251
53479557	53864892	0	0	0	37	0	0.023	0	252
53718871	53735407	0	0	0	1	0	0.015	0	253
53618077	53648755	0	0	0	144	0	0.031	0	254
52193105	53678412	0	0	0	58	0	0.032	0	255
38308134	53549442	0	0	0	404	0	0.022	0	256
22389993	53548994	0	0	0	4	0	0.031	0	257
61025542	61029739	0	0	0	12	0	0.016	0	26
50165443	53407004	0	0	0	6490	0	0.084	0	260
53193940	53324971	0	0	0	822	0	0.032	0	261
53292882	53302125	0	0	0	13	0	0.015	0	262
53266457	53284719	0	0	0	802	0	0.054	0	263
53235655	53239765	0	0	0	5	0	0.015	0	264
52874031	-100	0	0	0	-100	0	0.132	0	
52623722	53162821	0	0	0	27	0	0.022	0	266
53099087	53130611	0	0	0	37	0	0.047	0	267
53070606	53071578	0	0	0	2	0	0.015	0	268
53059075	53060304	0	0	0	3	0	0.038	0	269
61015431	61029336	0	0	0	3727	0	0.063	0	27
53053598	53059211	0	0	0	1329	0	0.037	0	270
53033225	-100	0	0	0	-100	0	0.116	0	
52014985	-100	0	0	0	-100	0	0.1	0	
53931501	54038311	0	0	0	1	0	0.016	0	275
52706006	52876814	0	0	0	19	0	0.031	0	276
52864035	-100	0	0	0	-100	0	0.1	0	
52858332	-100	0	0	0	-100	0	0.101	0	
43194575	52846472	0	0	0	71	0	0.031	0	279
61010890	61024619	0	0	0	72	0	0.022	0	28
52840058	-100	0	0	0	-100	0	0.063	0	
52803902	52814300	0	0	0	1	0	0.022	0	281
52687986	52777989	0	0	0	2	0	0.031	0	282
28383595	-100	0	0	0	-100	0	0.085	0	
51481913	52565472	0	0	0	1624	0	0.031	0	284
52708868	52710549	0	0	0	375	0	0.031	0	285
52702984	52706456	0	0	0	1	0	0.038	0	286
52675487	52682271	0	0	0	68	0	0.031	0	287
52650467	-100	0	0	0	-100	0	0.069	0	
52576686	52832970	0	0	0	1	0	0.016	0	289
59825843	-100	0	0	0	-100	0	0.1	0	
52558238	52652934	0	0	0	4347	0	0.069	0	290
52543892	-100	0	0	0	-100	0	0.079	0	
52521310	52533132	0	0	0	4	0	0.037	0	293
19877286	52491396	0	0	0	724	0	0.031	0	294
49676982	52431959	0	0	0	781	0	0.031	0	296
52365579	52388444	0	0	0	1538	0	0.055	0	297
52334683	52382354	0	0	0	1289	0	0.04	0	298
28814322	-100	0	0	0	-100	0	0.081	0	
57332088	61979235	0	0	0	7443	0	0.09	0	3
60948668	61501935	0	0	0	2951	0	0.051	0	30
52338580	52339226	0	0	0	538	0	0.03	0	300
52334944	58713038	0	0	0	17	0	0.03	0	301
27532044	-100	0	0	0	-100	0	0.111	0	
44295144	-100	0	0	0	-100	0	0.11	0	
52281220	52300914	0	0	0	2	0	0.032	0	304
52187189	52275015	0	0	0	181	0	0.022	0	305
52242044	52401049	0	0	0	103	0	0.016	0	306
52208380	52209203	0	0	0	5	0	0.031	0	307
52127834	52128944	0	0	0	104	0	0.015	0	308
52106980	52117181	0	0	0	95	0	0.038	0	309
56784714	-100	0	0	0	-100	0	0.085	0	
52086833	-100	0	0	0	-100	0	0.078	0	
52005153	52233504	0	0	0	4	0	0.022	0	312
51967572	51970403	0	0	0	5	0	0.031	0	313
51929941	52074105	0	0	0	269	0	0.031	0	314
51935753	-100	0	0	0	-100	0	0.085	0	
51923603	51996021	0	0	0	1	0	0.015	0	316
51876158	51908491	0	0	0	2	0	0.022	0	317
47183558	-100	0	0	0	-100	0	0.101	0	
51857207	51865368	0	0	0	2155	0	0.031	0	319
60925357	-100	0	0	0	-100	0	0.069	0	
38644943	51658946	0	0	0	103	0	0.031	0	320
3642188	-100	0	0	0	-100	0	0.085	0	
51597297	51650023	0	0	0	1	0	0.031	0	322
51551082	51603769	0	0	0	24	0	0.031	0	323
41052687	51594999	0	0	0	6997	0	0.101	0	324
51569831	51581399	0	0	0	214	0	0.038	0	325
51269865	51386027	0	0	0	105	0	0.015	0	326
51486048	51506312	0	0	0	1	0	0.031	0	327
51494868	51495838	0	0	0	776	0	0.038	0	328
51280568	-100	0	0	0	-100	0	0.1	0	
60916444	-100	0	0	0	-100	0	0.079	0	
51372723	51380034	0	0	0	9324	0	0.115	0	330
51352697	51353272	0	0	0	966	0	0.038	0	331
51343022	-100	0	0	0	-100	0	0.062	0	
51335424	51338784	0	0	0	56	0	0.023	0	334
41996394	51334762	0	0	0	6216	0	0.078	0	335
51330838	-100	0	0	0	-100	0	0.084	0	
51320621	54880869	0	0	0	1	0	0.023	0	337
50752133	-100	0	0	0	-100	0	0.078	0	
51387157	51546208	0	0	0	6686	0	0.1	0	339
60878248	60896726	0	0	0	1	0	0.022	0	34
51087287	51170892	0	0	0	10	0	0.031	0	340
51164948	51165825	0	0	0	106	0	0.032	0	341
51126843	58108631	0	0	0	893	0	0.053	0	342
51086959	51248293	0	0	0	117	0	0.031	0	344
49013393	51078004	0	0	0	2	0	0.016	0	345
51071941	51072873	0	0	0	2	0	0.031	0	346
45259737	51045709	0	0	0	22	0	0.022	0	347
42115972	56345639	0	0	0	2218	0	0.063	0	348
51000699	51090065	0	0	0	3	0	0.022	0	349
56249536	60835547	0	0	0	6451	0	0.094	0	35
50958860	-100	0	0	0	-100	0	0.085	0	
50939130	59613787	0	0	0	30	0	0.021	0	351
37991389	50867641	0	0	0	723	0	0.031	0	352
50858296	50860018	0	0	0	1253	0	0.032	0	353
50838664	50854067	0	0	0	58	0	0.037	0	354
23966158	50828119	0	0	0	550	0	0.016	0	355
50685421	50687588	0	0	0	5	0	0.031	0	356
50659096	50665776	0	0	0	272	0	0.032	0	357
50652853	50663004	0	0	0	87	0	0.022	0	358
37789299	54770082	0	0	0	340	0	0.031	0	359
60822398	60827811	0	0	0	12	0	0.016	0	36
50569314	50584209	0	0	0	1	0	0.031	0	360
42561714	50554584	0	0	0	268	0	0.038	0	361
50539913	50549961	0	0	0	4	0	0.031	0	362
50499991	50502536	0	0	0	1	0	0.031	0	363
50483582	50487229	0	0	0	1	0	0.022	0	364
50341423	50472929	0	0	0	1	0	0.047	0	365
34020079	50452750	0	0	0	555	0	0.031	0	366
46195370	50291766	0	0	0	1	0	0.022	0	367
50273919	50290782	0	0	0	1	0	0.032	0	368
50243929	50258307	0	0	0	10	0	0.047	0	369
60797216	60811581	0	0	0	6613	0	0.084	0	37
50237076	50256439	0	0	0	5384	0	0.085	0	370
50229410	50231104	0	0	0	2	0	0.015	0	371
50111566	50128349	0	0	0	173	0	0.038	0	372
50062132	50231159	0	0	0	3	0	0.031	0	373
24626769	-100	0	0	0	-100	0	0.101	0	
33769770	50023898	0	0	0	1023	0	0.027	0	376
49746686	49813500	0	0	0	1	0	0.032	0	377
28579361	49967559	0	0	0	16	0	0.025	0	378
49859149	50728217	0	0	0	3	0	0.031	0	379
45915720	60807293	0	0	0	115	0	0.032	0	38
49834827	49856205	0	0	0	1	0	0.037	0	380
49743774	49818889	0	0	0	4	0	0.016	0	381
49756005	49763045	0	0	0	59	0	0.031	0	382
49628570	-100	0	0	0	-100	0	0.069	0	
43371723	-100	0	0	0	-100	0	0.069	0	
49640909	49711972	0	0	0	2	0	0.016	0	385
49554201	49665486	0	0	0	947	0	0.047	0	386
46607506	-100	0	0	0	-100	0	0.069	0	
20850483	49588582	0	0	0	6454	0	0.1	0	388
49517374	49521036	0	0	0	291	0	0.031	0	389
60766742	60804415	0	0	0	454	0	0.038	0	39
45720125	49509228	0	0	0	5	0	0.016	0	390
30399446	49459779	0	0	0	680	0	0.031	0	391
49435594	58598873	0	0	0	61	0	0.031	0	392
47444012	49366830	0	0	0	8794	0	0.101	0	393
46295687	55735530	0	0	0	1	0	0.037	0	394
49229558	49269338	0	0	0	71	0	0.016	0	395
49184274	-100	0	0	0	-100	0	0.1	0	
49115813	-100	0	0	0	-100	0	0.069	0	
60321495	60327158	0	0	0	31	0	0.031	0	399
61958925	62012913	0	0	0	9	0	0.032	0	4
19858729	60757051	0	0	0	4	0	0.031	0	40
49109933	49111594	0	0	0	948	0	0.022	0	400
49041280	49074570	0	0	0	7	0	0.031	0	401
20592611	49400778	0	0	0	374	0	0.032	0	402
48924219	48961927	0	0	0	1	0	0.022	0	403
45663125	48928383	0	0	0	7	0	0.015	0	404
48912908	48913362	0	0	0	2	0	0.032	0	405
9298765	-100	0	0	0	-100	0	0.069	0	
44190450	48838222	0	0	0	583	0	0.031	0	407
48657034	48836376	0	0	0	4439	0	0.069	0	408
48819333	48835435	0	0	0	60	0	0.016	0	409
60660622	-100	0	0	0	-100	0	0.115	0	
48713927	-100	0	0	0	-100	0	0.116	0	
48627287	48659095	0	0	0	9	0	0.022	0	411
48454816	48638350	0	0	0	6606	0	0.078	0	412
48534448	48552238	0	0	0	6318	0	0.069	0	413
48433790	48511974	0	0	0	842	0	0.047	0	414
48469441	48472163	0	0	0	108	0	0.022	0	415
46649403	48306010	0	0	0	25	0	0.032	0	416
30491545	48634449	0	0	0	4	0	0.034	0	417
48357595	-100	0	0	0	-100	0	0.066	0	
48333425	48341878	0	0	0	25	0	0.031	0	419
57467046	60656445	0	0	0	117	0	0.022	0	42
40962006	-100	0	0	0	-100	0	0.116	0	
48337624	48394545	0	0	0	1	0	0.016	0	421
48336742	48339884	0	0	0	8987	0	0.115	0	422
48332680	48351931	0	0	0	115	0	0.016	0	423
48142634	-100	0	0	0	-100	0	0.1	0	
48128383	-100	0	0	0	-100	0	0.101	0	
47934438	48104724	0	0	0	1427	0	0.037	0	426
48056851	48072338	0	0	0	1	0	0.032	0	427
48052270	48055272	0	0	0	949	0	0.031	0	428
60330449	60556267	0	0	0	107	0	0.015	0	43
48022642	-100	0	0	0	-100	0	0.138	0	
35902360	46748965	0	0	0	791	0	0.032	0	434
47950817	47976994	0	0	0	375	0	0.053	0	435
44253848	51340323	0	0	0	2	0	0.016	0	436
33479862	47907626	0	0	0	1	0	0.015	0	438
47284664	47858957	0	0	0	1	0	0.047	0	439
60450608	60561129	0	0	0	6	0	0.022	0	44
43970831	47822694	0	0	0	1378	0	0.031	0	440
27965291	47818188	0	0	0	61	0	0.031	0	441
47777708	47781899	0	0	0	2356	0	0.038	0	442
47723890	47746656	0	0	0	1	0	0.031	0	443
47722530	-100	0	0	0	-100	0	0.116	0	
47730589	-100	0	0	0	-100	0	0.116	0	
44591583	-100	0	0	0	-100	0	0.069	0	
47644156	47704875	0	0	0	15	0	0.032	0	447
47655487	47678029	0	0	0	3580	0	0.069	0	448
47552930	47625279	0	0	0	2	0	0.031	0	449
47537760	47596739	0	0	0	26	0	0.015	0	450
47570984	47590287	0	0	0	1205	0	0.054	0	451
47446458	-100	0	0	0	-100	0	0.116	0	
40682615	47540782	0	0	0	2	0	0.015	0	454
47474279	47495118	0	0	0	1	0	0.038	0	455
46239615	47475923	0	0	0	78	0	0.031	0	456
47274691	47429271	0	0	0	607	0	0.016	0	457
47405422	52335837	0	0	0	1	0	0.047	0	458
47315053	47319479	0	0	0	3556	0	0.053	0	459
47083455	-100	0	0	0	-100	0	0.069	0	
25023731	47273104	0	0	0	98	0	0.028	0	461
46972679	47179207	0	0	0	1460	0	0.031	0	462
25866788	47171585	0	0	0	1549	0	0.057	0	463
47152855	50663500	0	0	0	9361	0	0.1	0	464
43483497	54579436	0	0	0	170	0	0.032	0	466
47083707	55056600	0	0	0	1	0	0.015	0	467
47074159	47080518	0	0	0	1585	0	0.054	0	468
43435385	47071014	0	0	0	1	0	0.015	0	469
58897330	61496833	0	0	0	3	0	0.032	0	470
47044939	47048035	0	0	0	3	0	0.022	0	471
46963049	46986535	0	0	0	63	0	0.016	0	472
46934574	-100	0	0	0	-100	0	0.116	0	
46857193	-100	0	0	0	-100	0	0.069	0	
46842293	46872965	0	0	0	5	0	0.031	0	475
37761096	-100	0	0	0	-100	0	0.1	0	
46842118	46901745	0	0	0	2	0	0.032	0	477
46818951	46839455	0	0	0	1	0	0.04	0	478
46823110	46832976	0	0	0	462	0	0.047	0	479
46799063	48306565	0	0	0	65	0	0.035	0	484
46684038	46770761	0	0	0	110	0	0.015	0	485
34826602	-100	0	0	0	-100	0	0.116	0	
33954292	-100	0	0	0	-100	0	0.113	0	
46747475	46759058	0	0	0	57	0	0.031	0	488
46643184	46650208	0	0	0	1	0	0.025	0	489
41010050	-100	0	0	0	-100	0	0.1	0	
46580556	-100	0	0	0	-100	0	0.085	0	
46420106	-100	0	0	0	-100	0	0.116	0	
46377973	-100	0	0	0	-100	0	0.131	0	
37579756	-100	0	0	0	-100	0	0.132	0	
45870948	46366116	0	0	0	94	0	0.038	0	496
46360218	46361342	0	0	0	1040	0	0.031	0	497
46348193	46352515	0	0	0	4	0	0.047	0	498
35205795	-100	0	0	0	-100	0	0.085	0	
61873468	61900256	0	0	0	1	0	0.022	0	5
46298066	46430561	0	0	0	79	0	0.031	0	500
46287086	52469245	0	0	0	6547	0	0.1	0	501
46266078	-100	0	0	0	-100	0	0.069	0	
42912608	46186549	0	0	0	1	0	0.016	0	503
46151452	49880546	0	0	0	52	0	0.031	0	504
36110977	-100	0	0	0	-100	0	0.069	0	
46059697	-100	0	0	0	-100	0	0.1	0	
45968501	45983949	0	0	0	2	0	0.032	0	507
45948534	53569414	0	0	0	5	0	0.015	0	508
45929263	45929671	0	0	0	779	0	0.038	0	509
45907614	-100	0	0	0	-100	0	0.147	0	
45891034	45899768	0	0	0	1	0	0.054	0	511
45873483	60930523	0	0	0	72	0	0.031	0	512
37450698	55560381	0	0	0	136	0	0.031	0	513
13675380	45813247	0	0	0	74	0	0.038	0	514
45779447	45859005	0	0	0	1269	0	0.031	0	515
45670637	45726959	0	0	0	6	0	0.031	0	516
45722157	59174298	0	0	0	681	0	0.054	0	517
45721802	-100	0	0	0	-100	0	0.1	0	
45655879	45673142	0	0	0	1	0	0.031	0	519
49140030	-100	0	0	0	-100	0	0.132	0	
45652340	45716873	0	0	0	4449	0	0.053	0	520
45638529	-100	0	0	0	-100	0	0.069	0	
45206230	-100	0	0	0	-100	0	0.1	0	
45607736	45627646	0	0	0	1	0	0.031	0	523
45606255	45619547	0	0	0	5	0	0.016	0	524
45572226	45579541	0	0	0	1	0	0.031	0	525
45448169	45576820	0	0	0	28	0	0.038	0	526
38348097	45493545	0	0	0	1349	0	0.031	0	527
56979022	60647728	0	0	0	4614	0	0.1	0	53
45476950	45552715	0	0	0	448	0	0.032	0	532
45458787	-100	0	0	0	-100	0	0.1	0	
45405167	61117221	0	0	0	582	0	0.022	0	534
45357806	45375409	0	0	0	123	0	0.031	0	535
45351663	-100	0	0	0	-100	0	0.101	0	
45321041	45322657	0	0	0	271	0	0.031	0	537
44334535	-100	0	0	0	-100	0	0.085	0	
26244530	-100	0	0	0	-100	0	0.069	0	
53813758	60436142	0	0	0	1405	0	0.031	0	54
45279880	45556677	0	0	0	223	0	0.031	0	540
24920396	61463661	0	0	0	79	0	0.022	0	541
45265792	45266834	0	0	0	111	0	0.016	0	542
45117125	-100	0	0	0	-100	0	0.116	0	
45134735	45242969	0	0	0	2	0	0.031	0	544
45219994	-100	0	0	0	-100	0	0.1	0	
45119432	45185979	0	0	0	751	0	0.038	0	546
45222720	45251117	0	0	0	20	0	0.016	0	547
41477776	47041415	0	0	0	2	0	0.031	0	549
60289954	60310790	0	0	0	1	0	0.016	0	55
45157057	-100	0	0	0	-100	0	0.1	0	
43712843	-100	0	0	0	-100	0	0.085	0	
45147082	-100	0	0	0	-100	0	0.1	0	
45047885	-100	0	0	0	-100	0	0.069	0	
33482308	-100	0	0	0	-100	0	0.116	0	
44973544	45015794	0	0	0	4706	0	0.069	0	555
40557147	44961347	0	0	0	694	0	0.047	0	556
26331030	39914775	0	0	0	1	0	0.015	0	557
55345679	60285820	0	0	0	145	0	0.038	0	56
44930704	-100	0	0	0	-100	0	0.116	0	
44916792	44921411	0	0	0	113	0	0.015	0	561
16397526	-100	0	0	0	-100	0	0.085	0	
44728704	-100	0	0	0	-100	0	0.062	0	
44419857	44802712	0	0	0	6	0	0.038	0	564
44786138	44787310	0	0	0	2006	0	0.047	0	565
44721152	-100	0	0	0	-100	0	0.085	0	
44697183	44718072	0	0	0	48	0	0.031	0	567
44666715	44688711	0	0	0	29	0	0.038	0	568
36110815	44608687	0	0	0	92	0	0.015	0	569
60200275	60371743	0	0	0	1	0	0.032	0	57
44158882	44538939	0	0	0	83	0	0.037	0	570
44509287	44661961	0	0	0	2	0	0.016	0	571
44467559	44504592	0	0	0	951	0	0.031	0	572
44457243	44473379	0	0	0	1	0	0.038	0	573
44434739	44456676	0	0	0	72	0	0.031	0	574
42604439	42757183	0	0	0	9	0	0.015	0	575
42864262	-100	0	0	0	-100	0	0.085	0	
44411575	56254631	0	0	0	139	0	0.047	0	577
44335165	45311909	0	0	0	38	0	0.022	0	579
60160905	-100	0	0	0	-100	0	0.078	0	
34865789	-100	0	0	0	-100	0	0.1	0	
44262563	44279773	0	0	0	6462	0	0.068	0	581
44239415	44242299	0	0	0	1	0	0.031	0	584
44245666	44250468	0	0	0	1	0	0.031	0	586
44005847	44147299	0	0	0	1	0	0.023	0	587
36520813	44143423	0	0	0	4098	0	0.062	0	588
44120395	44136481	0	0	0	873	0	0.038	0	589
60132869	-100	0	0	0	-100	0	0.084	0	
44030594	44094497	0	0	0	8	0	0.032	0	594
36065232	36699272	0	0	0	115	0	0.015	0	595
43850293	44021913	0	0	0	1	0	0.047	0	596
32723761	44003391	0	0	0	1	0	0.038	0	597
43990569	-100	0	0	0	-100	0	0.131	0	
43981187	-100	0	0	0	-100	0	0.132	0	
46365317	61320722	0	0	0	566	0	0.038	0	6
43654787	60112609	0	0	0	116	0	0.031	0	60
30902906	44549464	0	0	0	130	0	0.038	0	600
27597932	43762009	0	0	0	6478	0	0.116	0	601
43731301	43737524	0	0	0	935	0	0.031	0	602
43694637	43706199	0	0	0	20	0	0.031	0	606
43660562	45212781	0	0	0	1	0	0.022	0	607
13272612	43616480	0	0	0	17	0	0.031	0	608
13088770	43596486	0	0	0	1	0	0.032	0	609
42058059	47222764	0	0	0	110	0	0.015	0	610
40652012	43551312	0	0	0	40	0	0.038	0	611
42449257	43536583	0	0	0	360	0	0.031	0	612
15259139	-100	0	0	0	-100	0	0.069	0	
45549449	46319137	0	0	0	1273	0	0.032	0	614
43515925	43518958	0	0	0	1	0	0.031	0	615
43209809	-100	0	0	0	-100	0	0.122	0	
43480866	43481085	0	0	0	1	0	0.032	0	617
43460760	43526149	0	0	0	37	0	0.031	0	618
25258817	43343590	0	0	0	5725	0	0.069	0	619
30396755	60062217	0	0	0	26	0	0.031	0	62
43337147	43383010	0	0	0	6463	0	0.085	0	620
19748205	-100	0	0	0	-100	0	0.116	0	
35651669	-100	0	0	0	-100	0	0.116	0	
43297797	43298666	0	0	0	14	0	0.022	0	626
31471808	-100	0	0	0	-100	0	0.062	0	
43261430	43281803	0	0	0	6879	0	0.085	0	628
43275478	43293369	0	0	0	507	0	0.018	0	629
60062311	60062827	0	0	0	113	0	0.035	0	63
43189512	44551816	0	0	0	30	0	0.016	0	630
42974231	-100	0	0	0	-100	0	0.1	0	
42771185	43046753	0	0	0	447	0	0.016	0	632
26896087	47637321	0	0	0	1743	0	0.047	0	633
43000077	43002416	0	0	0	118	0	0.022	0	634
15670151	-100	0	0	0	-100	0	0.078	0	
42789833	42790422	0	0	0	78	0	0.022	0	637
42763280	47523919	0	0	0	33	0	0.047	0	639
59960252	59978973	0	0	0	3530	0	0.053	0	64
42695298	45923632	0	0	0	6	0	0.047	0	640
42674516	42681880	0	0	0	119	0	0.016	0	641
42611836	56182271	0	0	0	1	0	0.031	0	642
42578273	42596449	0	0	0	440	0	0.022	0	643
42595256	-100	0	0	0	-100	0	0.1	0	
42587758	42588378	0	0	0	4455	0	0.063	0	645
30261383	42572023	0	0	0	33	0	0.015	0	646
42524450	49924813	0	0	0	14	0	0.023	0	647
42469003	42491624	0	0	0	30	0	0.031	0	648
42426970	42461697	0	0	0	153	0	0.031	0	649
59887908	59904916	0	0	0	831	0	0.022	0	65
42304924	42446365	0	0	0	5577	0	0.078	0	650
41879049	42431720	0	0	0	14	0	0.038	0	651
41088751	-100	0	0	0	-100	0	0.063	0	
32129191	42215523	0	0	0	469	0	0.037	0	653
42105259	42242497	0	0	0	121	0	0.016	0	654
36335498	42208566	0	0	0	373	0	0.031	0	655
21614443	-100	0	0	0	-100	0	0.069	0	
35799426	-100	0	0	0	-100	0	0.085	0	
42084356	42084833	0	0	0	122	0	0.031	0	659
59570555	-100	0	0	0	-100	0	0.1	0	
41925706	41936951	0	0	0	224	0	0.031	0	660
24904683	41918861	0	0	0	1	0	0.023	0	661
41723575	41909242	0	0	0	974	0	0.031	0	662
41817623	-100	0	0	0	-100	0	0.116	0	
41783245	44398360	0	0	0	31	0	0.015	0	664
41731684	-100	0	0	0	-100	0	0.116	0	
41699952	41739418	0	0	0	123	0	0.022	0	666
12394855	41730532	0	0	0	273	0	0.032	0	667
26123516	41670314	0	0	0	21	0	0.015	0	668
33442362	59212970	0	0	0	14	0	0.031	0	669
58314023	59791480	0	0	0	87	0	0.038	0	67
27787116	41634744	0	0	0	22	0	0.031	0	670
41608294	41628450	0	0	0	3	0	0.032	0	671
41597604	41616407	0	0	0	3184	0	0.084	0	672
41596273	41605723	0	0	0	109	0	0.032	0	673
25905144	41589266	0	0	0	1373	0	0.038	0	674
41471757	-100	0	0	0	-100	0	0.084	0	
14882033	28025911	0	0	0	276	0	0.031	0	676
33505541	-100	0	0	0	-100	0	0.085	0	
41133617	41190862	0	0	0	1	0	0.031	0	678
33180058	-100	0	0	0	-100	0	0.116	0	
53245233	-100	0	0	0	-100	0	0.1	0	
13577918	-100	0	0	0	-100	0	0.069	0	
30671958	-100	0	0	0	-100	0	0.116	0	
40942717	40953151	0	0	0	1	0	0.031	0	682
40819971	40831975	0	0	0	282	0	0.023	0	683
36110331	-100	0	0	0	-100	0	0.062	0	
40789601	-100	0	0	0	-100	0	0.085	0	
37924896	-100	0	0	0	-100	0	0.069	0	
40461380	-100	0	0	0	-100	0	0.1	0	
40689434	40713096	0	0	0	8249	0	0.1	0	688
40596609	40636032	0	0	0	3	0	0.031	0	689
59716982	59718745	0	0	0	5727	0	0.085	0	69
9502003	-100	0	0	0	-100	0	0.085	0	
1975110	61855935	0	0	0	456	0	0.031	0	691
22305023	40554479	0	0	0	3261	0	0.069	0	692
40538304	-100	0	0	0	-100	0	0.1	0	
37085732	40327657	0	0	0	2423	0	0.047	0	694
40250072	40250691	0	0	0	81	0	0.038	0	695
32686195	54464295	0	0	0	2	0	0.015	0	697
31796914	40225786	0	0	0	1489	0	0.047	0	698
38525383	56871943	0	0	0	4456	0	0.054	0	699
61798169	61876254	0	0	0	5223	0	0.084	0	7
59717301	59717624	0	0	0	1	0	0.016	0	70
40182340	40185121	0	0	0	138	0	0.031	0	701
30237310	40709975	0	0	0	1067	0	0.038	0	702
40120094	40143388	0	0	0	91	0	0.016	0	703
40035067	40044958	0	0	0	972	0	0.031	0	704
39993117	-100	0	0	0	-100	0	0.085	0	
15978985	47418127	0	0	0	2108	0	0.047	0	706
39808631	39832436	0	0	0	830	0	0.037	0	707
34522732	55100069	0	0	0	8	0	0.031	0	709
59639543	59653531	0	0	0	30	0	0.016	0	71
32821369	-100	0	0	0	-100	0	0.1	0	
39779573	39792781	0	0	0	1360	0	0.053	0	711
39746947	39833768	0	0	0	6	0	0.032	0	712
39694490	-100	0	0	0	-100	0	0.1	0	
39628872	39633863	0	0	0	952	0	0.053	0	714
39623094	39642725	0	0	0	806	0	0.032	0	715
25020788	-100	0	0	0	-100	0	0.069	0	
25693082	-100	0	0	0	-100	0	0.116	0	
36033449	39507019	0	0	0	1865	0	0.046	0	718
34096162	-100	0	0	0	-100	0	0.101	0	
51699452	59584695	0	0	0	54	0	0.015	0	72
50467457	56983105	0	0	0	1	0	0.038	0	722
39420095	39690633	0	0	0	1	0	0.031	0	723
36620585	39207125	0	0	0	486	0	0.016	0	724
39176643	-100	0	0	0	-100	0	0.132	0	
12304963	-100	0	0	0	-100	0	0.069	0	
39024390	39171890	0	0	0	1	0	0.037	0	727
39166027	39173002	0	0	0	373	0	0.031	0	728
39128344	39150367	0	0	0	181	0	0.031	0	729
57394946	-100	0	0	0	-100	0	0.101	0	
35699399	39042064	0	0	0	228	0	0.037	0	730
39023962	-100	0	0	0	-100	0	0.101	0	
15703702	48307007	0	0	0	246	0	0.031	0	732
39006840	39027770	0	0	0	31	0	0.031	0	733
9503896	23045866	0	0	0	1219	0	0.038	0	734
38971260	38976959	0	0	0	128	0	0.031	0	735
36040542	38900293	0	0	0	1245	0	0.047	0	737
38559429	38900796	0	0	0	778	0	0.038	0	738
59397169	-100	0	0	0	-100	0	0.062	0	
3810927	55853359	0	0	0	68	0	0.038	0	740
38864458	38948553	0	0	0	25	0	0.016	0	741
38861041	52478475	0	0	0	5593	0	0.1	0	742
30656846	44691580	0	0	0	3264	0	0.063	0	743
38822132	-100	0	0	0	-100	0	0.106	0	
38056641	38791517	0	0	0	582	0	0.028	0	745
38782051	60423973	0	0	0	147	0	0.031	0	746
38733571	38779478	0	0	0	130	0	0.031	0	747
38675292	38682488	0	0	0	131	0	0.01	0	748
38658033	38916875	0	0	0	405	0	0.047	0	749
59408283	59413766	0	0	0	1	0	0.016	0	75
38660467	38847645	0	0	0	1	0	0.037	0	750
38639289	-100	0	0	0	-100	0	0.101	0	
38478139	38607045	0	0	0	1617	0	0.062	0	752
47651868	49120060	0	0	0	132	0	0.038	0	755
38563885	54919400	0	0	0	5729	0	0.063	0	756
38540093	-100	0	0	0	-100	0	0.084	0	
34764830	38534383	0	0	0	5706	0	0.069	0	758
38102921	38486163	0	0	0	128	0	0.031	0	759
48651010	59396848	0	0	0	1	0	0.016	0	76
31955051	38493318	0	0	0	72	0	0.031	0	760
29601156	30047010	0	0	0	954	0	0.022	0	761
38440350	38441722	0	0	0	76	0	0.032	0	762
38372906	39330299	0	0	0	955	0	0.053	0	763
28480625	38367392	0	0	0	78	0	0.094	0	764
32181742	38335734	0	0	0	3221	0	0.119	0	765
38295777	38297989	0	0	0	5730	0	0.119	0	766
35525240	38277826	0	0	0	1494	0	0.05	0	767
38230957	-100	0	0	0	-100	0	0.121	0	
38197844	-100	0	0	0	-100	0	0.113	0	
59380554	59395052	0	0	0	1	0	0.015	0	77
38177908	38223003	0	0	0	24	0	0.022	0	770
38133485	38192010	0	0	0	1049	0	0.047	0	771
38169765	38289656	0	0	0	19	0	0.032	0	772
38104901	38109623	0	0	0	73	0	0.022	0	773
24881923	38101558	0	0	0	1040	0	0.047	0	774
28233561	-100	0	0	0	-100	0	0.069	0	
27850123	-100	0	0	0	-100	0	0.084	0	
38036680	48211887	0	0	0	423	0	0.031	0	777
37974317	-100	0	0	0	-100	0	0.085	0	
31815294	-100	0	0	0	-100	0	0.1	0	
59360232	59376487	0	0	0	91	0	0.032	0	78
37878693	37881270	0	0	0	316	0	0.015	0	780
34266186	37861578	0	0	0	162	0	0.029	0	781
37800390	37817299	0	0	0	38	0	0.024	0	782
37719503	37830819	0	0	0	5161	0	0.078	0	783
37714152	37715085	0	0	0	145	0	0.023	0	784
21651978	37667335	0	0	0	942	0	0.031	0	785
26449666	37651470	0	0	0	4	0	0.015	0	787
49762128	51753158	0	0	0	157	0	0.038	0	788
13812373	34221612	0	0	0	437	0	0.047	0	789
27368770	-100	0	0	0	-100	0	0.116	0	
29736577	-100	0	0	0	-100	0	0.085	0	
36670065	37521669	0	0	0	1	0	0.031	0	791
25340847	44486551	0	0	0	6668	0	0.084	0	792
28538161	37430604	0	0	0	1049	0	0.038	0	793
26269122	-100	0	0	0	-100	0	0.078	0	
37393329	37515454	0	0	0	1	0	0.022	0	795
37274007	37349878	0	0	0	15	0	0.016	0	796
37266143	37301838	0	0	0	135	0	0.015	0	797
37122216	37284287	0	0	0	905	0	0.032	0	798
14023423	37273149	0	0	0	35	0	0.037	0	799
43251214	61868853	0	0	0	3	0	0.032	0	8
52606467	59248550	0	0	0	136	0	0.015	0	80
29593177	40966634	0	0	0	6309	0	0.085	0	800
37144856	-100	0	0	0	-100	0	0.069	0	
37193380	37200885	0	0	0	3	0	0.024	0	802
37195322	-100	0	0	0	-100	0	0.06	0	
19234796	-100	0	0	0	-100	0	0.116	0	
37059281	37071001	0	0	0	23	0	0.031	0	805
37059404	42826234	0	0	0	781	0	0.032	0	806
37011952	-100	0	0	0	-100	0	0.084	0	
36974450	36974742	0	0	0	3	0	0.038	0	808
32544646	36969907	0	0	0	62	0	0.016	0	809
59204544	59242628	0	0	0	7766	0	0.084	0	81
36936613	-100	0	0	0	-100	0	0.116	0	
36919953	36925855	0	0	0	2	0	0.031	0	811
35973507	36865202	0	0	0	336	0	0.016	0	812
37110555	37133471	0	0	0	161	0	0.038	0	814
33925430	36897594	0	0	0	6469	0	0.062	0	815
36790376	36950037	0	0	0	7513	0	0.101	0	816
34213765	36817423	0	0	0	4560	0	0.069	0	818
36648502	-100	0	0	0	-100	0	0.1	0	
59159729	59197298	0	0	0	1	0	0.032	0	82
36669528	36673576	0	0	0	147	0	0.031	0	820
36651189	36652015	0	0	0	1	0	0.021	0	821
34454034	-100	0	0	0	-100	0	0.063	0	
36478278	47519624	0	0	0	75	0	0.022	0	823
36431158	36454567	0	0	0	956	0	0.047	0	824
36260816	36277222	0	0	0	1194	0	0.053	0	825
34345945	36255181	0	0	0	1	0	0.016	0	826
36238521	36249586	0	0	0	34	0	0.031	0	827
36232684	36233318	0	0	0	8817	0	0.101	0	829
59184868	59192861	0	0	0	65	0	0.031	0	83
36205419	36208785	0	0	0	1	0	0.038	0	832
27953588	49570793	0	0	0	7	0	0.031	0	833
36187931	51407129	0	0	0	7026	0	0.1	0	834
36094718	36141451	0	0	0	957	0	0.031	0	835
35462144	36065327	0	0	0	168	0	0.022	0	836
35866379	36014676	0	0	0	811	0	0.031	0	839
59190193	59193797	0	0	0	4416	0	0.069	0	84
36041601	36043244	0	0	0	991	0	0.032	0	840
33251264	-100	0	0	0	-100	0	0.116	0	
33858596	-100	0	0	0	-100	0	0.084	0	
36023558	36039026	0	0	0	2	0	0.026	0	843
3165346	-100	0	0	0	-100	0	0.09	0	
35891062	35933702	0	0	0	293	0	0.031	0	845
7227976	40802404	0	0	0	798	0	0.023	0	846
35725156	35859083	0	0	0	958	0	0.047	0	848
35834739	-100	0	0	0	-100	0	0.1	0	
59153010	59187457	0	0	0	1	0	0.031	0	85
35614425	-100	0	0	0	-100	0	0.116	0	
34158723	35677857	0	0	0	282	0	0.053	0	851
34896004	35660588	0	0	0	104	0	0.032	0	852
35585428	35637012	0	0	0	76	0	0.022	0	853
45824409	45826042	0	0	0	267	0	0.031	0	854
35330207	35471802	0	0	0	8596	0	0.1	0	855
28384164	35443537	0	0	0	75	0	0.031	0	856
35439914	35440235	0	0	0	193	0	0.022	0	857
2331070	35434760	0	0	0	364	0	0.032	0	858
35432923	35443059	0	0	0	139	0	0.015	0	859
59119580	59158870	0	0	0	1	0	0.031	0	86
30116606	-100	0	0	0	-100	0	0.083	0	
34433063	35353464	0	0	0	35	0	0.032	0	861
35381180	48263456	0	0	0	4161	0	0.059	0	862
35359622	35452191	0	0	0	2	0	0.025	0	863
35322815	-100	0	0	0	-100	0	0.063	0	
35306306	35319824	0	0	0	141	0	0.022	0	865
31092005	35266730	0	0	0	75	0	0.031	0	866
3386850	35215579	0	0	0	1106	0	0.031	0	867
35224338	35234038	0	0	0	1	0	0.054	0	868
35126517	-100	0	0	0	-100	0	0.147	0	
59113457	59117165	0	0	0	1	0	0.038	0	87
35075215	35118287	0	0	0	47	0	0.031	0	870
35040579	35056668	0	0	0	1076	0	0.047	0	871
35025145	43131595	0	0	0	1758	0	0.053	0	872
34994790	35006572	0	0	0	226	0	0.031	0	873
33015823	34983149	0	0	0	7	0	0.016	0	874
34973314	-100	0	0	0	-100	0	0.122	0	
34898222	34903368	0	0	0	1	0	0.016	0	876
32206623	-100	0	0	0	-100	0	0.1	0	
32999460	-100	0	0	0	-100	0	0.078	0	
34704733	35491015	0	0	0	1	0	0.023	0	879
58890738	59047386	0	0	0	1	0	0.031	0	88
34389797	34711685	0	0	0	478	0	0.031	0	880
13167531	39446852	0	0	0	6586	0	0.085	0	882
32724775	34667618	0	0	0	53	0	0.027	0	883
34619117	34631794	0	0	0	3	0	0.026	0	884
23309687	49146550	0	0	0	2488	0	0.047	0	887
33530066	34579494	0	0	0	1	0	0.015	0	888
34508834	34514683	0	0	0	143	0	0.038	0	889
31388329	-100	0	0	0	-100	0	0.132	0	
25829504	34365360	0	0	0	1	0	0.015	0	891
22009871	34328105	0	0	0	128	0	0.069	0	892
26177565	-100	0	0	0	-100	0	0.148	0	
14563531	-100	0	0	0	-100	0	0.1	0	
34286905	45206286	0	0	0	393	0	0.022	0	895
34213315	34245295	0	0	0	1	0	0.031	0	896
34244210	38942118	0	0	0	2	0	0.031	0	897
32018521	32830382	0	0	0	10	0	0.016	0	898
34230391	34694775	0	0	0	747	0	0.038	0	899
61783029	61793558	0	0	0	145	0	0.031	0	9
28979857	34214859	0	0	0	1	0	0.016	0	900
3480222	36073503	0	0	0	146	0	0.031	0	901
33920330	34061912	0	0	0	25	0	0.022	0	902
34001333	34018634	0	0	0	2231	0	0.063	0	903
19054092	33989595	0	0	0	884	0	0.053	0	904
19439689	33945984	0	0	0	51	0	0.016	0	905
33890896	-100	0	0	0	-100	0	0.084	0	
33784656	33877410	0	0	0	382	0	0.022	0	907
33787624	-100	0	0	0	-100	0	0.125	0	
26796829	33775239	0	0	0	5736	0	0.069	0	909
33748871	33750235	0	0	0	65	0	0.031	0	910
33707796	33733102	0	0	0	1	0	0.022	0	911
32624120	33694457	0	0	0	191	0	0.016	0	912
23528862	-100	0	0	0	-100	0	0.1	0	
33597728	33613830	0	0	0	1	0	0.032	0	914
33574457	33609538	0	0	0	14	0	0.031	0	917
9315258	-100	0	0	0	-100	0	0.1	0	
32257970	33983298	0	0	0	2191	0	0.038	0	919
33555002	34591487	0	0	0	3285	0	0.062	0	920
33419325	-100	0	0	0	-100	0	0.085	0	
33447901	33472328	0	0	0	1	0	0.038	0	922
31365768	33400250	0	0	0	308	0	0.015	0	923
33346823	40699787	0	0	0	9	0	0.032	0	927
26497751	38052325	0	0	0	1418	0	0.046	0	928
33263759	33284951	0	0	0	154	0	0.023	0	929
33127122	33352251	0	0	0	914	0	0.031	0	930
31286965	33262480	0	0	0	1	0	0.031	0	931
33237264	-100	0	0	0	-100	0	0.054	0	
24705431	60151766	0	0	0	962	0	0.045	0	933
33027611	35214044	0	0	0	4887	0	0.07	0	934
33117997	33143257	0	0	0	532	0	0.031	0	935
25755930	31220586	0	0	0	2	0	0.023	0	936
32885570	-100	0	0	0	-100	0	0.093	0	
12907198	32883453	0	0	0	150	0	0.022	0	938
16947431	32803727	0	0	0	80	0	0.032	0	939
58993738	59006401	0	0	0	28	0	0.031	0	94
32773617	56137091	0	0	0	29	0	0.022	0	940
32721789	-100	0	0	0	-100	0	0.094	0	
21045866	-100	0	0	0	-100	0	0.085	0	
32575397	33306592	0	0	0	930	0	0.038	0	943
26580129	32571956	0	0	0	138	0	0.016	0	944
32558568	-100	0	0	0	-100	0	0.1	0	
52276088	53117396	0	0	0	1402	0	0.053	0	946
22305444	32492667	0	0	0	187	0	0.016	0	948
31381066	32411080	0	0	0	1	0	0.031	0	949
58938992	58957189	0	0	0	1	0	0.016	0	95
6316459	-100	0	0	0	-100	0	0.069	0	
31861569	56622368	0	0	0	3277	0	0.069	0	952
32350891	32351780	0	0	0	4	0	0.015	0	953
49440262	52649215	0	0	0	58	0	0.032	0	956
32219451	32226508	0	0	0	16	0	0.023	0	957
4794859	32206608	0	0	0	1	0	0.015	0	958
32193413	32194070	0	0	0	31	0	0.03	0	959
58878544	-100	0	0	0	-100	0	0.116	0	
31690007	42151880	0	0	0	81	0	0.032	0	960
32106333	60661723	0	0	0	694	0	0.037	0	961
32092458	-100	0	0	0	-100	0	0.116	0	
32007115	32034222	0	0	0	11	0	0.032	0	963
31930616	32031432	0	0	0	102	0	0.015	0	964
31979189	51944709	0	0	0	32	0	0.031	0	965
31949659	31950166	0	0	0	1	0	0.023	0	966
31925595	31947700	0	0	0	1	0	0.015	0	967
31947727	31994387	0	0	0	258	0	0.047	0	968
28034091	31859911	0	0	0	1583	0	0.038	0	969
58627988	58906457	0	0	0	7361	0	0.085	0	97
31923107	31938512	0	0	0	39	0	0.015	0	970
31142280	32912268	0	0	0	4466	0	0.063	0	971
31868370	31900708	0	0	0	10	0	0.022	0	972
31837419	-100	0	0	0	-100	0	0.078	0	
9506442	58504930	0	0	0	9631	0	0.116	0	976
31752889	31754530	0	0	0	33	0	0.022	0	977
27779667	31729775	0	0	0	7	0	0.031	0	978
31538038	31585708	0	0	0	9	0	0.02	0	979
36368712	58859811	0	0	0	5	0	0.033	0	98
31045512	31564834	0	0	0	1	0	0.032	0	980
27135962	54426523	0	0	0	605	0	0.031	0	981
31485858	-100	0	0	0	-100	0	0.138	0	
28634345	31433840	0	0	0	1	0	0.016	0	983
31394755	31395435	0	0	0	20	0	0.015	0	984
28987622	47663131	0	0	0	1	0	0.031	0	986
30560405	31347470	0	0	0	154	0	0.038	0	987
31268826	31301694	0	0	0	1	0	0.016	0	988
31288513	31289164	0	0	0	2324	0	0.062	0	989
58798091	58802355	0	0	0	1535	0	0.038	0	99
30159041	31259932	0	0	0	2	0	0.031	0	990
31075826	31221471	0	0	0	1	0	0.016	0	991
30643213	31220677	0	0	0	76	0	0.031	0	992
31178704	31213349	0	0	0	2010	0	0.038	0	993
24845909	52559455	0	0	0	491	0	0.031	0	994
31184918	32601252	0	0	0	147	0	0.032	0	995
30971258	31094538	0	0	0	5589	0	0.069	0	996
31089205	31092962	0	0	0	721	0	0.031	0	997
9555889	-100	0	0	0	-100	0	0.053	0	
31044922	-100	0	0	0	-100	0	0.085	0	
