testpostId	trainPostId	TitleSim	BodySim	TagSim	LuceneHitRank	ProposedHitRank	lucene_hit_duration	Proposed_hit_duration	Proposed_TestTrueLabel
61979426	61993479	0	0	0	0	1	0	0	1
32857212	61760349	0	0	0	0	675	0	0	10
58550163	58777915	0	0	0	0	1204	0	0	100
31063959	31125693	0	0	0	0	15	0	0	1000
30946374	0	0	0	0	0	6676	0	0	1001
30983013	31038636	0	0	0	0	3	0	0	1002
30470895	31018107	0	0	0	0	3	0	0	1003
37944197	41030477	0	0	0	0	2	0	0	1004
25934752	0	0	0	0	0	2746	0	0	1005
30918550	0	0	0	0	0	8092	0	0	1006
25946047	0	0	0	0	0	56178	0	0	1007
25587773	41171676	0	0	0	0	3	0	0	1008
30778718	0	0	0	0	0	3110	0	0	1009
58756264	58761704	0	0	0	0	5	0	0	101
23839142	41157332	0	0	0	0	2740	0	0	1010
30719243	30720340	0	0	0	0	224	0	0	1011
30652116	0	0	0	0	0	3116	0	0	1012
30600958	0	0	0	0	0	2338	0	0	1013
18257642	29454883	0	0	0	0	1	0	0	1014
30460410	30560689	0	0	0	0	5	0	0	1016
30540644	30541130	0	0	0	0	13897	0	0	1017
30441657	48902732	0	0	0	0	68	0	0	1018
30406560	0	0	0	0	0	5494	0	0	1019
51902438	58899541	0	0	0	0	1042	0	0	102
28628384	0	0	0	0	0	2840	0	0	1020
40901445	0	0	0	0	0	10285	0	0	1021
38109501	39337862	0	0	0	0	1	0	0	1023
36571864	38601794	0	0	0	0	7007	0	0	1024
33048097	44318860	0	0	0	0	164	0	0	1025
30113308	30115455	0	0	0	0	1414	0	0	1026
30064401	30065418	0	0	0	0	13	0	0	1027
30060278	39418783	0	0	0	0	2	0	0	1028
30048642	30051162	0	0	0	0	145	0	0	1029
58685422	58689515	0	0	0	0	800	0	0	103
29648127	29991606	0	0	0	0	7	0	0	1030
29981195	0	0	0	0	0	23355	0	0	1031
29957669	42564379	0	0	0	0	1031	0	0	1032
29948919	29954519	0	0	0	0	1	0	0	1033
29902891	29905071	0	0	0	0	451	0	0	1034
29827948	29892116	0	0	0	0	17	0	0	1035
29833571	29834397	0	0	0	0	164	0	0	1036
29793398	50070741	0	0	0	0	12	0	0	1037
19214914	29749661	0	0	0	0	7077	0	0	1038
29775461	48774624	0	0	0	0	21	0	0	1039
58677247	58793147	0	0	0	0	15	0	0	104
25791018	29686198	0	0	0	0	2	0	0	1040
29583849	42723141	0	0	0	0	12	0	0	1041
29669292	0	0	0	0	0	2799	0	0	1042
19895107	34539408	0	0	0	0	23	0	0	1043
29624895	29629049	0	0	0	0	9	0	0	1044
29500139	0	0	0	0	0	1299	0	0	1045
29529021	29543785	0	0	0	0	12	0	0	1046
29504327	29547506	0	0	0	0	9	0	0	1047
25330753	41551216	0	0	0	0	164	0	0	1049
58648886	58649510	0	0	0	0	6230	0	0	105
29399820	29423270	0	0	0	0	54	0	0	1050
27326929	29376031	0	0	0	0	693	0	0	1051
29360182	29361182	0	0	0	0	143	0	0	1052
16201906	0	0	0	0	0	226	0	0	1053
39262534	0	0	0	0	0	8442	0	0	1055
5807766	29317192	0	0	0	0	1	0	0	1056
29233480	29240134	0	0	0	0	27	0	0	1057
19474552	29235114	0	0	0	0	27	0	0	1058
29174774	29286588	0	0	0	0	23	0	0	1059
58611777	58613149	0	0	0	0	177	0	0	106
23588127	43478980	0	0	0	0	2041	0	0	1060
29125609	0	0	0	0	0	9510	0	0	1061
29102155	0	0	0	0	0	3717	0	0	1062
29009261	29012008	0	0	0	0	46	0	0	1063
28964929	28988004	0	0	0	0	26230	0	0	1064
28624592	28935768	0	0	0	0	6522	0	0	1065
15960129	28789767	0	0	0	0	5746	0	0	1066
28771018	31162332	0	0	0	0	772	0	0	1067
28725115	28730387	0	0	0	0	15	0	0	1068
20637248	34609967	0	0	0	0	42	0	0	1069
58593824	58595096	0	0	0	0	15	0	0	107
28605657	28656683	0	0	0	0	44	0	0	1070
28570289	28611858	0	0	0	0	52	0	0	1071
28574757	0	0	0	0	0	2962	0	0	1072
23217681	24542583	0	0	0	0	8	0	0	1073
28529823	28532172	0	0	0	0	1344	0	0	1074
10306474	0	0	0	0	0	56178	0	0	1075
28436855	31961170	0	0	0	0	1372	0	0	1076
28461220	28474903	0	0	0	0	51	0	0	1077
28370249	41324398	0	0	0	0	27	0	0	1078
28360148	31675416	0	0	0	0	28	0	0	1079
58551389	58560859	0	0	0	0	2680	0	0	108
27367914	0	0	0	0	0	358	0	0	1081
28306604	28332566	0	0	0	0	1	0	0	1082
28006813	28213620	0	0	0	0	30	0	0	1083
10207564	0	0	0	0	0	805	0	0	1084
12840294	0	0	0	0	0	22782	0	0	1085
28159936	28162445	0	0	0	0	33	0	0	1087
20561190	28096239	0	0	0	0	16	0	0	1088
58531982	58542413	0	0	0	0	1	0	0	109
45201654	0	0	0	0	0	836	0	0	1090
14268814	0	0	0	0	0	58477	0	0	1091
20343611	0	0	0	0	0	16425	0	0	1092
11121385	0	0	0	0	0	24653	0	0	1093
27866705	27874548	0	0	0	0	178	0	0	1094
8854046	0	0	0	0	0	3577	0	0	1095
10966109	0	0	0	0	0	5111	0	0	1096
27727590	30330104	0	0	0	0	45	0	0	1097
26403919	27672134	0	0	0	0	22504	0	0	1098
61649029	0	0	0	0	0	12852	0	0	11
58516071	58524163	0	0	0	0	34	0	0	110
27650331	27651004	0	0	0	0	38	0	0	1103
22329685	0	0	0	0	0	4997	0	0	1104
27606380	0	0	0	0	0	13934	0	0	1105
27583767	61200536	0	0	0	0	39	0	0	1106
27552810	27564299	0	0	0	0	5898	0	0	1107
27496127	0	0	0	0	0	245	0	0	1108
27545423	0	0	0	0	0	60908	0	0	1109
56555281	58505386	0	0	0	0	6	0	0	111
27478028	27538732	0	0	0	0	69	0	0	1110
27497068	27507448	0	0	0	0	1	0	0	1111
27454265	39513837	0	0	0	0	264	0	0	1113
15162741	0	0	0	0	0	56178	0	0	1114
19404270	43095645	0	0	0	0	83	0	0	1115
10421668	27312597	0	0	0	0	25	0	0	1116
27282915	27296088	0	0	0	0	1	0	0	1117
27264266	27296022	0	0	0	0	16	0	0	1118
27210745	0	0	0	0	0	464	0	0	1119
57498890	0	0	0	0	0	375	0	0	112
27184918	0	0	0	0	0	18361	0	0	1120
7942519	24440258	0	0	0	0	841	0	0	1121
15625990	0	0	0	0	0	6800	0	0	1122
18972845	30552847	0	0	0	0	46	0	0	1123
21035101	27123428	0	0	0	0	51	0	0	1124
22916337	27060527	0	0	0	0	25	0	0	1125
27014134	0	0	0	0	0	534	0	0	1126
27004167	36852821	0	0	0	0	333	0	0	1127
25528067	0	0	0	0	0	4997	0	0	1128
22396234	26952232	0	0	0	0	48	0	0	1129
58370234	58375977	0	0	0	0	1	0	0	113
26950123	0	0	0	0	0	229	0	0	1130
24086498	26883864	0	0	0	0	802	0	0	1131
23261760	26794236	0	0	0	0	31	0	0	1132
26724124	34487641	0	0	0	0	88	0	0	1133
26706159	30513616	0	0	0	0	48	0	0	1134
26667162	36511909	0	0	0	0	65	0	0	1136
26618951	26621092	0	0	0	0	66	0	0	1137
26574054	26574670	0	0	0	0	163	0	0	1138
42749447	42793833	0	0	0	0	869	0	0	1139
58298622	58355299	0	0	0	0	53	0	0	114
26394927	26396047	0	0	0	0	54	0	0	1140
11365857	27205610	0	0	0	0	71	0	0	1141
26354768	26359909	0	0	0	0	1	0	0	1142
23678494	26332489	0	0	0	0	597	0	0	1143
12075037	44167480	0	0	0	0	60	0	0	1144
26112990	26249385	0	0	0	0	34	0	0	1145
9319597	32406216	0	0	0	0	13	0	0	1147
31613119	34491446	0	0	0	0	1	0	0	1148
24040280	26154260	0	0	0	0	37	0	0	1149
57427059	58343088	0	0	0	0	62	0	0	115
26145967	26159529	0	0	0	0	60	0	0	1150
14926672	0	0	0	0	0	8582	0	0	1151
12468574	26025430	0	0	0	0	56	0	0	1152
26003574	57123813	0	0	0	0	109	0	0	1153
25960517	0	0	0	0	0	5775	0	0	1155
25876755	0	0	0	0	0	56178	0	0	1157
25727473	25762371	0	0	0	0	635	0	0	1158
25565817	25742400	0	0	0	0	140	0	0	1159
47719961	58295133	0	0	0	0	27	0	0	116
25697358	0	0	0	0	0	9	0	0	1160
25640114	36779537	0	0	0	0	67	0	0	1161
25516365	0	0	0	0	0	2989	0	0	1162
7721262	55186549	0	0	0	0	292	0	0	1163
11846295	43696806	0	0	0	0	1273	0	0	1164
25466013	25474682	0	0	0	0	22	0	0	1165
25145982	55710990	0	0	0	0	27	0	0	1168
29170099	0	0	0	0	0	56178	0	0	1169
58250126	58250531	0	0	0	0	3	0	0	117
25245076	25276758	0	0	0	0	6	0	0	1170
34731975	49452857	0	0	0	0	112	0	0	1171
25178452	0	0	0	0	0	13082	0	0	1172
12647774	25171210	0	0	0	0	6566	0	0	1173
24940246	25273767	0	0	0	0	79	0	0	1174
25109672	25547152	0	0	0	0	15	0	0	1175
25102617	0	0	0	0	0	22951	0	0	1176
25056597	25076293	0	0	0	0	72	0	0	1177
25020092	36671531	0	0	0	0	81	0	0	1178
24942366	24944151	0	0	0	0	28	0	0	1179
58188784	58194795	0	0	0	0	3	0	0	118
18093107	24953127	0	0	0	0	118	0	0	1180
24916945	0	0	0	0	0	20	0	0	1181
9378482	0	0	0	0	0	4189	0	0	1182
24701419	24810470	0	0	0	0	47	0	0	1183
24129772	24783826	0	0	0	0	74	0	0	1184
24767751	0	0	0	0	0	56178	0	0	1185
22086780	24759346	0	0	0	0	84	0	0	1186
24379743	24668240	0	0	0	0	36	0	0	1187
8251632	32798526	0	0	0	0	1	0	0	1188
23252231	24501245	0	0	0	0	2	0	0	1189
58176637	58194938	0	0	0	0	54	0	0	119
24467936	24473055	0	0	0	0	15	0	0	1190
24424928	24432291	0	0	0	0	59	0	0	1191
24356683	24873550	0	0	0	0	134	0	0	1192
11144551	17878048	0	0	0	0	4	0	0	1193
24305672	24308718	0	0	0	0	34	0	0	1194
30006822	0	0	0	0	0	191	0	0	1195
24242704	24257271	0	0	0	0	74	0	0	1196
18647777	24231827	0	0	0	0	94	0	0	1197
24195562	24207457	0	0	0	0	34	0	0	1198
24195255	24197181	0	0	0	0	86	0	0	1199
61702762	0	0	0	0	0	56178	0	0	12
58148340	58164989	0	0	0	0	77	0	0	120
24157990	24162675	0	0	0	0	35	0	0	1200
24135157	0	0	0	0	0	570	0	0	1201
24033733	24039621	0	0	0	0	110	0	0	1202
23961022	23969411	0	0	0	0	5741	0	0	1203
23875757	0	0	0	0	0	12242	0	0	1204
23861047	25994307	0	0	0	0	1807	0	0	1205
10404224	0	0	0	0	0	4189	0	0	1207
23840523	0	0	0	0	0	56178	0	0	1208
23836169	0	0	0	0	0	56178	0	0	1209
58159645	0	0	0	0	0	884	0	0	121
23436577	23833294	0	0	0	0	99	0	0	1210
16289182	33887083	0	0	0	0	100	0	0	1212
23729980	23739359	0	0	0	0	98	0	0	1213
8732461	0	0	0	0	0	1759	0	0	1214
22945651	59079147	0	0	0	0	6583	0	0	1215
23618813	23637902	0	0	0	0	1	0	0	1216
8203818	0	0	0	0	0	25123	0	0	1217
16284766	0	0	0	0	0	2062	0	0	1218
23483421	23493873	0	0	0	0	58	0	0	1219
58131498	58132035	0	0	0	0	38	0	0	122
22287498	0	0	0	0	0	33991	0	0	1220
13189467	0	0	0	0	0	163	0	0	1221
21185336	23444693	0	0	0	0	2	0	0	1222
26291988	31721023	0	0	0	0	3638	0	0	1223
23327746	23329178	0	0	0	0	88	0	0	1224
23307653	23309515	0	0	0	0	2215	0	0	1225
19920281	29992066	0	0	0	0	76	0	0	1226
23155365	23165452	0	0	0	0	71	0	0	1227
58020350	58026182	0	0	0	0	94	0	0	123
23077125	0	0	0	0	0	56178	0	0	1232
29980426	0	0	0	0	0	3698	0	0	1238
58021216	58083701	0	0	0	0	11	0	0	124
18171246	0	0	0	0	0	4918	0	0	1241
44200195	51552203	0	0	0	0	286	0	0	1242
29241492	0	0	0	0	0	79	0	0	1243
23017552	23035841	0	0	0	0	4541	0	0	1244
4559175	0	0	0	0	0	56178	0	0	1245
23026145	0	0	0	0	0	20222	0	0	1246
19936432	22944707	0	0	0	0	1701	0	0	1247
22920381	0	0	0	0	0	12242	0	0	1248
22893028	22893290	0	0	0	0	112	0	0	1249
57935571	0	0	0	0	0	1969	0	0	125
22863771	0	0	0	0	0	5296	0	0	1250
22803814	0	0	0	0	0	1746	0	0	1251
22736107	22868923	0	0	0	0	139	0	0	1252
12362857	0	0	0	0	0	4513	0	0	1253
22661397	22788870	0	0	0	0	543	0	0	1254
8843700	32499520	0	0	0	0	68	0	0	1255
22558887	31416347	0	0	0	0	99	0	0	1256
11672050	0	0	0	0	0	1	0	0	1257
22492219	22510100	0	0	0	0	76	0	0	1258
22480052	34623780	0	0	0	0	101	0	0	1260
11134812	42481827	0	0	0	0	1	0	0	1261
22380926	22453482	0	0	0	0	2	0	0	1262
16390221	31432176	0	0	0	0	83	0	0	1263
16626462	29696172	0	0	0	0	2632	0	0	1265
21895585	0	0	0	0	0	69	0	0	1266
19885381	33103203	0	0	0	0	183	0	0	1269
57937662	57946786	0	0	0	0	588	0	0	127
28748046	28761809	0	0	0	0	115	0	0	1271
14983805	29100911	0	0	0	0	96	0	0	1272
2858014	45460273	0	0	0	0	1	0	0	1273
22218640	58383926	0	0	0	0	57	0	0	1274
22182442	26336180	0	0	0	0	190	0	0	1275
22177756	0	0	0	0	0	1369	0	0	1276
22116489	0	0	0	0	0	31425	0	0	1277
22133577	0	0	0	0	0	56178	0	0	1278
21987834	37619534	0	0	0	0	105	0	0	1279
57914461	57962514	0	0	0	0	106	0	0	128
22003683	0	0	0	0	0	184	0	0	1280
18287981	25069798	0	0	0	0	1763	0	0	1281
21917358	21923028	0	0	0	0	121	0	0	1282
12464396	24907018	0	0	0	0	108	0	0	1283
21760298	21764361	0	0	0	0	10	0	0	1284
21748852	0	0	0	0	0	35175	0	0	1286
21716567	21748598	0	0	0	0	120	0	0	1287
20671888	21667581	0	0	0	0	1	0	0	1288
49346939	0	0	0	0	0	739	0	0	129
21630406	21663007	0	0	0	0	2260	0	0	1291
18511249	21618556	0	0	0	0	2108	0	0	1292
16880627	21613467	0	0	0	0	205	0	0	1293
7963393	27153974	0	0	0	0	579	0	0	1294
21596906	0	0	0	0	0	33601	0	0	1295
21502181	0	0	0	0	0	1	0	0	1296
61192872	0	0	0	0	0	229	0	0	13
57875654	59307289	0	0	0	0	489	0	0	130
21435339	21477525	0	0	0	0	144	0	0	1302
21295936	21644848	0	0	0	0	201	0	0	1303
39632751	41743949	0	0	0	0	1562	0	0	1304
17595796	0	0	0	0	0	246	0	0	1305
21273691	21274527	0	0	0	0	129	0	0	1306
1395577	5182238	0	0	0	0	130	0	0	1307
20670892	21041499	0	0	0	0	56	0	0	1308
19791917	20971453	0	0	0	0	558	0	0	1309
57867429	57870092	0	0	0	0	6	0	0	131
20941744	20950880	0	0	0	0	12975	0	0	1310
17766989	20915114	0	0	0	0	99	0	0	1311
14490071	0	0	0	0	0	33601	0	0	1312
20749444	0	0	0	0	0	6368	0	0	1314
20679635	20682542	0	0	0	0	41857	0	0	1315
18355686	20602751	0	0	0	0	14	0	0	1316
44616530	52554822	0	0	0	0	169	0	0	1317
9071020	20562177	0	0	0	0	2	0	0	1318
20518376	20527711	0	0	0	0	1612	0	0	1319
57820798	57864965	0	0	0	0	67	0	0	132
19470426	35020810	0	0	0	0	258	0	0	1321
15875786	29790915	0	0	0	0	75	0	0	1322
15059093	25007324	0	0	0	0	124	0	0	1323
13942202	0	0	0	0	0	700	0	0	1324
14645363	38686427	0	0	0	0	338	0	0	1325
10802806	0	0	0	0	0	1341	0	0	1326
20290069	20291599	0	0	0	0	95	0	0	1327
5671719	0	0	0	0	0	56178	0	0	1328
20238175	0	0	0	0	0	208	0	0	1329
47720329	59808375	0	0	0	0	1008	0	0	133
20201070	37736782	0	0	0	0	186	0	0	1330
15403903	25315309	0	0	0	0	169	0	0	1331
17808575	0	0	0	0	0	534	0	0	1332
19851655	0	0	0	0	0	4631	0	0	1333
6967664	27611438	0	0	0	0	165	0	0	1334
20039335	20076511	0	0	0	0	137	0	0	1335
27114926	0	0	0	0	0	12776	0	0	1337
16111242	19894471	0	0	0	0	123	0	0	1338
19787909	19792110	0	0	0	0	131	0	0	1339
57759059	57779014	0	0	0	0	157	0	0	134
19686892	25936484	0	0	0	0	1355	0	0	1340
19716535	19735509	0	0	0	0	5421	0	0	1341
29125019	30765866	0	0	0	0	142	0	0	1342
27677283	30468455	0	0	0	0	140	0	0	1343
6886416	19507919	0	0	0	0	135	0	0	1344
15502263	19410781	0	0	0	0	297	0	0	1345
18473382	19330546	0	0	0	0	3	0	0	1346
12392404	0	0	0	0	0	240	0	0	1347
19253820	0	0	0	0	0	18	0	0	1348
19284824	19326234	0	0	0	0	321	0	0	1349
57601875	57798411	0	0	0	0	3	0	0	135
19196923	33359284	0	0	0	0	72	0	0	1350
33501032	0	0	0	0	0	5775	0	0	1353
12806128	19014531	0	0	0	0	412	0	0	1354
19009308	0	0	0	0	0	56178	0	0	1355
18881073	28576729	0	0	0	0	459	0	0	1356
18821862	0	0	0	0	0	56178	0	0	1357
16838613	18789330	0	0	0	0	647	0	0	1358
18694281	0	0	0	0	0	437	0	0	1359
57547769	57680924	0	0	0	0	140	0	0	136
18720036	0	0	0	0	0	496	0	0	1360
18706182	18726155	0	0	0	0	210	0	0	1361
17266780	49124254	0	0	0	0	4	0	0	1362
11693599	42112654	0	0	0	0	141	0	0	1364
3611314	0	0	0	0	0	3685	0	0	1365
18396525	18397245	0	0	0	0	148	0	0	1366
18349053	0	0	0	0	0	56178	0	0	1367
24070714	0	0	0	0	0	33382	0	0	1368
57253488	57672160	0	0	0	0	367	0	0	137
40385321	0	0	0	0	0	916	0	0	1370
13701347	61969752	0	0	0	0	6	0	0	1371
9617629	27676179	0	0	0	0	143	0	0	1372
18110397	0	0	0	0	0	4402	0	0	1373
18067519	0	0	0	0	0	56178	0	0	1375
18028920	18033568	0	0	0	0	11	0	0	1376
18018097	18083363	0	0	0	0	2	0	0	1377
4765256	17879766	0	0	0	0	770	0	0	1378
17178831	36373630	0	0	0	0	1648	0	0	1379
52532428	57655036	0	0	0	0	36523	0	0	138
21729415	51158486	0	0	0	0	97	0	0	1380
17778543	42701409	0	0	0	0	4225	0	0	1381
17761858	0	0	0	0	0	347	0	0	1382
17750893	0	0	0	0	0	4066	0	0	1383
17718842	17719480	0	0	0	0	149	0	0	1384
12038160	31412724	0	0	0	0	79	0	0	1385
17631895	17657920	0	0	0	0	145	0	0	1386
17569309	0	0	0	0	0	117	0	0	1387
57657901	0	0	0	0	0	67	0	0	139
7355187	12307139	0	0	0	0	133	0	0	1392
17389533	24430053	0	0	0	0	24077	0	0	1393
17385801	17393108	0	0	0	0	136	0	0	1394
11070101	26562926	0	0	0	0	714	0	0	1395
17306695	17329288	0	0	0	0	2	0	0	1396
12609816	17218305	0	0	0	0	12326	0	0	1397
20592886	20880558	0	0	0	0	16	0	0	1398
61602871	0	0	0	0	0	271	0	0	14
57647120	0	0	0	0	0	560	0	0	140
17222942	17288379	0	0	0	0	1	0	0	1400
17222981	0	0	0	0	0	31	0	0	1401
15486551	17151024	0	0	0	0	151	0	0	1402
17121390	17127645	0	0	0	0	12	0	0	1405
29062766	31458051	0	0	0	0	209	0	0	1407
39137287	39164688	0	0	0	0	154	0	0	1408
17107206	0	0	0	0	0	3	0	0	1409
57609922	57610899	0	0	0	0	64	0	0	141
14041601	17061016	0	0	0	0	83	0	0	1410
16963137	34814478	0	0	0	0	156	0	0	1411
16902902	0	0	0	0	0	4029	0	0	1412
12417454	16798605	0	0	0	0	1	0	0	1413
16705468	16706578	0	0	0	0	202	0	0	1414
15591880	16694587	0	0	0	0	206	0	0	1415
57529808	57577735	0	0	0	0	469	0	0	142
24331730	0	0	0	0	0	56178	0	0	1423
11561856	0	0	0	0	0	22593	0	0	1424
5745886	0	0	0	0	0	126	0	0	1425
16475081	16559250	0	0	0	0	230	0	0	1426
15913417	16542994	0	0	0	0	165	0	0	1427
16512371	0	0	0	0	0	6506	0	0	1428
3685285	29262916	0	0	0	0	158	0	0	1429
57356463	57571196	0	0	0	0	2732	0	0	143
15860071	23543825	0	0	0	0	1	0	0	1430
16474179	0	0	0	0	0	10814	0	0	1431
16253789	0	0	0	0	0	844	0	0	1432
6132332	16310387	0	0	0	0	686	0	0	1437
26477679	26491934	0	0	0	0	1177	0	0	1438
16255579	34797443	0	0	0	0	161	0	0	1439
39484118	58028528	0	0	0	0	17999	0	0	144
16221742	16239153	0	0	0	0	170	0	0	1440
16200667	0	0	0	0	0	56178	0	0	1441
1429476	0	0	0	0	0	4218	0	0	1443
16132625	16152161	0	0	0	0	171	0	0	1444
14875493	16115102	0	0	0	0	40	0	0	1446
10535235	47006881	0	0	0	0	6	0	0	1447
16070405	16072487	0	0	0	0	9	0	0	1448
14604820	15996692	0	0	0	0	172	0	0	1449
15960352	0	0	0	0	0	6169	0	0	1450
10807804	0	0	0	0	0	560	0	0	1452
15853204	45372987	0	0	0	0	136	0	0	1453
15816532	0	0	0	0	0	176	0	0	1454
15660954	15730793	0	0	0	0	69	0	0	1455
15673550	21605401	0	0	0	0	50	0	0	1456
15670799	15671568	0	0	0	0	23	0	0	1457
15647282	17222380	0	0	0	0	226	0	0	1458
9023256	14058832	0	0	0	0	714	0	0	1459
57430411	57465187	0	0	0	0	178	0	0	146
15591704	15593537	0	0	0	0	1	0	0	1460
5352099	0	0	0	0	0	885	0	0	1461
15421130	23792137	0	0	0	0	25	0	0	1462
14975638	15489065	0	0	0	0	3	0	0	1463
5225823	0	0	0	0	0	56178	0	0	1464
14899197	15475832	0	0	0	0	33	0	0	1465
15431924	15447622	0	0	0	0	190	0	0	1466
15267018	15298359	0	0	0	0	2	0	0	1467
15258954	16626168	0	0	0	0	746	0	0	1468
9968976	18598953	0	0	0	0	168	0	0	1469
57385749	57447378	0	0	0	0	188	0	0	147
11940605	28094645	0	0	0	0	189	0	0	1470
18487369	51901813	0	0	0	0	1571	0	0	1471
11056625	15141952	0	0	0	0	226	0	0	1472
15112440	30806577	0	0	0	0	289	0	0	1473
15097497	15147336	0	0	0	0	101	0	0	1474
15046111	15069078	0	0	0	0	139	0	0	1475
14800161	0	0	0	0	0	2016	0	0	1476
15044342	0	0	0	0	0	22503	0	0	1477
15039039	36297815	0	0	0	0	37	0	0	1478
19014360	22605238	0	0	0	0	14	0	0	1479
57438355	57442652	0	0	0	0	22763	0	0	148
11738844	0	0	0	0	0	56178	0	0	1480
14983347	14994084	0	0	0	0	241	0	0	1481
14964457	14968103	0	0	0	0	114	0	0	1482
14237467	15073114	0	0	0	0	1	0	0	1483
14883925	14884346	0	0	0	0	177	0	0	1484
9863604	30266732	0	0	0	0	173	0	0	1485
14871818	14874909	0	0	0	0	129	0	0	1486
10498477	0	0	0	0	0	1536	0	0	1487
14827853	14870400	0	0	0	0	227	0	0	1488
2643939	15968494	0	0	0	0	934	0	0	1489
57363854	0	0	0	0	0	3616	0	0	149
6022898	14771546	0	0	0	0	2191	0	0	1490
8081931	32120291	0	0	0	0	22	0	0	1492
9422945	20150234	0	0	0	0	183	0	0	1493
13703344	14687326	0	0	0	0	36	0	0	1494
14680075	31897329	0	0	0	0	177	0	0	1495
14647988	35904363	0	0	0	0	2311	0	0	1496
14671609	14672171	0	0	0	0	4	0	0	1497
2894775	0	0	0	0	0	22670	0	0	1498
61583902	61584580	0	0	0	0	185	0	0	15
57334741	0	0	0	0	0	56178	0	0	150
8852406	14612190	0	0	0	0	186	0	0	1500
12723182	14501305	0	0	0	0	1335	0	0	1501
14366406	0	0	0	0	0	56178	0	0	1502
14124373	14358526	0	0	0	0	6715	0	0	1504
5713713	23679925	0	0	0	0	181	0	0	1505
2824965	0	0	0	0	0	711	0	0	1506
8899096	0	0	0	0	0	1562	0	0	1507
13773770	0	0	0	0	0	5558	0	0	1508
10566473	0	0	0	0	0	56178	0	0	1509
49435632	57349958	0	0	0	0	1	0	0	151
8708048	39393514	0	0	0	0	1	0	0	1511
11366964	50883294	0	0	0	0	2199	0	0	1514
12675147	0	0	0	0	0	52337	0	0	1515
57191083	57298332	0	0	0	0	33862	0	0	152
11950703	13984470	0	0	0	0	256	0	0	1521
13912387	0	0	0	0	0	22503	0	0	1522
13871818	0	0	0	0	0	56178	0	0	1523
12112558	0	0	0	0	0	59	0	0	1524
13706188	0	0	0	0	0	56178	0	0	1525
12546365	0	0	0	0	0	6385	0	0	1527
6986657	13594968	0	0	0	0	23103	0	0	1528
13550501	0	0	0	0	0	56178	0	0	1529
57031898	57294988	0	0	0	0	1	0	0	153
13407236	13457562	0	0	0	0	186	0	0	1530
3650862	32637159	0	0	0	0	3	0	0	1531
17691036	33813972	0	0	0	0	2	0	0	1532
6329962	17240536	0	0	0	0	2	0	0	1533
8896820	14099218	0	0	0	0	3	0	0	1535
8751497	0	0	0	0	0	182	0	0	1536
10706753	43216262	0	0	0	0	188	0	0	1537
13176741	0	0	0	0	0	22503	0	0	1538
13132111	0	0	0	0	0	56178	0	0	1539
57220792	57226542	0	0	0	0	26514	0	0	154
13106645	0	0	0	0	0	11010	0	0	1540
13063273	0	0	0	0	0	1145	0	0	1541
13023274	0	0	0	0	0	56178	0	0	1542
12975794	12976569	0	0	0	0	199	0	0	1543
7492274	0	0	0	0	0	34727	0	0	1544
36668078	36676878	0	0	0	0	490	0	0	1545
12786335	0	0	0	0	0	10103	0	0	1546
11751047	12894306	0	0	0	0	193	0	0	1547
12829995	12831524	0	0	0	0	260	0	0	1548
12766253	0	0	0	0	0	12242	0	0	1549
57032447	57209060	0	0	0	0	195	0	0	155
10689055	52844649	0	0	0	0	176	0	0	1550
12584704	12599684	0	0	0	0	1	0	0	1551
10303241	12582793	0	0	0	0	256	0	0	1552
12416880	12523548	0	0	0	0	204	0	0	1553
7960798	34091811	0	0	0	0	220	0	0	1556
12125364	49781741	0	0	0	0	265	0	0	1557
12362866	12385103	0	0	0	0	22768	0	0	1558
8197559	25211078	0	0	0	0	199	0	0	1559
49827119	57281786	0	0	0	0	53	0	0	156
9508747	0	0	0	0	0	56178	0	0	1561
6902087	0	0	0	0	0	10103	0	0	1562
3094232	0	0	0	0	0	668	0	0	1563
12100856	12709933	0	0	0	0	700	0	0	1564
12019638	12023403	0	0	0	0	118	0	0	1566
12018499	33079500	0	0	0	0	266	0	0	1567
7425100	11954734	0	0	0	0	1737	0	0	1568
57110805	57160711	0	0	0	0	14	0	0	157
11676476	12139934	0	0	0	0	4975	0	0	1570
11851240	11892241	0	0	0	0	2704	0	0	1571
10438969	0	0	0	0	0	37167	0	0	1573
11668904	37998364	0	0	0	0	373	0	0	1574
11650996	11669945	0	0	0	0	195	0	0	1575
2247045	0	0	0	0	0	446	0	0	1578
11301738	11606441	0	0	0	0	203	0	0	1579
57024793	58739159	0	0	0	0	1	0	0	158
3642535	11486369	0	0	0	0	2831	0	0	1581
3932038	42707308	0	0	0	0	2612	0	0	1582
10035551	11393123	0	0	0	0	207	0	0	1583
11394091	0	0	0	0	0	6246	0	0	1584
12925063	0	0	0	0	0	22754	0	0	1585
9096671	11353287	0	0	0	0	6703	0	0	1586
11254452	11288900	0	0	0	0	161	0	0	1587
11280277	30894636	0	0	0	0	125	0	0	1588
10306831	59741003	0	0	0	0	859	0	0	1589
57101282	57293986	0	0	0	0	1087	0	0	159
9220849	20849641	0	0	0	0	5	0	0	1590
10675360	0	0	0	0	0	270	0	0	1591
3835714	0	0	0	0	0	130	0	0	1592
17368223	17655648	0	0	0	0	212	0	0	1596
10646665	10943695	0	0	0	0	16715	0	0	1597
5415132	40391272	0	0	0	0	213	0	0	1598
10939516	0	0	0	0	0	274	0	0	1599
53697235	61446108	0	0	0	0	215	0	0	16
57029872	0	0	0	0	0	103	0	0	160
10806404	0	0	0	0	0	33601	0	0	1600
8889554	0	0	0	0	0	162	0	0	1601
7726034	15383057	0	0	0	0	236	0	0	1602
10892803	10908553	0	0	0	0	224	0	0	1603
9527802	0	0	0	0	0	56178	0	0	1604
10859858	10861278	0	0	0	0	387	0	0	1605
10826357	10851976	0	0	0	0	138	0	0	1606
10840741	0	0	0	0	0	819	0	0	1607
2564258	19038396	0	0	0	0	6740	0	0	1608
24590154	42562128	0	0	0	0	665	0	0	1609
56981960	56990956	0	0	0	0	24084	0	0	161
2409317	10770698	0	0	0	0	6719	0	0	1610
10762287	46639120	0	0	0	0	226	0	0	1611
9317923	10740100	0	0	0	0	1	0	0	1612
10662314	0	0	0	0	0	1691	0	0	1613
10661295	0	0	0	0	0	27086	0	0	1615
10620862	47021117	0	0	0	0	229	0	0	1616
10305614	10572878	0	0	0	0	230	0	0	1617
5320814	10562078	0	0	0	0	1578	0	0	1618
7019912	0	0	0	0	0	270	0	0	1619
41701807	56804019	0	0	0	0	1074	0	0	162
9867225	0	0	0	0	0	56178	0	0	1620
10532192	0	0	0	0	0	33985	0	0	1621
10431403	0	0	0	0	0	673	0	0	1623
10411871	0	0	0	0	0	1656	0	0	1624
10368180	16028659	0	0	0	0	233	0	0	1625
3483203	15720545	0	0	0	0	489	0	0	1627
56960608	56972840	0	0	0	0	390	0	0	163
3699405	0	0	0	0	0	4029	0	0	1630
9895811	0	0	0	0	0	3959	0	0	1631
24536154	27125672	0	0	0	0	102	0	0	1632
8998884	0	0	0	0	0	56178	0	0	1633
7943695	0	0	0	0	0	56178	0	0	1634
10049602	10055602	0	0	0	0	139	0	0	1635
10032052	0	0	0	0	0	270	0	0	1636
5587676	0	0	0	0	0	56178	0	0	1637
10004847	11028353	0	0	0	0	239	0	0	1638
3796266	0	0	0	0	0	56178	0	0	1639
56863566	56927812	0	0	0	0	3133	0	0	164
7680959	11261399	0	0	0	0	97	0	0	1640
9965747	9968578	0	0	0	0	16	0	0	1641
15034471	15042418	0	0	0	0	2	0	0	1642
9915824	20768286	0	0	0	0	242	0	0	1643
39005958	51707582	0	0	0	0	221	0	0	1646
9862519	0	0	0	0	0	56178	0	0	1647
9851655	0	0	0	0	0	56178	0	0	1648
9829424	9840509	0	0	0	0	166	0	0	1649
12362176	0	0	0	0	0	22503	0	0	165
9558040	13219387	0	0	0	0	1126	0	0	1650
9661469	9669411	0	0	0	0	245	0	0	1651
8273313	18492844	0	0	0	0	279	0	0	1652
7885147	34008486	0	0	0	0	256	0	0	1653
9465817	0	0	0	0	0	3685	0	0	1654
3606697	61531149	0	0	0	0	6738	0	0	1655
11214012	27028825	0	0	0	0	245	0	0	1656
9505495	10526005	0	0	0	0	246	0	0	1657
7854433	0	0	0	0	0	1053	0	0	1658
9449184	0	0	0	0	0	2799	0	0	1659
56761115	56832079	0	0	0	0	44	0	0	166
9184969	10112587	0	0	0	0	247	0	0	1660
4427234	9277363	0	0	0	0	254	0	0	1661
2231993	0	0	0	0	0	44	0	0	1662
17638090	0	0	0	0	0	1359	0	0	1663
9171036	0	0	0	0	0	6424	0	0	1664
9035674	14547069	0	0	0	0	3	0	0	1665
9060569	0	0	0	0	0	821	0	0	1666
9060457	29948585	0	0	0	0	20	0	0	1667
9058728	9059726	0	0	0	0	1035	0	0	1668
8935523	8947483	0	0	0	0	247	0	0	1669
56817353	0	0	0	0	0	39672	0	0	167
7368262	13642092	0	0	0	0	7	0	0	1670
8888516	0	0	0	0	0	793	0	0	1671
6258004	0	0	0	0	0	544	0	0	1672
4227223	4512465	0	0	0	0	116	0	0	1673
8761857	0	0	0	0	0	124	0	0	1674
8743556	0	0	0	0	0	5739	0	0	1675
8153594	0	0	0	0	0	1820	0	0	1676
8637993	0	0	0	0	0	56178	0	0	1677
8539303	8540143	0	0	0	0	262	0	0	1678
8499378	15273148	0	0	0	0	253	0	0	1679
56770222	56776207	0	0	0	0	7	0	0	168
8400901	0	0	0	0	0	2016	0	0	1680
8389913	8390943	0	0	0	0	264	0	0	1681
1400937	8321081	0	0	0	0	230	0	0	1682
8204972	0	0	0	0	0	1155	0	0	1683
8260808	0	0	0	0	0	56178	0	0	1684
6644997	18994631	0	0	0	0	1731	0	0	1685
2436688	17046336	0	0	0	0	1	0	0	1686
8161836	0	0	0	0	0	26863	0	0	1687
8055508	24192428	0	0	0	0	4	0	0	1688
7235657	52382298	0	0	0	0	26299	0	0	1689
56708929	56710379	0	0	0	0	8	0	0	169
2535234	0	0	0	0	0	1815	0	0	1690
13281303	0	0	0	0	0	6706	0	0	1692
8096313	0	0	0	0	0	2299	0	0	1694
8023315	0	0	0	0	0	56178	0	0	1695
6558921	6933598	0	0	0	0	70	0	0	1697
61493218	61514348	0	0	0	0	203	0	0	17
56736475	56768930	0	0	0	0	269	0	0	170
2547402	0	0	0	0	0	4380	0	0	1701
7901925	7903972	0	0	0	0	299	0	0	1702
7883154	17959817	0	0	0	0	260	0	0	1703
7864931	0	0	0	0	0	429	0	0	1704
16846380	43211628	0	0	0	0	271	0	0	1705
56615319	56720250	0	0	0	0	365	0	0	171
7666807	0	0	0	0	0	56178	0	0	1711
14784302	0	0	0	0	0	1088	0	0	1712
7611169	15624656	0	0	0	0	43	0	0	1713
7473067	7486450	0	0	0	0	132	0	0	1714
2765374	0	0	0	0	0	4189	0	0	1715
7451354	0	0	0	0	0	56178	0	0	1716
34693989	0	0	0	0	0	2397	0	0	1718
13137912	28301188	0	0	0	0	3370	0	0	1719
56705711	56717677	0	0	0	0	4	0	0	172
7326865	0	0	0	0	0	56178	0	0	1721
5913006	7280421	0	0	0	0	7	0	0	1723
7169202	7756604	0	0	0	0	117	0	0	1724
3311940	25232624	0	0	0	0	96	0	0	1725
56702965	56704121	0	0	0	0	280	0	0	173
1815606	3452086	0	0	0	0	1127	0	0	1735
7549694	61266084	0	0	0	0	2133	0	0	1738
12409960	17492230	0	0	0	0	531	0	0	1739
56659665	0	0	0	0	0	1896	0	0	174
5453336	0	0	0	0	0	56178	0	0	1740
10525957	10536396	0	0	0	0	269	0	0	1741
6675066	59181206	0	0	0	0	290	0	0	1743
7004710	0	0	0	0	0	2764	0	0	1744
7001799	35633239	0	0	0	0	272	0	0	1746
6979917	17548385	0	0	0	0	211	0	0	1747
6901238	0	0	0	0	0	398	0	0	1748
56629367	56634463	0	0	0	0	22693	0	0	175
27637455	36133374	0	0	0	0	394	0	0	1751
9917049	34496000	0	0	0	0	275	0	0	1752
3744178	7299440	0	0	0	0	276	0	0	1753
6592214	6593587	0	0	0	0	410	0	0	1754
6550510	0	0	0	0	0	56178	0	0	1756
1195826	0	0	0	0	0	23293	0	0	1757
5916854	6325908	0	0	0	0	286	0	0	1758
56597412	56598005	0	0	0	0	382	0	0	176
47941228	47942864	0	0	0	0	23	0	0	1762
3727822	0	0	0	0	0	67	0	0	1763
3209761	3551955	0	0	0	0	287	0	0	1764
1828206	0	0	0	0	0	1626	0	0	1765
22569176	57457590	0	0	0	0	347	0	0	1766
56570680	56582808	0	0	0	0	1	0	0	177
56530842	56532527	0	0	0	0	20	0	0	178
3099219	26727741	0	0	0	0	302	0	0	1781
26917689	40837588	0	0	0	0	465	0	0	1782
1249548	5226807	0	0	0	0	776	0	0	1784
3864535	11724311	0	0	0	0	286	0	0	1786
18406991	20432635	0	0	0	0	287	0	0	1788
56503342	56515650	0	0	0	0	390	0	0	179
11020437	28890227	0	0	0	0	289	0	0	1792
6123378	0	0	0	0	0	3429	0	0	1793
1848331	0	0	0	0	0	97	0	0	1794
12040245	31458536	0	0	0	0	290	0	0	1796
6085238	51892875	0	0	0	0	292	0	0	1797
6025051	0	0	0	0	0	56178	0	0	1798
6007883	0	0	0	0	0	3515	0	0	1799
61417517	61467044	0	0	0	0	68	0	0	18
56484967	56496925	0	0	0	0	136	0	0	180
5980240	0	0	0	0	0	25357	0	0	1800
5831794	0	0	0	0	0	56178	0	0	1802
1567718	0	0	0	0	0	5936	0	0	1803
5251507	0	0	0	0	0	25190	0	0	1804
5749252	5761576	0	0	0	0	73	0	0	1805
5665599	31926022	0	0	0	0	300	0	0	1806
56490797	56491759	0	0	0	0	32	0	0	181
2126108	0	0	0	0	0	4189	0	0	1812
5161055	5581023	0	0	0	0	301	0	0	1813
9198637	13294952	0	0	0	0	295	0	0	1815
8091303	0	0	0	0	0	35458	0	0	1816
4347634	44278665	0	0	0	0	260	0	0	1818
32640551	0	0	0	0	0	19696	0	0	182
5461196	5465314	0	0	0	0	133	0	0	1821
4167529	5333280	0	0	0	0	52	0	0	1822
28159143	28807266	0	0	0	0	6382	0	0	1824
15059076	0	0	0	0	0	22503	0	0	1825
28751023	33314971	0	0	0	0	480	0	0	1826
4785933	5223113	0	0	0	0	3305	0	0	1827
5208679	54756565	0	0	0	0	319	0	0	1828
4959018	0	0	0	0	0	289	0	0	1829
56417685	56437215	0	0	0	0	761	0	0	183
5106782	34097133	0	0	0	0	300	0	0	1831
5027480	5030389	0	0	0	0	2763	0	0	1832
4951286	0	0	0	0	0	523	0	0	1833
4996090	0	0	0	0	0	11	0	0	1834
3903157	0	0	0	0	0	56178	0	0	1835
3082716	0	0	0	0	0	633	0	0	1836
20600900	20622332	0	0	0	0	303	0	0	1837
4654181	4687879	0	0	0	0	311	0	0	1838
3369025	0	0	0	0	0	23919	0	0	1839
56366734	0	0	0	0	0	3616	0	0	184
2227734	9508518	0	0	0	0	2	0	0	1841
6216968	0	0	0	0	0	56178	0	0	1842
11175414	12670162	0	0	0	0	314	0	0	1844
9871106	9874512	0	0	0	0	35154	0	0	1845
3443687	0	0	0	0	0	1232	0	0	1847
3681647	12252750	0	0	0	0	306	0	0	1848
3440373	0	0	0	0	0	612	0	0	1849
51964208	56375203	0	0	0	0	3	0	0	185
1535021	0	0	0	0	0	191	0	0	1850
28889057	29658627	0	0	0	0	339	0	0	1853
11433432	0	0	0	0	0	4715	0	0	1854
43223579	52334647	0	0	0	0	475	0	0	1855
3348522	3356923	0	0	0	0	160	0	0	1856
56345077	56346524	0	0	0	0	720	0	0	186
3261597	10058839	0	0	0	0	1520	0	0	1861
3302356	0	0	0	0	0	24677	0	0	1862
4126326	26273892	0	0	0	0	659	0	0	1863
3505701	11562656	0	0	0	0	4578	0	0	1866
3190087	17279027	0	0	0	0	309	0	0	1867
3114043	3119037	0	0	0	0	279	0	0	1868
11275187	11300048	0	0	0	0	10540	0	0	1869
56329435	56331202	0	0	0	0	5604	0	0	187
2899581	5510966	0	0	0	0	323	0	0	1871
2893005	3472980	0	0	0	0	696	0	0	1872
11163400	13297155	0	0	0	0	179	0	0	1874
11979017	25292524	0	0	0	0	315	0	0	1875
22386555	56322590	0	0	0	0	1	0	0	188
5293715	15297814	0	0	0	0	1114	0	0	1882
5963269	0	0	0	0	0	191	0	0	1884
2732397	0	0	0	0	0	1057	0	0	1885
1401904	0	0	0	0	0	2315	0	0	1886
2589275	0	0	0	0	0	3830	0	0	1887
25137444	25143428	0	0	0	0	64	0	0	1888
24829027	0	0	0	0	0	22656	0	0	189
2286831	2295389	0	0	0	0	438	0	0	1890
1429907	5365974	0	0	0	0	1548	0	0	1891
1266279	0	0	0	0	0	2307	0	0	1894
7486386	0	0	0	0	0	331	0	0	1895
2193742	0	0	0	0	0	622	0	0	1897
1630724	0	0	0	0	0	2247	0	0	1899
61365720	61421335	0	0	0	0	1	0	0	19
45975959	56027198	0	0	0	0	23	0	0	190
37131569	43385119	0	0	0	0	13	0	0	1900
1245273	7828248	0	0	0	0	6	0	0	1901
56026040	0	0	0	0	0	56178	0	0	191
1882734	8507442	0	0	0	0	138	0	0	1911
4442518	0	0	0	0	0	524	0	0	1912
1299871	38066077	0	0	0	0	547	0	0	1916
52932440	52933667	0	0	0	0	335	0	0	1918
1169539	51857177	0	0	0	0	98	0	0	1919
55993404	55994667	0	0	0	0	101	0	0	192
1189759	0	0	0	0	0	194	0	0	1920
55853841	55970694	0	0	0	0	785	0	0	193
55961475	55962196	0	0	0	0	18	0	0	194
55891499	55944124	0	0	0	0	338	0	0	195
55675591	55676436	0	0	0	0	7	0	0	196
55754330	55813859	0	0	0	0	172	0	0	198
55721820	55724880	0	0	0	0	331	0	0	199
61967678	61991055	0	0	0	0	4399	0	0	2
61353320	61369850	0	0	0	0	5	0	0	20
47850921	51759893	0	0	0	0	5014	0	0	200
55686910	55688698	0	0	0	0	333	0	0	201
26720663	0	0	0	0	0	12242	0	0	203
55611370	55617539	0	0	0	0	99	0	0	204
55569337	55571484	0	0	0	0	345	0	0	205
55550126	56099758	0	0	0	0	80	0	0	206
55535021	55537032	0	0	0	0	347	0	0	207
55512219	55527619	0	0	0	0	1	0	0	208
55482534	0	0	0	0	0	56178	0	0	209
61327081	61381710	0	0	0	0	15	0	0	21
55485704	55498710	0	0	0	0	264	0	0	210
55284424	55345453	0	0	0	0	149	0	0	211
55252006	0	0	0	0	0	785	0	0	212
31746962	55201041	0	0	0	0	35945	0	0	213
55168485	55393013	0	0	0	0	766	0	0	214
54879274	55032275	0	0	0	0	1639	0	0	215
54943418	54950917	0	0	0	0	84	0	0	216
57563989	59233401	0	0	0	0	2335	0	0	217
54906090	54912421	0	0	0	0	29746	0	0	218
54831077	54835717	0	0	0	0	476	0	0	219
60847460	61249692	0	0	0	0	148	0	0	22
48067906	0	0	0	0	0	1924	0	0	220
54737221	0	0	0	0	0	56178	0	0	221
54582821	54752196	0	0	0	0	155	0	0	222
54701979	54737642	0	0	0	0	1394	0	0	223
54661129	54661698	0	0	0	0	350	0	0	225
34054287	54632339	0	0	0	0	529	0	0	226
54623575	54624083	0	0	0	0	1	0	0	227
38064175	49626679	0	0	0	0	267	0	0	228
53218422	54596743	0	0	0	0	353	0	0	229
61001940	61068264	0	0	0	0	354	0	0	23
54569448	54591376	0	0	0	0	283	0	0	230
54575231	54639133	0	0	0	0	173	0	0	231
54535966	54764144	0	0	0	0	2	0	0	232
54298621	0	0	0	0	0	1289	0	0	233
53212878	53223526	0	0	0	0	138	0	0	234
53855748	54426953	0	0	0	0	494	0	0	236
54336092	54347137	0	0	0	0	359	0	0	237
54238427	54307701	0	0	0	0	496	0	0	238
54132300	54291153	0	0	0	0	190	0	0	239
50048754	61046041	0	0	0	0	1	0	0	24
54215125	54254903	0	0	0	0	1267	0	0	240
54184027	54185678	0	0	0	0	11	0	0	241
54066057	54093675	0	0	0	0	102	0	0	242
53812108	54093075	0	0	0	0	16204	0	0	243
54033510	54089471	0	0	0	0	1	0	0	244
31838855	0	0	0	0	0	86	0	0	245
54000814	0	0	0	0	0	56178	0	0	246
53971364	0	0	0	0	0	1494	0	0	247
28543538	29728795	0	0	0	0	259	0	0	248
53799909	53952083	0	0	0	0	7601	0	0	249
55284306	0	0	0	0	0	307	0	0	25
53884353	55098961	0	0	0	0	350	0	0	250
53701824	53869307	0	0	0	0	2	0	0	251
53479557	53864892	0	0	0	0	244	0	0	252
53718871	53735407	0	0	0	0	1	0	0	253
53618077	53648755	0	0	0	0	339	0	0	254
52193105	53678412	0	0	0	0	161	0	0	255
38308134	53549442	0	0	0	0	268	0	0	256
22389993	53548994	0	0	0	0	12	0	0	257
61025542	61029739	0	0	0	0	129	0	0	26
50165443	53407004	0	0	0	0	578	0	0	260
53193940	53324971	0	0	0	0	14465	0	0	261
53292882	53302125	0	0	0	0	161	0	0	262
53266457	53284719	0	0	0	0	197	0	0	263
53235655	53239765	0	0	0	0	254	0	0	264
52874031	0	0	0	0	0	2530	0	0	265
52623722	53162821	0	0	0	0	13	0	0	266
53099087	53130611	0	0	0	0	110	0	0	267
53070606	53071578	0	0	0	0	171	0	0	268
53059075	53060304	0	0	0	0	485	0	0	269
61015431	61029336	0	0	0	0	3554	0	0	27
53053598	53059211	0	0	0	0	265	0	0	270
53033225	0	0	0	0	0	10103	0	0	271
52014985	0	0	0	0	0	18361	0	0	272
53931501	54038311	0	0	0	0	10	0	0	275
52706006	52876814	0	0	0	0	127	0	0	276
52864035	0	0	0	0	0	16425	0	0	277
52858332	0	0	0	0	0	18361	0	0	278
43194575	52846472	0	0	0	0	290	0	0	279
61010890	61024619	0	0	0	0	291	0	0	28
52840058	0	0	0	0	0	70	0	0	280
52803902	52814300	0	0	0	0	3	0	0	281
52687986	52777989	0	0	0	0	80	0	0	282
28383595	0	0	0	0	0	56178	0	0	283
51481913	52565472	0	0	0	0	35195	0	0	284
52708868	52710549	0	0	0	0	527	0	0	285
52702984	52706456	0	0	0	0	199	0	0	286
52675487	52682271	0	0	0	0	151	0	0	287
52650467	0	0	0	0	0	56178	0	0	288
52576686	52832970	0	0	0	0	66	0	0	289
59825843	0	0	0	0	0	4513	0	0	29
52558238	52652934	0	0	0	0	205	0	0	290
52543892	0	0	0	0	0	201	0	0	292
52521310	52533132	0	0	0	0	197	0	0	293
19877286	52491396	0	0	0	0	1810	0	0	294
49676982	52431959	0	0	0	0	8559	0	0	296
52365579	52388444	0	0	0	0	349	0	0	297
52334683	52382354	0	0	0	0	3096	0	0	298
28814322	0	0	0	0	0	4189	0	0	299
57332088	61979235	0	0	0	0	1733	0	0	3
60948668	61501935	0	0	0	0	389	0	0	30
52338580	52339226	0	0	0	0	466	0	0	300
52334944	58713038	0	0	0	0	879	0	0	301
27532044	52334725	0	0	0	0	1800	0	0	302
44295144	52283303	0	0	0	0	4034	0	0	303
52281220	52300914	0	0	0	0	13	0	0	304
52187189	52275015	0	0	0	0	6	0	0	305
52242044	52401049	0	0	0	0	386	0	0	306
52208380	52209203	0	0	0	0	337	0	0	307
52127834	52128944	0	0	0	0	388	0	0	308
52106980	52117181	0	0	0	0	219	0	0	309
56784714	60937226	0	0	0	0	362	0	0	31
52086833	0	0	0	0	0	56178	0	0	310
52005153	52233504	0	0	0	0	510	0	0	312
51967572	51970403	0	0	0	0	511	0	0	313
51929941	52074105	0	0	0	0	700	0	0	314
51935753	51935883	0	0	0	0	1785	0	0	315
51923603	51996021	0	0	0	0	1	0	0	316
51876158	51908491	0	0	0	0	31	0	0	317
47183558	51869337	0	0	0	0	366	0	0	318
51857207	51865368	0	0	0	0	167	0	0	319
60925357	0	0	0	0	0	181	0	0	32
38644943	51658946	0	0	0	0	156	0	0	320
3642188	0	0	0	0	0	143	0	0	321
51597297	51650023	0	0	0	0	44	0	0	322
51551082	51603769	0	0	0	0	1	0	0	323
41052687	51594999	0	0	0	0	1470	0	0	324
51569831	51581399	0	0	0	0	2738	0	0	325
51269865	51386027	0	0	0	0	396	0	0	326
51486048	51506312	0	0	0	0	96	0	0	327
51494868	51495838	0	0	0	0	527	0	0	328
51280568	0	0	0	0	0	18361	0	0	329
60916444	0	0	0	0	0	56178	0	0	33
51372723	51380034	0	0	0	0	6948	0	0	330
51352697	51353272	0	0	0	0	183	0	0	331
51343022	0	0	0	0	0	56178	0	0	333
51335424	51338784	0	0	0	0	369	0	0	334
41996394	51334762	0	0	0	0	566	0	0	335
51330838	0	0	0	0	0	34938	0	0	336
51320621	54880869	0	0	0	0	28	0	0	337
50752133	0	0	0	0	0	575	0	0	338
51387157	51546208	0	0	0	0	1506	0	0	339
60878248	60896726	0	0	0	0	1	0	0	34
51087287	51170892	0	0	0	0	170	0	0	340
51164948	51165825	0	0	0	0	399	0	0	341
51126843	58108631	0	0	0	0	484	0	0	342
51086959	51248293	0	0	0	0	333	0	0	344
49013393	51078004	0	0	0	0	113	0	0	345
51071941	51072873	0	0	0	0	229	0	0	346
45259737	51045709	0	0	0	0	400	0	0	347
42115972	56345639	0	0	0	0	5715	0	0	348
51000699	51090065	0	0	0	0	224	0	0	349
56249536	60835547	0	0	0	0	581	0	0	35
50958860	0	0	0	0	0	1369	0	0	350
50939130	59613787	0	0	0	0	327	0	0	351
37991389	50867641	0	0	0	0	540	0	0	352
50858296	50860018	0	0	0	0	743	0	0	353
50838664	50854067	0	0	0	0	377	0	0	354
23966158	50828119	0	0	0	0	147	0	0	355
50685421	50687588	0	0	0	0	300	0	0	356
50659096	50665776	0	0	0	0	23351	0	0	357
50652853	50663004	0	0	0	0	20	0	0	358
37789299	54770082	0	0	0	0	7436	0	0	359
60822398	60827811	0	0	0	0	246	0	0	36
50569314	50584209	0	0	0	0	1	0	0	360
42561714	50554584	0	0	0	0	205	0	0	361
50539913	50549961	0	0	0	0	58	0	0	362
50499991	50502536	0	0	0	0	13	0	0	363
50483582	50487229	0	0	0	0	53	0	0	364
50341423	50472929	0	0	0	0	1	0	0	365
34020079	50452750	0	0	0	0	191	0	0	366
46195370	50291766	0	0	0	0	3	0	0	367
50273919	50290782	0	0	0	0	1	0	0	368
50243929	50258307	0	0	0	0	1099	0	0	369
60797216	60811581	0	0	0	0	764	0	0	37
50237076	50256439	0	0	0	0	9126	0	0	370
50229410	50231104	0	0	0	0	1	0	0	371
50111566	50128349	0	0	0	0	7	0	0	372
50062132	50231159	0	0	0	0	182	0	0	373
24626769	50059193	0	0	0	0	1226	0	0	374
33769770	50023898	0	0	0	0	1770	0	0	376
49746686	49813500	0	0	0	0	2	0	0	377
28579361	49967559	0	0	0	0	668	0	0	378
49859149	50728217	0	0	0	0	331	0	0	379
45915720	60807293	0	0	0	0	70	0	0	38
49834827	49856205	0	0	0	0	5	0	0	380
49743774	49818889	0	0	0	0	3	0	0	381
49756005	49763045	0	0	0	0	386	0	0	382
49628570	0	0	0	0	0	83	0	0	383
43371723	0	0	0	0	0	56178	0	0	384
49640909	49711972	0	0	0	0	88	0	0	385
49554201	49665486	0	0	0	0	608	0	0	386
46607506	0	0	0	0	0	56178	0	0	387
20850483	49588582	0	0	0	0	609	0	0	388
49517374	49521036	0	0	0	0	146	0	0	389
60766742	60804415	0	0	0	0	639	0	0	39
45720125	49509228	0	0	0	0	89	0	0	390
30399446	49459779	0	0	0	0	1409	0	0	391
49435594	58598873	0	0	0	0	5	0	0	392
47444012	49366830	0	0	0	0	421	0	0	393
46295687	55735530	0	0	0	0	9	0	0	394
49229558	49269338	0	0	0	0	186	0	0	395
49184274	0	0	0	0	0	18361	0	0	396
49115813	0	0	0	0	0	56178	0	0	397
60321495	60327158	0	0	0	0	22	0	0	399
61958925	62012913	0	0	0	0	347	0	0	4
19858729	60757051	0	0	0	0	12267	0	0	40
49109933	49111594	0	0	0	0	617	0	0	400
49041280	49074570	0	0	0	0	8	0	0	401
20592611	49400778	0	0	0	0	378	0	0	402
48924219	48961927	0	0	0	0	3	0	0	403
45663125	48928383	0	0	0	0	211	0	0	404
48912908	48913362	0	0	0	0	15	0	0	405
9298765	0	0	0	0	0	2403	0	0	406
44190450	48838222	0	0	0	0	1121	0	0	407
48657034	48836376	0	0	0	0	429	0	0	408
48819333	48835435	0	0	0	0	398	0	0	409
60660622	60677042	0	0	0	0	685	0	0	41
48713927	0	0	0	0	0	5709	0	0	410
48627287	48659095	0	0	0	0	99	0	0	411
48454816	48638350	0	0	0	0	1589	0	0	412
48534448	48552238	0	0	0	0	35496	0	0	413
48433790	48511974	0	0	0	0	428	0	0	414
48469441	48472163	0	0	0	0	170	0	0	415
46649403	48306010	0	0	0	0	432	0	0	416
30491545	48634449	0	0	0	0	1	0	0	417
48357595	0	0	0	0	0	398	0	0	418
48333425	48341878	0	0	0	0	3640	0	0	419
57467046	60656445	0	0	0	0	108	0	0	42
40962006	0	0	0	0	0	18361	0	0	420
48337624	48394545	0	0	0	0	39	0	0	421
48336742	48339884	0	0	0	0	1091	0	0	422
48332680	48351931	0	0	0	0	136	0	0	423
48142634	0	0	0	0	0	1776	0	0	424
48128383	0	0	0	0	0	1698	0	0	425
47934438	48104724	0	0	0	0	790	0	0	426
48056851	48072338	0	0	0	0	23	0	0	427
48052270	48055272	0	0	0	0	628	0	0	428
60330449	60556267	0	0	0	0	419	0	0	43
48022642	48043372	0	0	0	0	3018	0	0	433
35902360	0	0	0	0	0	568	0	0	434
47950817	47976994	0	0	0	0	26	0	0	435
44253848	51340323	0	0	0	0	1999	0	0	436
33479862	47907626	0	0	0	0	14	0	0	438
47284664	47858957	0	0	0	0	25	0	0	439
60450608	60561129	0	0	0	0	18	0	0	44
43970831	47822694	0	0	0	0	783	0	0	440
27965291	47818188	0	0	0	0	408	0	0	441
47777708	47781899	0	0	0	0	24	0	0	442
47723890	47746656	0	0	0	0	3	0	0	443
47722530	47734323	0	0	0	0	3480	0	0	444
47730589	52378661	0	0	0	0	6909	0	0	445
44591583	0	0	0	0	0	239	0	0	446
47644156	47704875	0	0	0	0	11	0	0	447
47655487	47678029	0	0	0	0	3466	0	0	448
47552930	47625279	0	0	0	0	1	0	0	449
47537760	47596739	0	0	0	0	444	0	0	450
47570984	47590287	0	0	0	0	1674	0	0	451
47446458	47542849	0	0	0	0	6907	0	0	453
40682615	47540782	0	0	0	0	3	0	0	454
47474279	47495118	0	0	0	0	15	0	0	455
46239615	47475923	0	0	0	0	189	0	0	456
47274691	0	0	0	0	0	477	0	0	457
47405422	52335837	0	0	0	0	277	0	0	458
47315053	47319479	0	0	0	0	639	0	0	459
47083455	0	0	0	0	0	56178	0	0	460
25023731	47273104	0	0	0	0	853	0	0	461
46972679	47179207	0	0	0	0	268	0	0	462
25866788	47171585	0	0	0	0	2102	0	0	463
47152855	50663500	0	0	0	0	3515	0	0	464
43483497	54579436	0	0	0	0	844	0	0	466
47083707	55056600	0	0	0	0	2	0	0	467
47074159	47080518	0	0	0	0	320	0	0	468
43435385	47071014	0	0	0	0	1	0	0	469
58897330	61496833	0	0	0	0	54	0	0	470
47044939	47048035	0	0	0	0	39	0	0	471
46963049	46986535	0	0	0	0	147	0	0	472
46934574	0	0	0	0	0	7761	0	0	473
46857193	0	0	0	0	0	56178	0	0	474
46842293	46872965	0	0	0	0	24	0	0	475
37761096	55825651	0	0	0	0	698	0	0	476
46842118	46901745	0	0	0	0	2	0	0	477
46818951	46839455	0	0	0	0	47	0	0	478
46823110	46832976	0	0	0	0	418	0	0	479
46799063	48306565	0	0	0	0	31	0	0	484
46684038	46770761	0	0	0	0	435	0	0	485
34826602	0	0	0	0	0	22503	0	0	486
33954292	0	0	0	0	0	26672	0	0	487
46747475	46759058	0	0	0	0	576	0	0	488
46643184	46650208	0	0	0	0	4	0	0	489
41010050	48000292	0	0	0	0	2435	0	0	490
46580556	46783163	0	0	0	0	420	0	0	491
46420106	46449723	0	0	0	0	316	0	0	493
46377973	46384105	0	0	0	0	3931	0	0	494
37579756	0	0	0	0	0	8488	0	0	495
45870948	46366116	0	0	0	0	719	0	0	496
46360218	46361342	0	0	0	0	3173	0	0	497
46348193	46352515	0	0	0	0	529	0	0	498
35205795	58352475	0	0	0	0	422	0	0	499
61873468	61900256	0	0	0	0	2	0	0	5
46298066	46430561	0	0	0	0	50	0	0	500
46287086	52469245	0	0	0	0	2556	0	0	501
46266078	0	0	0	0	0	56178	0	0	502
42912608	46186549	0	0	0	0	1	0	0	503
46151452	49880546	0	0	0	0	65	0	0	504
36110977	0	0	0	0	0	56178	0	0	505
46059697	0	0	0	0	0	6596	0	0	506
45968501	45983949	0	0	0	0	6	0	0	507
45948534	53569414	0	0	0	0	2	0	0	508
45929263	45929671	0	0	0	0	980	0	0	509
45907614	46093719	0	0	0	0	1631	0	0	510
45891034	45899768	0	0	0	0	1	0	0	511
45873483	60930523	0	0	0	0	128	0	0	512
37450698	55560381	0	0	0	0	54	0	0	513
13675380	45813247	0	0	0	0	31	0	0	514
45779447	45859005	0	0	0	0	2014	0	0	515
45670637	45726959	0	0	0	0	254	0	0	516
45722157	59174298	0	0	0	0	371	0	0	517
45721802	0	0	0	0	0	2218	0	0	518
45655879	45673142	0	0	0	0	1	0	0	519
49140030	0	0	0	0	0	4997	0	0	52
45652340	45716873	0	0	0	0	474	0	0	520
45638529	0	0	0	0	0	56178	0	0	521
45206230	0	0	0	0	0	22503	0	0	522
45607736	45627646	0	0	0	0	24	0	0	523
45606255	45619547	0	0	0	0	542	0	0	524
45572226	45579541	0	0	0	0	1	0	0	525
45448169	45576820	0	0	0	0	477	0	0	526
38348097	45493545	0	0	0	0	412	0	0	527
56979022	60647728	0	0	0	0	713	0	0	53
45476950	45552715	0	0	0	0	436	0	0	532
45458787	0	0	0	0	0	3650	0	0	533
45405167	61117221	0	0	0	0	454	0	0	534
45357806	45375409	0	0	0	0	52	0	0	535
45351663	0	0	0	0	0	4709	0	0	536
45321041	45322657	0	0	0	0	555	0	0	537
44334535	47699146	0	0	0	0	437	0	0	538
26244530	0	0	0	0	0	56178	0	0	539
53813758	60436142	0	0	0	0	1474	0	0	54
45279880	45556677	0	0	0	0	3	0	0	540
24920396	61463661	0	0	0	0	51	0	0	541
45265792	45266834	0	0	0	0	454	0	0	542
45117125	0	0	0	0	0	5075	0	0	543
45134735	45242969	0	0	0	0	907	0	0	544
45219994	0	0	0	0	0	13435	0	0	545
45119432	45185979	0	0	0	0	373	0	0	546
45222720	45251117	0	0	0	0	19	0	0	547
41477776	47041415	0	0	0	0	2	0	0	549
60289954	60310790	0	0	0	0	372	0	0	55
45157057	46636473	0	0	0	0	441	0	0	550
43712843	0	0	0	0	0	56178	0	0	551
45147082	0	0	0	0	0	18361	0	0	552
45047885	0	0	0	0	0	825	0	0	553
33482308	0	0	0	0	0	11980	0	0	554
44973544	45015794	0	0	0	0	591	0	0	555
40557147	44961347	0	0	0	0	555	0	0	556
26331030	39914775	0	0	0	0	34	0	0	557
55345679	60285820	0	0	0	0	1876	0	0	56
44930704	48381672	0	0	0	0	516	0	0	560
44916792	44921411	0	0	0	0	466	0	0	561
16397526	51847367	0	0	0	0	446	0	0	562
44728704	0	0	0	0	0	56178	0	0	563
44419857	44802712	0	0	0	0	352	0	0	564
44786138	44787310	0	0	0	0	259	0	0	565
44721152	0	0	0	0	0	3812	0	0	566
44697183	44718072	0	0	0	0	3718	0	0	567
44666715	44688711	0	0	0	0	498	0	0	568
36110815	44608687	0	0	0	0	287	0	0	569
60200275	60371743	0	0	0	0	1	0	0	57
44158882	44538939	0	0	0	0	197	0	0	570
44509287	44661961	0	0	0	0	30	0	0	571
44467559	44504592	0	0	0	0	695	0	0	572
44457243	44473379	0	0	0	0	1	0	0	573
44434739	44456676	0	0	0	0	223	0	0	574
42604439	42757183	0	0	0	0	9	0	0	575
42864262	0	0	0	0	0	5296	0	0	576
44411575	56254631	0	0	0	0	1884	0	0	577
44335165	45311909	0	0	0	0	1939	0	0	579
60160905	0	0	0	0	0	56178	0	0	58
34865789	0	0	0	0	0	9275	0	0	580
44262563	44279773	0	0	0	0	700	0	0	581
44239415	44242299	0	0	0	0	1	0	0	584
44245666	44250468	0	0	0	0	140	0	0	586
44005847	44147299	0	0	0	0	1	0	0	587
36520813	44143423	0	0	0	0	4802	0	0	588
44120395	44136481	0	0	0	0	895	0	0	589
60132869	0	0	0	0	0	56178	0	0	59
44030594	44094497	0	0	0	0	433	0	0	594
36065232	36699272	0	0	0	0	479	0	0	595
43850293	44021913	0	0	0	0	1	0	0	596
32723761	44003391	0	0	0	0	9	0	0	597
43990569	0	0	0	0	0	56178	0	0	598
43981187	0	0	0	0	0	56178	0	0	599
46365317	61320722	0	0	0	0	428	0	0	6
43654787	60112609	0	0	0	0	482	0	0	60
30902906	44549464	0	0	0	0	90	0	0	600
27597932	43762009	0	0	0	0	1638	0	0	601
43731301	43737524	0	0	0	0	638	0	0	602
43694637	43706199	0	0	0	0	809	0	0	606
43660562	45212781	0	0	0	0	1	0	0	607
13272612	0	0	0	0	0	1803	0	0	608
13088770	43596486	0	0	0	0	40	0	0	609
42058059	47222764	0	0	0	0	664	0	0	610
40652012	43551312	0	0	0	0	283	0	0	611
42449257	43536583	0	0	0	0	14	0	0	612
15259139	0	0	0	0	0	56178	0	0	613
45549449	46319137	0	0	0	0	2510	0	0	614
43515925	43518958	0	0	0	0	4	0	0	615
43209809	0	0	0	0	0	3689	0	0	616
43480866	43481085	0	0	0	0	25	0	0	617
43460760	43526149	0	0	0	0	74	0	0	618
25258817	43343590	0	0	0	0	820	0	0	619
30396755	60062217	0	0	0	0	33722	0	0	62
43337147	43383010	0	0	0	0	709	0	0	620
19748205	0	0	0	0	0	10116	0	0	623
35651669	45709189	0	0	0	0	711	0	0	625
43297797	43298666	0	0	0	0	537	0	0	626
31471808	0	0	0	0	0	106	0	0	627
43261430	43281803	0	0	0	0	584	0	0	628
43275478	0	0	0	0	0	181	0	0	629
60062311	60062827	0	0	0	0	503	0	0	63
43189512	44551816	0	0	0	0	141	0	0	630
42974231	43144245	0	0	0	0	578	0	0	631
42771185	43046753	0	0	0	0	224	0	0	632
26896087	47637321	0	0	0	0	372	0	0	633
43000077	43002416	0	0	0	0	490	0	0	634
15670151	0	0	0	0	0	108	0	0	636
42789833	42790422	0	0	0	0	49	0	0	637
42763280	47523919	0	0	0	0	410	0	0	639
59960252	59978973	0	0	0	0	715	0	0	64
42695298	45923632	0	0	0	0	2	0	0	640
42674516	42681880	0	0	0	0	493	0	0	641
42611836	56182271	0	0	0	0	2	0	0	642
42578273	42596449	0	0	0	0	1058	0	0	643
42595256	42633156	0	0	0	0	471	0	0	644
42587758	42588378	0	0	0	0	519	0	0	645
30261383	42572023	0	0	0	0	2	0	0	646
42524450	49924813	0	0	0	0	1040	0	0	647
42469003	42491624	0	0	0	0	522	0	0	648
42426970	0	0	0	0	0	33	0	0	649
59887908	59904916	0	0	0	0	5985	0	0	65
42304924	42446365	0	0	0	0	274	0	0	650
41879049	42431720	0	0	0	0	3	0	0	651
41088751	0	0	0	0	0	246	0	0	652
32129191	42215523	0	0	0	0	500	0	0	653
42105259	42242497	0	0	0	0	501	0	0	654
36335498	42208566	0	0	0	0	546	0	0	655
21614443	0	0	0	0	0	1286	0	0	656
35799426	42115611	0	0	0	0	475	0	0	658
42084356	42084833	0	0	0	0	504	0	0	659
59570555	0	0	0	0	0	3900	0	0	66
41925706	41936951	0	0	0	0	469	0	0	660
24904683	41918861	0	0	0	0	1	0	0	661
41723575	41909242	0	0	0	0	276	0	0	662
41817623	0	0	0	0	0	5481	0	0	663
41783245	44398360	0	0	0	0	3	0	0	664
41731684	0	0	0	0	0	193	0	0	665
41699952	41739418	0	0	0	0	510	0	0	666
12394855	41730532	0	0	0	0	3510	0	0	667
26123516	41670314	0	0	0	0	856	0	0	668
33442362	59212970	0	0	0	0	74	0	0	669
58314023	59791480	0	0	0	0	51	0	0	67
27787116	41634744	0	0	0	0	859	0	0	670
41608294	41628450	0	0	0	0	31	0	0	671
41597604	41616407	0	0	0	0	732	0	0	672
41596273	41605723	0	0	0	0	31	0	0	673
25905144	41589266	0	0	0	0	2264	0	0	674
41471757	0	0	0	0	0	2799	0	0	675
14882033	28025911	0	0	0	0	283	0	0	676
33505541	0	0	0	0	0	3078	0	0	677
41133617	41190862	0	0	0	0	2	0	0	678
33180058	0	0	0	0	0	23038	0	0	679
53245233	61275627	0	0	0	0	481	0	0	68
13577918	0	0	0	0	0	157	0	0	680
30671958	0	0	0	0	0	19382	0	0	681
40942717	40953151	0	0	0	0	1	0	0	682
40819971	40831975	0	0	0	0	761	0	0	683
36110331	0	0	0	0	0	56178	0	0	684
40789601	40807266	0	0	0	0	1178	0	0	685
37924896	40787001	0	0	0	0	779	0	0	686
40461380	0	0	0	0	0	6706	0	0	687
40689434	40713096	0	0	0	0	7203	0	0	688
40596609	40636032	0	0	0	0	482	0	0	689
59716982	59718745	0	0	0	0	869	0	0	69
9502003	60340491	0	0	0	0	485	0	0	690
1975110	0	0	0	0	0	331	0	0	691
22305023	40554479	0	0	0	0	4416	0	0	692
40538304	0	0	0	0	0	2760	0	0	693
37085732	40327657	0	0	0	0	6219	0	0	694
40250072	40250691	0	0	0	0	5	0	0	695
32686195	54464295	0	0	0	0	2742	0	0	697
31796914	40225786	0	0	0	0	1909	0	0	698
38525383	56871943	0	0	0	0	534	0	0	699
61798169	61876254	0	0	0	0	39834	0	0	7
59717301	59717624	0	0	0	0	4	0	0	70
40182340	40185121	0	0	0	0	280	0	0	701
30237310	40709975	0	0	0	0	1314	0	0	702
40120094	40143388	0	0	0	0	101	0	0	703
40035067	40044958	0	0	0	0	270	0	0	704
39993117	40102613	0	0	0	0	494	0	0	705
15978985	0	0	0	0	0	2016	0	0	706
39808631	39832436	0	0	0	0	612	0	0	707
34522732	55100069	0	0	0	0	24	0	0	709
59639543	59653531	0	0	0	0	24	0	0	71
32821369	0	0	0	0	0	5317	0	0	710
39779573	39792781	0	0	0	0	2074	0	0	711
39746947	39833768	0	0	0	0	100	0	0	712
39694490	48286116	0	0	0	0	505	0	0	713
39628872	39633863	0	0	0	0	750	0	0	714
39623094	0	0	0	0	0	3241	0	0	715
25020788	0	0	0	0	0	56178	0	0	716
25693082	0	0	0	0	0	4951	0	0	717
36033449	39507019	0	0	0	0	27067	0	0	718
34096162	61837438	0	0	0	0	13122	0	0	719
51699452	59584695	0	0	0	0	151	0	0	72
50467457	56983105	0	0	0	0	6	0	0	722
39420095	39690633	0	0	0	0	8	0	0	723
36620585	39207125	0	0	0	0	368	0	0	724
39176643	39195219	0	0	0	0	2532	0	0	725
12304963	0	0	0	0	0	31	0	0	726
39024390	39171890	0	0	0	0	1	0	0	727
39166027	39173002	0	0	0	0	424	0	0	728
39128344	39150367	0	0	0	0	3893	0	0	729
57394946	60230468	0	0	0	0	596	0	0	73
35699399	39042064	0	0	0	0	231	0	0	730
39023962	0	0	0	0	0	33601	0	0	731
15703702	48307007	0	0	0	0	372	0	0	732
39006840	39027770	0	0	0	0	300	0	0	733
9503896	23045866	0	0	0	0	23772	0	0	734
38971260	38976959	0	0	0	0	546	0	0	735
36040542	38900293	0	0	0	0	848	0	0	737
38559429	38900796	0	0	0	0	729	0	0	738
59397169	0	0	0	0	0	1011	0	0	74
3810927	38895565	0	0	0	0	510	0	0	740
38864458	38948553	0	0	0	0	97	0	0	741
38861041	52478475	0	0	0	0	5398	0	0	742
30656846	44691580	0	0	0	0	4443	0	0	743
38822132	0	0	0	0	0	24989	0	0	744
38056641	38791517	0	0	0	0	854	0	0	745
38782051	60423973	0	0	0	0	518	0	0	746
38733571	38779478	0	0	0	0	554	0	0	747
38675292	38682488	0	0	0	0	555	0	0	748
38658033	38916875	0	0	0	0	308	0	0	749
59408283	59413766	0	0	0	0	18	0	0	75
38660467	38847645	0	0	0	0	21	0	0	750
38639289	38640268	0	0	0	0	38182	0	0	751
38478139	38607045	0	0	0	0	4779	0	0	752
47651868	49120060	0	0	0	0	638	0	0	755
38563885	54919400	0	0	0	0	907	0	0	756
38540093	0	0	0	0	0	56178	0	0	757
34764830	38534383	0	0	0	0	408	0	0	758
38102921	38486163	0	0	0	0	256	0	0	759
48651010	59396848	0	0	0	0	58	0	0	76
31955051	38493318	0	0	0	0	374	0	0	760
29601156	30047010	0	0	0	0	774	0	0	761
38440350	38441722	0	0	0	0	59	0	0	762
38372906	39330299	0	0	0	0	776	0	0	763
28480625	38367392	0	0	0	0	4417	0	0	764
32181742	38335734	0	0	0	0	4902	0	0	765
38295777	38297989	0	0	0	0	918	0	0	766
35525240	38277826	0	0	0	0	1942	0	0	767
38230957	38252013	0	0	0	0	13254	0	0	768
38197844	0	0	0	0	0	5296	0	0	769
59380554	59395052	0	0	0	0	2	0	0	77
38177908	38223003	0	0	0	0	923	0	0	770
38133485	38192010	0	0	0	0	854	0	0	771
38169765	38289656	0	0	0	0	3	0	0	772
38104901	38109623	0	0	0	0	526	0	0	773
24881923	38101558	0	0	0	0	229	0	0	774
28233561	0	0	0	0	0	56178	0	0	775
27850123	53660703	0	0	0	0	528	0	0	776
38036680	48211887	0	0	0	0	593	0	0	777
37974317	0	0	0	0	0	2475	0	0	778
31815294	0	0	0	0	0	18361	0	0	779
59360232	59376487	0	0	0	0	87	0	0	78
37878693	37881270	0	0	0	0	253	0	0	780
34266186	0	0	0	0	0	8	0	0	781
37800390	37817299	0	0	0	0	91	0	0	782
37719503	37830819	0	0	0	0	7805	0	0	783
37714152	37715085	0	0	0	0	661	0	0	784
21651978	37667335	0	0	0	0	631	0	0	785
26449666	37651470	0	0	0	0	286	0	0	787
49762128	51753158	0	0	0	0	858	0	0	788
13812373	34221612	0	0	0	0	857	0	0	789
27368770	0	0	0	0	0	36599	0	0	79
29736577	0	0	0	0	0	1645	0	0	790
36670065	37521669	0	0	0	0	14	0	0	791
25340847	44486551	0	0	0	0	1021	0	0	792
28538161	0	0	0	0	0	316	0	0	793
26269122	37418211	0	0	0	0	532	0	0	794
37393329	37515454	0	0	0	0	3	0	0	795
37274007	37349878	0	0	0	0	36	0	0	796
37266143	37301838	0	0	0	0	581	0	0	797
37122216	37284287	0	0	0	0	35342	0	0	798
14023423	37273149	0	0	0	0	279	0	0	799
43251214	61868853	0	0	0	0	15	0	0	8
52606467	59248550	0	0	0	0	582	0	0	80
29593177	40966634	0	0	0	0	637	0	0	800
37144856	0	0	0	0	0	1044	0	0	801
37193380	37200885	0	0	0	0	23	0	0	802
37195322	0	0	0	0	0	56178	0	0	803
19234796	37150889	0	0	0	0	1562	0	0	804
37059281	37071001	0	0	0	0	327	0	0	805
37059404	42826234	0	0	0	0	628	0	0	806
37011952	0	0	0	0	0	1691	0	0	807
36974450	36974742	0	0	0	0	953	0	0	808
32544646	36969907	0	0	0	0	188	0	0	809
59204544	59242628	0	0	0	0	1469	0	0	81
36936613	36953026	0	0	0	0	700	0	0	810
36919953	36925855	0	0	0	0	4	0	0	811
35973507	36865202	0	0	0	0	5473	0	0	812
37110555	37133471	0	0	0	0	33	0	0	814
33925430	36897594	0	0	0	0	807	0	0	815
36790376	0	0	0	0	0	7170	0	0	816
34213765	36817423	0	0	0	0	691	0	0	818
36648502	0	0	0	0	0	26814	0	0	819
59159729	59197298	0	0	0	0	2	0	0	82
36669528	36673576	0	0	0	0	257	0	0	820
36651189	36652015	0	0	0	0	1	0	0	821
34454034	0	0	0	0	0	75	0	0	822
36478278	47519624	0	0	0	0	536	0	0	823
36431158	36454567	0	0	0	0	815	0	0	824
36260816	36277222	0	0	0	0	23720	0	0	825
34345945	36255181	0	0	0	0	215	0	0	826
36238521	36249586	0	0	0	0	587	0	0	827
36232684	36233318	0	0	0	0	3073	0	0	829
59184868	59192861	0	0	0	0	12	0	0	83
36205419	36208785	0	0	0	0	1	0	0	832
27953588	49570793	0	0	0	0	433	0	0	833
36187931	51407129	0	0	0	0	7893	0	0	834
36094718	36141451	0	0	0	0	822	0	0	835
35462144	36065327	0	0	0	0	933	0	0	836
35866379	36014676	0	0	0	0	834	0	0	839
59190193	59193797	0	0	0	0	348	0	0	84
36041601	36043244	0	0	0	0	740	0	0	840
33251264	0	0	0	0	0	30218	0	0	841
33858596	0	0	0	0	0	710	0	0	842
36023558	36039026	0	0	0	0	628	0	0	843
3165346	44595920	0	0	0	0	548	0	0	844
35891062	35933702	0	0	0	0	728	0	0	845
7227976	40802404	0	0	0	0	723	0	0	846
35725156	35859083	0	0	0	0	827	0	0	848
35834739	0	0	0	0	0	22503	0	0	849
59153010	59187457	0	0	0	0	6	0	0	85
35614425	0	0	0	0	0	6246	0	0	850
34158723	35677857	0	0	0	0	422	0	0	851
34896004	35660588	0	0	0	0	253	0	0	852
35585428	35637012	0	0	0	0	549	0	0	853
45824409	45826042	0	0	0	0	462	0	0	854
35330207	35471802	0	0	0	0	2461	0	0	855
28384164	35443537	0	0	0	0	386	0	0	856
35439914	35440235	0	0	0	0	333	0	0	857
2331070	35434760	0	0	0	0	1044	0	0	858
35432923	35443059	0	0	0	0	603	0	0	859
59119580	59158870	0	0	0	0	46	0	0	86
30116606	35454277	0	0	0	0	554	0	0	860
34433063	35353464	0	0	0	0	598	0	0	861
35381180	0	0	0	0	0	3654	0	0	862
35359622	35452191	0	0	0	0	351	0	0	863
35322815	0	0	0	0	0	56178	0	0	864
35306306	35319824	0	0	0	0	605	0	0	865
31092005	35266730	0	0	0	0	464	0	0	866
3386850	35215579	0	0	0	0	24369	0	0	867
35224338	35234038	0	0	0	0	1	0	0	868
35126517	0	0	0	0	0	2197	0	0	869
59113457	59117165	0	0	0	0	1	0	0	87
35075215	35118287	0	0	0	0	45	0	0	870
35040579	35056668	0	0	0	0	1958	0	0	871
35025145	43131595	0	0	0	0	1722	0	0	872
34994790	35006572	0	0	0	0	333	0	0	873
33015823	34983149	0	0	0	0	22	0	0	874
34973314	0	0	0	0	0	35923	0	0	875
34898222	34903368	0	0	0	0	34	0	0	876
32206623	0	0	0	0	0	33601	0	0	877
32999460	0	0	0	0	0	2708	0	0	878
34704733	35491015	0	0	0	0	42	0	0	879
58890738	59047386	0	0	0	0	1	0	0	88
34389797	34711685	0	0	0	0	104	0	0	880
13167531	39446852	0	0	0	0	2746	0	0	882
32724775	34667618	0	0	0	0	60	0	0	883
34619117	34631794	0	0	0	0	175	0	0	884
23309687	0	0	0	0	0	588	0	0	887
33530066	34579494	0	0	0	0	1	0	0	888
34508834	34514683	0	0	0	0	618	0	0	889
31388329	34413137	0	0	0	0	950	0	0	890
25829504	34365360	0	0	0	0	2	0	0	891
22009871	34328105	0	0	0	0	1403	0	0	892
26177565	0	0	0	0	0	23795	0	0	893
14563531	0	0	0	0	0	4629	0	0	894
34286905	0	0	0	0	0	249	0	0	895
34213315	34245295	0	0	0	0	1	0	0	896
34244210	38942118	0	0	0	0	1	0	0	897
32018521	32830382	0	0	0	0	530	0	0	898
34230391	34694775	0	0	0	0	8396	0	0	899
61783029	61793558	0	0	0	0	626	0	0	9
28979857	34214859	0	0	0	0	25	0	0	900
3480222	36073503	0	0	0	0	628	0	0	901
33920330	34061912	0	0	0	0	22537	0	0	902
34001333	34018634	0	0	0	0	369	0	0	903
19054092	33989595	0	0	0	0	957	0	0	904
19439689	33945984	0	0	0	0	47	0	0	905
33890896	0	0	0	0	0	171	0	0	906
33784656	33877410	0	0	0	0	7929	0	0	907
33787624	0	0	0	0	0	20386	0	0	908
26796829	33775239	0	0	0	0	1005	0	0	909
33748871	33750235	0	0	0	0	177	0	0	910
33707796	33733102	0	0	0	0	3	0	0	911
32624120	0	0	0	0	0	44	0	0	912
23528862	59199273	0	0	0	0	1066	0	0	913
33597728	33613830	0	0	0	0	1	0	0	914
33574457	33609538	0	0	0	0	16	0	0	917
9315258	0	0	0	0	0	15280	0	0	918
32257970	33983298	0	0	0	0	757	0	0	919
33555002	34591487	0	0	0	0	3749	0	0	920
33419325	0	0	0	0	0	12243	0	0	921
33447901	33472328	0	0	0	0	1	0	0	922
31365768	33400250	0	0	0	0	259	0	0	923
33346823	40699787	0	0	0	0	1712	0	0	927
26497751	38052325	0	0	0	0	1312	0	0	928
33263759	33284951	0	0	0	0	3	0	0	929
33127122	33352251	0	0	0	0	7075	0	0	930
31286965	33262480	0	0	0	0	4	0	0	931
33237264	0	0	0	0	0	56178	0	0	932
24705431	60151766	0	0	0	0	872	0	0	933
33027611	0	0	0	0	0	5769	0	0	934
33117997	33143257	0	0	0	0	646	0	0	935
25755930	31220586	0	0	0	0	3	0	0	936
32885570	0	0	0	0	0	800	0	0	937
12907198	32883453	0	0	0	0	643	0	0	938
16947431	32803727	0	0	0	0	572	0	0	939
58993738	59006401	0	0	0	0	14	0	0	94
32773617	56137091	0	0	0	0	1028	0	0	940
32721789	0	0	0	0	0	12	0	0	941
21045866	28201587	0	0	0	0	594	0	0	942
32575397	33306592	0	0	0	0	5507	0	0	943
26580129	32571956	0	0	0	0	811	0	0	944
32558568	0	0	0	0	0	10103	0	0	945
52276088	53117396	0	0	0	0	2959	0	0	946
22305444	32492667	0	0	0	0	908	0	0	948
31381066	32411080	0	0	0	0	1	0	0	949
58938992	58957189	0	0	0	0	1	0	0	95
6316459	0	0	0	0	0	56178	0	0	950
31861569	56622368	0	0	0	0	969	0	0	952
32350891	32351780	0	0	0	0	28	0	0	953
49440262	52649215	0	0	0	0	182	0	0	956
32219451	32226508	0	0	0	0	658	0	0	957
4794859	32206608	0	0	0	0	1	0	0	958
32193413	32194070	0	0	0	0	1041	0	0	959
58878544	58915458	0	0	0	0	31059	0	0	96
31690007	42151880	0	0	0	0	580	0	0	960
32106333	60661723	0	0	0	0	433	0	0	961
32092458	0	0	0	0	0	12791	0	0	962
32007115	32034222	0	0	0	0	20	0	0	963
31930616	32031432	0	0	0	0	277	0	0	964
31979189	51944709	0	0	0	0	1047	0	0	965
31949659	31950166	0	0	0	0	2	0	0	966
31925595	31947700	0	0	0	0	41	0	0	967
31947727	31994387	0	0	0	0	49	0	0	968
28034091	31859911	0	0	0	0	997	0	0	969
58627988	58906457	0	0	0	0	2300	0	0	97
31923107	31938512	0	0	0	0	47	0	0	970
31142280	32912268	0	0	0	0	644	0	0	971
31868370	31900708	0	0	0	0	1	0	0	972
31837419	0	0	0	0	0	3685	0	0	973
9506442	0	0	0	0	0	9471	0	0	976
31752889	31754530	0	0	0	0	1055	0	0	977
27779667	31729775	0	0	0	0	391	0	0	978
31538038	31585708	0	0	0	0	4	0	0	979
36368712	58859811	0	0	0	0	418	0	0	98
31045512	31564834	0	0	0	0	1	0	0	980
27135962	54426523	0	0	0	0	35137	0	0	981
31485858	0	0	0	0	0	23650	0	0	982
28634345	31433840	0	0	0	0	22	0	0	983
31394755	31395435	0	0	0	0	106	0	0	984
28987622	47663131	0	0	0	0	10	0	0	986
30560405	31347470	0	0	0	0	295	0	0	987
31268826	31301694	0	0	0	0	47	0	0	988
31288513	31289164	0	0	0	0	4057	0	0	989
58798091	58802355	0	0	0	0	1518	0	0	99
30159041	31259932	0	0	0	0	2	0	0	990
31075826	31221471	0	0	0	0	1	0	0	991
30643213	31220677	0	0	0	0	486	0	0	992
31178704	31213349	0	0	0	0	7117	0	0	993
24845909	52559455	0	0	0	0	822	0	0	994
31184918	32601252	0	0	0	0	261	0	0	995
30971258	31094538	0	0	0	0	334	0	0	996
31089205	31092962	0	0	0	0	7393	0	0	997
9555889	0	0	0	0	0	56178	0	0	998
31044922	0	0	0	0	0	1192	0	0	999
