testpostId	trainPostId	TitleSim	BodySim	TagSim	LuceneHitRank	ProposedHitRank	lucene_hit_duration	Proposed_hit_duration_micro	Proposed_TestTrueLabel
61979426	61993479	0	0	0	0	16	0	131514	1
32857212	61760349	0	0	0	0	8	0	15622	10
58550163	58777915	0	0	0	0	286	0	481107	100
31063959	31125693	0	0	0	0	219	0	278654	1000
30946374	-100	0	0	0	0	-100	0	322628	1001
30983013	31038636	0	0	0	0	4	0	100261	1002
30470895	31018107	0	0	0	0	866	0	147131	1003
37944197	41030477	0	0	0	0	21	0	15623	1004
25934752	-100	0	0	0	0	-100	0	454348	1005
30918550	-100	0	0	0	0	-100	0	347683	1006
25946047	-100	0	0	0	0	-100	0	222709	1007
25587773	41171676	0	0	0	0	20	0	15632	1008
30778718	-100	0	0	0	0	-100	0	401137	1009
58756264	58761704	0	0	0	0	1	0	15622	101
23839142	41157332	0	0	0	0	2253	0	269502	1010
30719243	30720340	0	0	0	0	761	0	122502	1011
30652116	-100	0	0	0	0	-100	0	231325	1012
30600958	-100	0	0	0	0	-100	0	238273	1013
18257642	29454883	0	0	0	0	11	0	78126	1014
30460410	30560689	0	0	0	0	6	0	15646	1016
30540644	30541130	0	0	0	0	2467	0	354179	1017
30441657	48902732	0	0	0	0	304	0	269552	1018
30406560	-100	0	0	0	0	-100	0	247294	1019
51902438	58899541	0	0	0	0	106	0	269637	102
28628384	-100	0	0	0	0	-100	0	447555	1020
40901445	-100	0	0	0	0	-100	0	501370	1021
38109501	39337862	0	0	0	0	47	0	22128	1023
36571864	38601794	0	0	0	0	1143	0	263122	1024
33048097	44318860	0	0	0	0	248	0	84673	1025
30113308	30115455	0	0	0	0	918	0	385444	1026
30064401	30065418	0	0	0	0	21	0	46891	1027
30060278	39418783	0	0	0	0	36	0	69000	1028
30048642	30051162	0	0	0	0	13	0	169278	1029
58685422	58689515	0	0	0	0	965	0	485659	103
29648127	29991606	0	0	0	0	19	0	93752	1030
29981195	-100	0	0	0	0	-100	0	423171	1031
29957669	42564379	0	0	0	0	975	0	300775	1032
29948919	29954519	0	0	0	0	22	0	46871	1033
29902891	29905071	0	0	0	0	1121	0	216195	1034
29827948	29892116	0	0	0	0	969	0	53430	1035
29833571	29834397	0	0	0	0	872	0	347694	1036
29793398	50070741	0	0	0	0	1	0	15624	1037
19214914	29749661	0	0	0	0	1696	0	307317	1038
29775461	48774624	0	0	0	0	204	0	46879	1039
58677247	58793147	0	0	0	0	6	0	69034	104
25791018	29686198	0	0	0	0	3	0	0	1040
29583849	42723141	0	0	0	0	809	0	247428	1041
29669292	-100	0	0	0	0	-100	0	253904	1042
19895107	34539408	0	0	0	0	206	0	0	1043
29624895	29629049	0	0	0	0	82	0	31250	1044
29500139	-100	0	0	0	0	-100	0	216156	1045
29529021	29543785	0	0	0	0	194	0	15624	1046
29504327	29547506	0	0	0	0	126	0	0	1047
25330753	41551216	0	0	0	0	1105	0	169293	1049
58648886	58649510	0	0	0	0	1890	0	416281	105
29399820	29423270	0	0	0	0	56	0	69059	1050
27326929	29376031	0	0	0	0	995	0	200601	1051
29360182	29361182	0	0	0	0	9	0	15605	1052
16201906	-100	0	0	0	0	-100	0	184888	1053
39262534	-100	0	0	0	0	-100	0	416788	1055
5807766	29317192	0	0	0	0	9	0	69034	1056
29233480	29240134	0	0	0	0	7	0	100283	1057
19474552	29235114	0	0	0	0	7	0	100232	1058
29174774	29286588	0	0	0	0	1	0	31249	1059
58611777	58613149	0	0	0	0	775	0	316410	106
23588127	43478980	0	0	0	0	924	0	401046	1060
29125609	-100	0	0	0	0	-100	0	470238	1061
29102155	-100	0	0	0	0	-100	0	285147	1062
29009261	29012008	0	0	0	0	188	0	15624	1063
28964929	28988004	0	0	0	0	2102	0	330909	1064
28624592	28935768	0	0	0	0	1611	0	263081	1065
15960129	28789767	0	0	0	0	982	0	316446	1066
28771018	31162332	0	0	0	0	1057	0	454420	1067
28725115	28730387	0	0	0	0	194	0	0	1068
20637248	34609967	0	0	0	0	987	0	46877	1069
58593824	58595096	0	0	0	0	5	0	100263	107
28605657	28656683	0	0	0	0	987	0	100279	1070
28570289	28611858	0	0	0	0	7	0	37769	1071
28574757	-100	0	0	0	0	-100	0	316465	1072
23217681	24542583	0	0	0	0	70	0	0	1073
28529823	28532172	0	0	0	0	224	0	316383	1074
10306474	-100	0	0	0	0	-100	0	216163	1075
28436855	31961170	0	0	0	0	6	0	169293	1076
28461220	28474903	0	0	0	0	987	0	162790	1077
28370249	41324398	0	0	0	0	936	0	153684	1078
28360148	31675416	0	0	0	0	1	0	75605	1079
58551389	58560859	0	0	0	0	883	0	325811	108
27367914	-100	0	0	0	0	-100	0	216148	1081
28306604	28332566	0	0	0	0	3	0	31245	1082
28006813	28213620	0	0	0	0	1	0	37732	1083
10207564	-100	0	0	0	0	-100	0	378948	1084
12840294	-100	0	0	0	0	-100	0	322904	1085
28159936	28162445	0	0	0	0	1	0	100258	1087
20561190	28096239	0	0	0	0	177	0	0	1088
58531982	58542413	0	0	0	0	20	0	78130	109
45201654	-100	0	0	0	0	-100	0	222701	1090
14268814	-100	0	0	0	0	-100	0	516986	1091
20343611	-100	0	0	0	0	-100	0	247404	1092
11121385	-100	0	0	0	0	-100	0	354244	1093
27866705	27874548	0	0	0	0	42	0	78102	1094
8854046	-100	0	0	0	0	-100	0	222120	1095
10966109	-100	0	0	0	0	-100	0	301313	1096
27727590	30330104	0	0	0	0	439	0	162778	1097
26403919	27672134	0	0	0	0	1	0	0	1098
61649029	-100	0	0	0	0	-100	0	454469	11
58516071	58524163	0	0	0	0	11	0	62518	110
27650331	27651004	0	0	0	0	18	0	122411	1103
22329685	27593677	0	0	0	0	334	0	78119	1104
27606380	-100	0	0	0	0	-100	0	354146	1105
27583767	61200536	0	0	0	0	542	0	200519	1106
27552810	27564299	0	0	0	0	1445	0	285182	1107
27496127	-100	0	0	0	0	-100	0	231762	1108
27545423	-100	0	0	0	0	-100	0	532660	1109
56555281	58505386	0	0	0	0	4	0	53390	111
27478028	27538732	0	0	0	0	987	0	46874	1110
27497068	27507448	0	0	0	0	4	0	106767	1111
27454265	39513837	0	0	0	0	1696	0	417474	1113
15162741	-100	0	0	0	0	-100	0	200576	1114
19404270	43095645	0	0	0	0	71	0	100299	1115
10421668	27312597	0	0	0	0	113	0	0	1116
27282915	27296088	0	0	0	0	1	0	0	1117
27264266	27296022	0	0	0	0	2	0	31250	1118
27210745	-100	0	0	0	0	-100	0	216125	1119
57498890	-100	0	0	0	0	-100	0	216221	112
27184918	-100	0	0	0	0	-100	0	253941	1120
7942519	24440258	0	0	0	0	1849	0	285137	1121
15625990	-100	0	0	0	0	-100	0	547330	1122
18972845	30552847	0	0	0	0	1	0	20130	1123
21035101	27123428	0	0	0	0	1	0	30279	1124
22916337	27060527	0	0	0	0	56	0	0	1125
27014134	-100	0	0	0	0	-100	0	342121	1126
27004167	36852821	0	0	0	0	484	0	365903	1127
25528067	-100	0	0	0	0	-100	0	398044	1128
22396234	26952232	0	0	0	0	1	0	138026	1129
58370234	58375977	0	0	0	0	24	0	322632	113
26950123	-100	0	0	0	0	-100	0	316848	1130
24086498	26883864	0	0	0	0	23	0	22134	1131
23261760	26794236	0	0	0	0	196	0	93753	1132
26724124	34487641	0	0	0	0	731	0	222653	1133
26706159	30513616	0	0	0	0	28	0	115887	1134
26667162	36511909	0	0	0	0	51	0	0	1136
26618951	26621092	0	0	0	0	14	0	15623	1137
26574054	26574670	0	0	0	0	429	0	369796	1138
42749447	42793833	0	0	0	0	1464	0	200525	1139
58298622	58355299	0	0	0	0	1	0	31248	114
26394927	26396047	0	0	0	0	1	0	53398	1140
11365857	27205610	0	0	0	0	1	0	46879	1141
26354768	26359909	0	0	0	0	15	0	100276	1142
23678494	26332489	0	0	0	0	985	0	231762	1143
12075037	44167480	0	0	0	0	1	0	22136	1144
26112990	26249385	0	0	0	0	252	0	46879	1145
9319597	32406216	0	0	0	0	842	0	235299	1147
31613119	34491446	0	0	0	0	2	0	0	1148
24040280	26154260	0	0	0	0	614	0	236265	1149
57427059	58343088	0	0	0	0	837	0	184898	115
26145967	26159529	0	0	0	0	1	0	62516	1150
14926672	-100	0	0	0	0	-100	0	322932	1151
12468574	26025430	0	0	0	0	54	0	0	1152
26003574	57123813	0	0	0	0	866	0	285161	1153
25960517	-100	0	0	0	0	-100	0	231836	1155
25876755	-100	0	0	0	0	-100	0	216205	1157
25727473	25762371	0	0	0	0	11	0	31247	1158
25565817	25742400	0	0	0	0	858	0	222629	1159
47719961	58295133	0	0	0	0	785	0	100278	116
25697358	-100	0	0	0	0	-100	0	78150	1160
25640114	36779537	0	0	0	0	11	0	53367	1161
25516365	-100	0	0	0	0	-100	0	401070	1162
7721262	55186549	0	0	0	0	1175	0	231783	1163
11846295	43696806	0	0	0	0	845	0	416662	1164
25466013	25474682	0	0	0	0	10	0	53391	1165
25145982	55710990	0	0	0	0	18	0	84632	1168
29170099	-100	0	0	0	0	-100	0	231784	1169
58250126	58250531	0	0	0	0	1	0	0	117
25245076	25276758	0	0	0	0	21	0	100322	1170
34731975	49452857	0	0	0	0	200	0	15607	1171
25178452	-100	0	0	0	0	-100	0	438876	1172
12647774	25171210	0	0	0	0	1611	0	162761	1173
24940246	25273767	0	0	0	0	206	0	0	1174
25109672	25547152	0	0	0	0	12	0	100259	1175
25102617	-100	0	0	0	0	-100	0	369810	1176
25056597	25076293	0	0	0	0	112	0	0	1177
25020092	36671531	0	0	0	0	969	0	216144	1178
24942366	24944151	0	0	0	0	6	0	31266	1179
58188784	58194795	0	0	0	0	10	0	115907	118
18093107	24953127	0	0	0	0	131	0	122452	1180
24916945	-100	0	0	0	0	-100	0	231759	1181
9378482	-100	0	0	0	0	-100	0	231805	1182
24701419	24810470	0	0	0	0	42	0	0	1183
24129772	24783826	0	0	0	0	1	0	22135	1184
24767751	-100	0	0	0	0	-100	0	194010	1185
22086780	24759346	0	0	0	0	969	0	122418	1186
24379743	24668240	0	0	0	0	136	0	62494	1187
8251632	32798526	0	0	0	0	9	0	37808	1188
23252231	24501245	0	0	0	0	5	0	115919	1189
58176637	58194938	0	0	0	0	5	0	115865	119
24467936	24473055	0	0	0	0	376	0	100279	1190
24424928	24432291	0	0	0	0	10	0	53429	1191
24356683	24873550	0	0	0	0	188	0	0	1192
11144551	17878048	0	0	0	0	75	0	62528	1193
24305672	24308718	0	0	0	0	214	0	172765	1194
30006822	-100	0	0	0	0	-100	0	228338	1195
24242704	24257271	0	0	0	0	1	0	15622	1196
18647777	24231827	0	0	0	0	203	0	122413	1197
24195562	24207457	0	0	0	0	27	0	100265	1198
24195255	24197181	0	0	0	0	112	0	0	1199
61702762	-100	0	0	0	0	-100	0	216214	12
58148340	58164989	0	0	0	0	1	0	84628	120
24157990	24162675	0	0	0	0	7	0	46880	1200
24135157	-100	0	0	0	0	-100	0	285174	1201
24033733	24039621	0	0	0	0	7	0	131490	1202
23961022	23969411	0	0	0	0	1506	0	231765	1203
23875757	-100	0	0	0	0	-100	0	222654	1204
23861047	25994307	0	0	0	0	1141	0	162795	1205
10404224	-100	0	0	0	0	-100	0	238267	1207
23840523	-100	0	0	0	0	-100	0	200587	1208
23836169	-100	0	0	0	0	-100	0	200298	1209
58159645	-100	0	0	0	0	-100	0	347673	121
23436577	23833294	0	0	0	0	206	0	0	1210
16289182	33887083	0	0	0	0	969	0	100305	1212
23729980	23739359	0	0	0	0	255	0	184912	1213
8732461	-100	0	0	0	0	-100	0	216145	1214
22945651	59079147	0	0	0	0	30	0	118286	1215
23618813	23637902	0	0	0	0	8	0	50404	1216
8203818	-100	0	0	0	0	-100	0	414539	1217
16284766	-100	0	0	0	0	-100	0	401162	1218
23483421	23493873	0	0	0	0	21	0	100304	1219
58131498	58132035	0	0	0	0	35	0	15604	122
22287498	-100	0	0	0	0	-100	0	401160	1220
13189467	-100	0	0	0	0	-100	0	238242	1221
21185336	23444693	0	0	0	0	3	0	100294	1222
26291988	31721023	0	0	0	0	2169	0	184892	1223
23327746	23329178	0	0	0	0	1	0	100299	1224
23307653	23309515	0	0	0	0	1779	0	347696	1225
19920281	29992066	0	0	0	0	470	0	231814	1226
23155365	23165452	0	0	0	0	164	0	0	1227
58020350	58026182	0	0	0	0	837	0	122455	123
23077125	-100	0	0	0	0	-100	0	200518	1232
29980426	-100	0	0	0	0	-100	0	278707	1238
58021216	58083701	0	0	0	0	7	0	138026	124
18171246	-100	0	0	0	0	-100	0	347695	1241
44200195	51552203	0	0	0	0	30	0	37757	1242
29241492	-100	0	0	0	0	-100	0	216146	1243
23017552	23035841	0	0	0	0	1081	0	385402	1244
4559175	38448310	0	0	0	0	695	0	162757	1245
23026145	-100	0	0	0	0	-100	0	356739	1246
19936432	22944707	0	0	0	0	639	0	300853	1247
22920381	-100	0	0	0	0	-100	0	222653	1248
22893028	22893290	0	0	0	0	43	0	93752	1249
57935571	-100	0	0	0	0	-100	0	338549	125
22863771	-100	0	0	0	0	-100	0	269519	1250
22803814	-100	0	0	0	0	-100	0	347782	1251
22736107	22868923	0	0	0	0	210	0	69049	1252
12362857	-100	0	0	0	0	-100	0	231776	1253
22661397	22788870	0	0	0	0	1396	0	269556	1254
8843700	32499520	0	0	0	0	186	0	216169	1255
22558887	31416347	0	0	0	0	1	0	69018	1256
11672050	-100	0	0	0	0	-100	0	0	1257
22492219	22510100	0	0	0	0	31	0	0	1258
22480052	34623780	0	0	0	0	1	0	15651	1260
11134812	42481827	0	0	0	0	7	0	31250	1261
22380926	22453482	0	0	0	0	107	0	147107	1262
16390221	31432176	0	0	0	0	392	0	222680	1263
16626462	29696172	0	0	0	0	23	0	31231	1265
21895585	-100	0	0	0	0	-100	0	209171	1266
19885381	33103203	0	0	0	0	1098	0	245340	1269
57937662	57946786	0	0	0	0	998	0	162765	127
28748046	28761809	0	0	0	0	969	0	184952	1271
14983805	29100911	0	0	0	0	13	0	15631	1272
2858014	45460273	0	0	0	0	7	0	53404	1273
22218640	58383926	0	0	0	0	205	0	162752	1274
22182442	26336180	0	0	0	0	188	0	22156	1275
22177756	-100	0	0	0	0	-100	0	216186	1276
22116489	-100	0	0	0	0	-100	0	485667	1277
22133577	-100	0	0	0	0	-100	0	263033	1278
21987834	37619534	0	0	0	0	837	0	184890	1279
57914461	57962514	0	0	0	0	837	0	84644	128
22003683	-100	0	0	0	0	-100	0	216136	1280
18287981	25069798	0	0	0	0	16	0	46872	1281
21917358	21923028	0	0	0	0	969	0	153686	1282
12464396	24949065	0	0	0	0	1	0	15620	1283
21760298	21764361	0	0	0	0	8	0	15649	1284
21748852	-100	0	0	0	0	-100	0	423321	1286
21716567	21748598	0	0	0	0	13	0	178421	1287
20671888	21667581	0	0	0	0	13	0	37765	1288
49346939	-100	0	0	0	0	-100	0	347726	129
21630406	21663007	0	0	0	0	1675	0	285036	1291
18511249	21618556	0	0	0	0	593	0	354178	1292
16880627	21613467	0	0	0	0	362	0	178424	1293
7963393	27153974	0	0	0	0	706	0	138024	1294
21596906	-100	0	0	0	0	-100	0	285166	1295
21502181	-100	0	0	0	0	-100	0	0	1296
61192872	-100	0	0	0	0	-100	0	231837	13
57875654	59307289	0	0	0	0	451	0	184919	130
21435339	21477525	0	0	0	0	21	0	100281	1302
21295936	21644848	0	0	0	0	731	0	162763	1303
39632751	41743949	0	0	0	0	520	0	285135	1304
17595796	-100	0	0	0	0	-100	0	238284	1305
21273691	21274527	0	0	0	0	809	0	78130	1306
1395577	5182238	0	0	0	0	112	0	0	1307
20670892	21041499	0	0	0	0	293	0	84639	1308
19791917	20971453	0	0	0	0	1076	0	354151	1309
57867429	57870092	0	0	0	0	3	0	62498	131
20941744	20950880	0	0	0	0	2296	0	401064	1310
17766989	20915114	0	0	0	0	18	0	169343	1311
14490071	-100	0	0	0	0	-100	0	266961	1312
20749444	30740613	0	0	0	0	13	0	37777	1314
20679635	20682542	0	0	0	0	1745	0	401060	1315
18355686	20602751	0	0	0	0	222	0	162781	1316
44616530	52554822	0	0	0	0	7	0	84637	1317
9071020	20562177	0	0	0	0	2	0	53419	1318
20518376	20527711	0	0	0	0	570	0	194046	1319
57820798	57864965	0	0	0	0	1	0	6507	132
19470426	35020810	0	0	0	0	988	0	216192	1321
15875786	29790915	0	0	0	0	8	0	46872	1322
15059093	25007324	0	0	0	0	837	0	138083	1323
13942202	-100	0	0	0	0	-100	0	254561	1324
14645363	38686427	0	0	0	0	768	0	246424	1325
10802806	-100	0	0	0	0	-100	0	231774	1326
20290069	20291599	0	0	0	0	51	0	100299	1327
5671719	-100	0	0	0	0	-100	0	216136	1328
20238175	-100	0	0	0	0	-100	0	231824	1329
47720329	59808375	0	0	0	0	957	0	269571	133
20201070	37736782	0	0	0	0	987	0	253922	1330
15403903	25315309	0	0	0	0	348	0	131536	1331
17808575	-100	0	0	0	0	-100	0	231781	1332
19851655	-100	0	0	0	0	-100	0	338607	1333
6967664	27611438	0	0	0	0	886	0	263092	1334
20039335	20076511	0	0	0	0	206	0	15623	1335
27114926	-100	0	0	0	0	-100	0	354147	1337
16111242	19894471	0	0	0	0	779	0	332041	1338
19787909	19792110	0	0	0	0	1	0	0	1339
57759059	57779014	0	0	0	0	9	0	115893	134
19686892	-100	0	0	0	0	-100	0	239681	1340
19716535	19735509	0	0	0	0	1404	0	253936	1341
29125019	30765866	0	0	0	0	112	0	0	1342
27677283	30468455	0	0	0	0	969	0	100260	1343
6886416	19507919	0	0	0	0	1	0	100261	1344
15502263	19410781	0	0	0	0	901	0	115893	1345
18473382	19330546	0	0	0	0	7	0	131526	1346
12392404	-100	0	0	0	0	-100	0	131551	1347
19253820	-100	0	0	0	0	-100	0	153700	1348
19284824	19326234	0	0	0	0	234	0	169192	1349
57601875	57798411	0	0	0	0	12	0	78148	135
19196923	33359284	0	0	0	0	10	0	84642	1350
33501032	-100	0	0	0	0	-100	0	238318	1353
12806128	19014531	0	0	0	0	507	0	131505	1354
19009308	-100	0	0	0	0	-100	0	231765	1355
18881073	28576729	0	0	0	0	1077	0	138009	1356
18821862	-100	0	0	0	0	-100	0	200561	1357
16838613	18789330	0	0	0	0	21	0	172205	1358
18694281	-100	0	0	0	0	-100	0	230760	1359
57547769	57680924	0	0	0	0	34	0	0	136
18720036	-100	0	0	0	0	-100	0	201650	1360
18706182	18726155	0	0	0	0	955	0	264559	1361
17266780	49124254	0	0	0	0	1	0	62475	1362
11693599	42112654	0	0	0	0	1	0	22152	1364
3611314	-100	0	0	0	0	-100	0	115890	1365
18396525	18397245	0	0	0	0	112	0	0	1366
18349053	-100	0	0	0	0	-100	0	231785	1367
24070714	-100	0	0	0	0	-100	0	454453	1368
57253488	57672160	0	0	0	0	16	0	31278	137
40385321	-100	0	0	0	0	-100	0	216167	1370
13701347	61969752	0	0	0	0	34	0	84631	1371
9617629	27676179	0	0	0	0	1	0	31246	1372
18110397	-100	0	0	0	0	-100	0	411143	1373
18067519	-100	0	0	0	0	-100	0	221631	1375
18028920	18033568	0	0	0	0	3	0	37762	1376
18018097	18083363	0	0	0	0	2	0	62528	1377
4765256	17879766	0	0	0	0	817	0	285182	1378
17178831	36373630	0	0	0	0	486	0	253929	1379
52532428	57655036	0	0	0	0	1070	0	463560	138
21729415	51158486	0	0	0	0	20	0	53399	1380
17778543	42701409	0	0	0	0	778	0	316467	1381
17761858	-100	0	0	0	0	-100	0	285214	1382
17750893	-100	0	0	0	0	-100	0	269588	1383
17718842	17719480	0	0	0	0	206	0	0	1384
12038160	31412724	0	0	0	0	63	0	0	1385
17631895	17657920	0	0	0	0	1	0	15630	1386
17569309	-100	0	0	0	0	-100	0	216139	1387
57657901	-100	0	0	0	0	-100	0	231804	139
7355187	12307139	0	0	0	0	25	0	0	1392
17389533	24430053	0	0	0	0	34	0	69037	1393
17385801	17393108	0	0	0	0	34	0	62500	1394
11070101	26562926	0	0	0	0	954	0	385482	1395
17306695	17329288	0	0	0	0	36	0	22132	1396
12609816	17218305	0	0	0	0	842	0	278693	1397
20592886	20880558	0	0	0	0	4	0	37764	1398
61602871	-100	0	0	0	0	-100	0	247077	14
57647120	-100	0	0	0	0	-100	0	216211	140
17222942	17288379	0	0	0	0	76	0	153669	1400
17222981	-100	0	0	0	0	-100	0	184915	1401
15486551	17151024	0	0	0	0	837	0	147179	1402
17121390	17127645	0	0	0	0	5	0	69011	1405
29062766	31458051	0	0	0	0	9	0	31251	1407
39137287	39164688	0	0	0	0	1	0	0	1408
17107206	-100	0	0	0	0	-100	0	0	1409
57609922	57610899	0	0	0	0	5	0	148669	141
14041601	17061016	0	0	0	0	196	0	35744	1410
16963137	34814478	0	0	0	0	837	0	247428	1411
16902902	-100	0	0	0	0	-100	0	216164	1412
12417454	16798605	0	0	0	0	1	0	15626	1413
16705468	16706578	0	0	0	0	264	0	238288	1414
15591880	16694587	0	0	0	0	31	0	115880	1415
57529808	57577735	0	0	0	0	426	0	247435	142
24331730	-100	0	0	0	0	-100	0	207129	1423
11561856	-100	0	0	0	0	-100	0	347187	1424
5745886	-100	0	0	0	0	-100	0	216131	1425
16475081	16559250	0	0	0	0	234	0	84638	1426
15913417	16542994	0	0	0	0	206	0	0	1427
16512371	-100	0	0	0	0	-100	0	454458	1428
3685285	29262916	0	0	0	0	837	0	200544	1429
57356463	57571196	0	0	0	0	1083	0	394586	143
15860071	23543825	0	0	0	0	2	0	37769	1430
16474179	-100	0	0	0	0	-100	0	447969	1431
16253789	-100	0	0	0	0	-100	0	222676	1432
6132332	16310387	0	0	0	0	273	0	62521	1437
26477679	26491934	0	0	0	0	1125	0	84610	1438
16255579	34797443	0	0	0	0	837	0	247438	1439
39484118	58028528	0	0	0	0	1040	0	207041	144
16221742	16239153	0	0	0	0	969	0	231812	1440
16200667	-100	0	0	0	0	-100	0	216188	1441
1429476	-100	0	0	0	0	-100	0	385176	1443
16132625	16152161	0	0	0	0	206	0	15648	1444
14875493	16115102	0	0	0	0	28	0	46850	1446
10535235	47006881	0	0	0	0	3	0	22140	1447
16070405	16072487	0	0	0	0	6	0	84626	1448
14604820	15996692	0	0	0	0	206	0	15631	1449
15960352	-100	0	0	0	0	-100	0	316411	1450
10807804	-100	0	0	0	0	-100	0	200535	1452
15853204	45372987	0	0	0	0	22	0	31248	1453
15816532	-100	0	0	0	0	-100	0	253918	1454
15660954	15730793	0	0	0	0	59	0	15627	1455
15673550	21605401	0	0	0	0	13	0	115877	1456
15670799	15671568	0	0	0	0	6	0	69011	1457
15647282	17222380	0	0	0	0	348	0	157198	1458
9023256	14058832	0	0	0	0	11	0	20066	1459
57430411	57465187	0	0	0	0	25	0	48385	146
15591704	15593537	0	0	0	0	1	0	2040	1460
5352099	-100	0	0	0	0	-100	0	211614	1461
15421130	23792137	0	0	0	0	22	0	70598	1462
14975638	15489065	0	0	0	0	11	0	28236	1463
5225823	-100	0	0	0	0	-100	0	219058	1464
14899197	15475832	0	0	0	0	11	0	22137	1465
15431924	15447622	0	0	0	0	112	0	15634	1466
15267018	15298359	0	0	0	0	4	0	31245	1467
15258954	16626168	0	0	0	0	491	0	165805	1468
9968976	18598953	0	0	0	0	1	0	18071	1469
57385749	57447378	0	0	0	0	969	0	62377	147
11940605	28094645	0	0	0	0	206	0	10060	1470
18487369	51901813	0	0	0	0	1001	0	389983	1471
11056625	15141952	0	0	0	0	110	0	15637	1472
15112440	30806577	0	0	0	0	845	0	347642	1473
15097497	15147336	0	0	0	0	1399	0	216148	1474
15046111	15069078	0	0	0	0	353	0	184903	1475
14800161	-100	0	0	0	0	-100	0	229057	1476
15044342	-100	0	0	0	0	-100	0	283985	1477
15039039	36297815	0	0	0	0	33	0	138036	1478
19014360	22605238	0	0	0	0	8	0	46901	1479
57438355	57442652	0	0	0	0	1779	0	269576	148
11738844	-100	0	0	0	0	-100	0	231762	1480
14983347	-100	0	0	0	0	-100	0	200561	1481
14964457	14968103	0	0	0	0	37	0	31246	1482
14237467	15073114	0	0	0	0	3	0	0	1483
14883925	14884346	0	0	0	0	1	0	84654	1484
9863604	30266732	0	0	0	0	837	0	153649	1485
14871818	14874909	0	0	0	0	147	0	15605	1486
10498477	-100	0	0	0	0	-100	0	200558	1487
14827853	14870400	0	0	0	0	534	0	231803	1488
2643939	15968494	0	0	0	0	1864	0	454500	1489
57363854	-100	0	0	0	0	-100	0	285550	149
6022898	14771546	0	0	0	0	924	0	374765	1490
8081931	32120291	0	0	0	0	264	0	199367	1492
9422945	20150234	0	0	0	0	1	0	92705	1493
13703344	14687326	0	0	0	0	17	0	18120	1494
14680075	31897329	0	0	0	0	837	0	216487	1495
14647988	35904363	0	0	0	0	1011	0	416689	1496
14671609	14672171	0	0	0	0	4	0	69024	1497
2894775	-100	0	0	0	0	-100	0	363303	1498
61583902	61584580	0	0	0	0	1	0	115907	15
57334741	-100	0	0	0	0	-100	0	200496	150
8852406	14612190	0	0	0	0	1	0	53425	1500
12723182	14501305	0	0	0	0	1199	0	247410	1501
14366406	-100	0	0	0	0	-100	0	222526	1502
14124373	14358526	0	0	0	0	1655	0	401143	1504
5713713	23679925	0	0	0	0	1	0	15652	1505
2824965	-100	0	0	0	0	-100	0	200569	1506
8899096	-100	0	0	0	0	-100	0	300770	1507
13773770	-100	0	0	0	0	-100	0	300823	1508
10566473	-100	0	0	0	0	-100	0	247414	1509
49435632	57349958	0	0	0	0	26	0	169275	151
8708048	39393514	0	0	0	0	7	0	69021	1511
11366964	50883294	0	0	0	0	924	0	231775	1514
12675147	-100	0	0	0	0	-100	0	401103	1515
57191083	57298332	0	0	0	0	2825	0	385302	152
11950703	13984470	0	0	0	0	348	0	100265	1521
13912387	-100	0	0	0	0	-100	0	231784	1522
13871818	-100	0	0	0	0	-100	0	231802	1523
12112558	-100	0	0	0	0	-100	0	69052	1524
13706188	-100	0	0	0	0	-100	0	216150	1525
12546365	-100	0	0	0	0	-100	0	285150	1527
6986657	13594968	0	0	0	0	1642	0	332092	1528
13550501	-100	0	0	0	0	-100	0	222700	1529
57031898	57294988	0	0	0	0	47	0	131515	153
13407236	13457562	0	0	0	0	837	0	131569	1530
3650862	32637159	0	0	0	0	49	0	100285	1531
17691036	33813972	0	0	0	0	11	0	115901	1532
6329962	17240536	0	0	0	0	9	0	122439	1533
8896820	14099218	0	0	0	0	34	0	131551	1535
8751497	-100	0	0	0	0	-100	0	247431	1536
10706753	43216262	0	0	0	0	837	0	244953	1537
13176741	-100	0	0	0	0	-100	0	261642	1538
13132111	-100	0	0	0	0	-100	0	201331	1539
57220792	57226542	0	0	0	0	2102	0	304803	154
13106645	-100	0	0	0	0	-100	0	337518	1540
13063273	-100	0	0	0	0	-100	0	221573	1541
13023274	-100	0	0	0	0	-100	0	191617	1542
12975794	12976569	0	0	0	0	1	0	10107	1543
7492274	-100	0	0	0	0	-100	0	562742	1544
36668078	36676878	0	0	0	0	9	0	269304	1545
12786335	-100	0	0	0	0	-100	0	332007	1546
11751047	12894306	0	0	0	0	837	0	135610	1547
12829995	12831524	0	0	0	0	76	0	15626	1548
12766253	-100	0	0	0	0	-100	0	231768	1549
57032447	57209060	0	0	0	0	837	0	322924	155
10689055	52844649	0	0	0	0	1520	0	145175	1550
12584704	12599684	0	0	0	0	1	0	2051	1551
10303241	12582793	0	0	0	0	396	0	396840	1552
12416880	12523548	0	0	0	0	1	0	69014	1553
7960798	34091811	0	0	0	0	969	0	31248	1556
12125364	49781741	0	0	0	0	1196	0	347656	1557
12362866	12385103	0	0	0	0	1783	0	222677	1558
8197559	25211078	0	0	0	0	837	0	100324	1559
49827119	57281786	0	0	0	0	88	0	162734	156
9508747	27718360	0	0	0	0	695	0	153657	1561
6902087	-100	0	0	0	0	-100	0	242318	1562
3094232	-100	0	0	0	0	-100	0	201554	1563
12100856	12709933	0	0	0	0	534	0	159309	1564
12019638	12023403	0	0	0	0	125	0	2036	1566
12018499	33079500	0	0	0	0	9	0	48353	1567
7425100	11954734	0	0	0	0	626	0	324212	1568
57110805	57160711	0	0	0	0	8	0	40264	157
11676476	12139934	0	0	0	0	1570	0	249598	1570
11851240	11892241	0	0	0	0	1215	0	332088	1571
10438969	-100	0	0	0	0	-100	0	492701	1573
11668904	37998364	0	0	0	0	409	0	276035	1574
11650996	11669945	0	0	0	0	30	0	15626	1575
2247045	-100	0	0	0	0	-100	0	231775	1578
11301738	11606441	0	0	0	0	1	0	6508	1579
57024793	58739159	0	0	0	0	152	0	31278	158
3642535	11486369	0	0	0	0	2101	0	347621	1581
3932038	42707308	0	0	0	0	896	0	322973	1582
10035551	11393123	0	0	0	0	1	0	31277	1583
11394091	-100	0	0	0	0	-100	0	216157	1584
12925063	-100	0	0	0	0	-100	0	253940	1585
9096671	11353287	0	0	0	0	1611	0	216204	1586
11254452	11288900	0	0	0	0	199	0	46851	1587
11280277	30894636	0	0	0	0	1399	0	231541	1588
10306831	59741003	0	0	0	0	931	0	385454	1589
57101282	57293986	0	0	0	0	2405	0	385429	159
9220849	20849641	0	0	0	0	4	0	15625	1590
10675360	-100	0	0	0	0	-100	0	222649	1591
3835714	-100	0	0	0	0	-100	0	216150	1592
17368223	17655648	0	0	0	0	837	0	137091	1596
10646665	10943695	0	0	0	0	1426	0	310750	1597
5415132	40391272	0	0	0	0	1	0	15623	1598
10939516	-100	0	0	0	0	-100	0	216142	1599
53697235	61446108	0	0	0	0	837	0	138014	16
57029872	-100	0	0	0	0	-100	0	162781	160
10806404	-100	0	0	0	0	-100	0	301107	1600
8889554	-100	0	0	0	0	-100	0	184206	1601
7726034	15383057	0	0	0	0	88	0	0	1602
10892803	10908553	0	0	0	0	1	0	31229	1603
9527802	-100	0	0	0	0	-100	0	215109	1604
10859858	10861278	0	0	0	0	507	0	238747	1605
10826357	10851976	0	0	0	0	185	0	0	1606
10840741	-100	0	0	0	0	-100	0	216208	1607
2564258	19038396	0	0	0	0	31	0	46852	1608
24590154	42562128	0	0	0	0	857	0	269544	1609
56981960	56990956	0	0	0	0	2316	0	300813	161
2409317	10770698	0	0	0	0	1611	0	147158	1610
10762287	46639120	0	0	0	0	1	0	22134	1611
9317923	10740100	0	0	0	0	3	0	46903	1612
10662314	-100	0	0	0	0	-100	0	269559	1613
10661295	-100	0	0	0	0	-100	0	485706	1615
10620862	47021117	0	0	0	0	1	0	46877	1616
10305614	10572878	0	0	0	0	837	0	115909	1617
5320814	10562078	0	0	0	0	488	0	216138	1618
7019912	-100	0	0	0	0	-100	0	245824	1619
41701807	56804019	0	0	0	0	1798	0	320554	162
9867225	-100	0	0	0	0	-100	0	221153	1620
10532192	-100	0	0	0	0	-100	0	447975	1621
10431403	-100	0	0	0	0	-100	0	231809	1623
10411871	-100	0	0	0	0	-100	0	222694	1624
10368180	16028659	0	0	0	0	837	0	78126	1625
3483203	15720545	0	0	0	0	21	0	169385	1627
56960608	56972840	0	0	0	0	731	0	100277	163
3699405	-100	0	0	0	0	-100	0	247454	1630
9895811	-100	0	0	0	0	-100	0	354184	1631
24536154	27125672	0	0	0	0	112	0	100286	1632
8998884	-100	0	0	0	0	-100	0	200539	1633
7943695	-100	0	0	0	0	-100	0	200514	1634
10049602	10055602	0	0	0	0	125	0	0	1635
10032052	-100	0	0	0	0	-100	0	247413	1636
5587676	-100	0	0	0	0	-100	0	200543	1637
10004847	11028353	0	0	0	0	1	0	6509	1638
3796266	-100	0	0	0	0	-100	0	216147	1639
56863566	56927812	0	0	0	0	1072	0	285150	164
7680959	11261399	0	0	0	0	133	0	263024	1640
9965747	9968578	0	0	0	0	68	0	31248	1641
15034471	15042418	0	0	0	0	5	0	84634	1642
9915824	20768286	0	0	0	0	1	0	22135	1643
39005958	51707582	0	0	0	0	20	0	62505	1646
9862519	-100	0	0	0	0	-100	0	200579	1647
9851655	-100	0	0	0	0	-100	0	200535	1648
9829424	9840509	0	0	0	0	1188	0	300821	1649
12362176	-100	0	0	0	0	-100	0	338518	165
9558040	13219387	0	0	0	0	957	0	300842	1650
9661469	9669411	0	0	0	0	1	0	78146	1651
8273313	18492844	0	0	0	0	1799	0	300870	1652
7885147	34008486	0	0	0	0	969	0	209928	1653
9465817	-100	0	0	0	0	-100	0	112827	1654
3606697	61531149	0	0	0	0	1611	0	300859	1655
11214012	27028825	0	0	0	0	1	0	31275	1656
9505495	10526005	0	0	0	0	1	0	0	1657
7854433	-100	0	0	0	0	-100	0	211620	1658
9449184	-100	0	0	0	0	-100	0	269055	1659
56761115	56832079	0	0	0	0	11	0	46879	166
9184969	10112587	0	0	0	0	837	0	169328	1660
4427234	9277363	0	0	0	0	1	0	84632	1661
2231993	-100	0	0	0	0	-100	0	162821	1662
17638090	-100	0	0	0	0	-100	0	338610	1663
9171036	-100	0	0	0	0	-100	0	463589	1664
9035674	14547069	0	0	0	0	324	0	138043	1665
9060569	-100	0	0	0	0	-100	0	216250	1666
9060457	29948585	0	0	0	0	15	0	62495	1667
9058728	9059726	0	0	0	0	657	0	322997	1668
8935523	8947483	0	0	0	0	884	0	131522	1669
56817353	56817718	0	0	0	0	13	0	184937	167
7368262	13642092	0	0	0	0	40	0	31245	1670
8888516	-100	0	0	0	0	-100	0	231836	1671
6258004	-100	0	0	0	0	-100	0	386573	1672
4227223	4512465	0	0	0	0	65	0	70524	1673
8761857	-100	0	0	0	0	-100	0	201548	1674
8743556	-100	0	0	0	0	-100	0	331123	1675
8153594	-100	0	0	0	0	-100	0	216248	1676
8637993	-100	0	0	0	0	-100	0	231781	1677
8539303	8540143	0	0	0	0	1	0	22163	1678
8499378	15273148	0	0	0	0	837	0	115961	1679
56770222	56776207	0	0	0	0	2	0	15622	168
8400901	-100	0	0	0	0	-100	0	216198	1680
8389913	8390943	0	0	0	0	1	0	0	1681
1400937	8321081	0	0	0	0	26	0	69039	1682
8204972	-100	0	0	0	0	-100	0	285139	1683
8260808	-100	0	0	0	0	-100	0	200602	1684
6644997	18994631	0	0	0	0	1019	0	332044	1685
2436688	17046336	0	0	0	0	20	0	31253	1686
8161836	-100	0	0	0	0	-100	0	461100	1687
8055508	24192428	0	0	0	0	5	0	30318	1688
7235657	52382298	0	0	0	0	2687	0	428266	1689
56708929	56710379	0	0	0	0	5	0	15651	169
2535234	-100	0	0	0	0	-100	0	238385	1690
13281303	-100	0	0	0	0	-100	0	247426	1692
8096313	-100	0	0	0	0	-100	0	222697	1694
8023315	-100	0	0	0	0	-100	0	231780	1695
6558921	6933598	0	0	0	0	116	0	115884	1697
61493218	61514348	0	0	0	0	333	0	200528	17
56736475	56768930	0	0	0	0	1	0	15647	170
2547402	-100	0	0	0	0	-100	0	238341	1701
7901925	7903972	0	0	0	0	841	0	194011	1702
7883154	17959817	0	0	0	0	837	0	189308	1703
7864931	-100	0	0	0	0	-100	0	259836	1704
16846380	43211628	0	0	0	0	206	0	10081	1705
56615319	56720250	0	0	0	0	200	0	10072	171
7666807	-100	0	0	0	0	-100	0	193376	1711
14784302	-100	0	0	0	0	-100	0	221221	1712
7611169	15624656	0	0	0	0	9	0	37758	1713
7473067	7486450	0	0	0	0	68	0	0	1714
2765374	-100	0	0	0	0	-100	0	252906	1715
7451354	-100	0	0	0	0	-100	0	205407	1716
34693989	-100	0	0	0	0	-100	0	332135	1718
13137912	28301188	0	0	0	0	1151	0	338468	1719
56705711	56717677	0	0	0	0	143	0	115885	172
7326865	-100	0	0	0	0	-100	0	216211	1721
5913006	7280421	0	0	0	0	13	0	131529	1723
7169202	7756604	0	0	0	0	189	0	115887	1724
3311940	25232624	0	0	0	0	168	0	84639	1725
56702965	56704121	0	0	0	0	1	0	69078	173
1815606	3452086	0	0	0	0	677	0	153656	1735
7549694	61266084	0	0	0	0	1312	0	394385	1738
12409960	29357612	0	0	0	0	5	0	153728	1739
56659665	-100	0	0	0	0	-100	0	231810	174
5453336	-100	0	0	0	0	-100	0	203736	1740
10525957	10536396	0	0	0	0	837	0	120802	1741
6675066	59181206	0	0	0	0	973	0	322172	1743
7004710	-100	0	0	0	0	-100	0	213848	1744
7001799	35633239	0	0	0	0	837	0	269952	1746
6979917	17548385	0	0	0	0	862	0	269628	1747
6901238	-100	0	0	0	0	-100	0	247423	1748
56629367	56634463	0	0	0	0	1538	0	269591	175
27637455	36133374	0	0	0	0	838	0	332131	1751
9917049	34496000	0	0	0	0	1	0	31247	1752
3744178	7299440	0	0	0	0	1	0	15645	1753
6592214	6593587	0	0	0	0	102	0	0	1754
6550510	-100	0	0	0	0	-100	0	222692	1756
1195826	-100	0	0	0	0	-100	0	332105	1757
5916854	6325908	0	0	0	0	1	0	46850	1758
56597412	56598005	0	0	0	0	987	0	238259	176
47941228	47942864	0	0	0	0	5	0	84652	1762
3727822	-100	0	0	0	0	-100	0	115860	1763
3209761	3551955	0	0	0	0	1	0	15647	1764
1828206	-100	0	0	0	0	-100	0	253939	1765
22569176	57457590	0	0	0	0	452	0	200577	1766
56570680	56582808	0	0	0	0	13	0	93750	177
56530842	56532527	0	0	0	0	7	0	37776	178
3099219	26727741	0	0	0	0	973	0	363406	1781
26917689	40837588	0	0	0	0	9	0	138091	1782
1249548	7993722	0	0	0	0	946	0	516989	1784
3864535	11724311	0	0	0	0	837	0	216188	1786
18406991	20432635	0	0	0	0	1	0	15627	1788
56503342	56515650	0	0	0	0	200	0	15599	179
11020437	28890227	0	0	0	0	837	0	84656	1792
6123378	-100	0	0	0	0	-100	0	253923	1793
1848331	-100	0	0	0	0	-100	0	231845	1794
12040245	31458536	0	0	0	0	1	0	0	1796
6085238	51892875	0	0	0	0	837	0	269551	1797
6025051	-100	0	0	0	0	-100	0	200627	1798
6007883	-100	0	0	0	0	-100	0	432320	1799
61417517	61467044	0	0	0	0	17	0	84662	18
56484967	56496925	0	0	0	0	101	0	0	180
5980240	-100	0	0	0	0	-100	0	354261	1800
5831794	-100	0	0	0	0	-100	0	216246	1802
1567718	-100	0	0	0	0	-100	0	263096	1803
5251507	-100	0	0	0	0	-100	0	470385	1804
5749252	5761576	0	0	0	0	8	0	39469	1805
5665599	31926022	0	0	0	0	1	0	60434	1806
56490797	56491759	0	0	0	0	5	0	131503	181
2126108	-100	0	0	0	0	-100	0	222492	1812
5161055	5581023	0	0	0	0	1	0	78124	1813
9198637	17462504	0	0	0	0	837	0	184898	1815
8091303	-100	0	0	0	0	-100	0	485807	1816
4347634	44278665	0	0	0	0	176	0	300809	1818
32640551	-100	0	0	0	0	-100	0	385543	182
5461196	5465314	0	0	0	0	351	0	269531	1821
4167529	5333280	0	0	0	0	59	0	100277	1822
28159143	28807266	0	0	0	0	1362	0	332088	1824
15059076	-100	0	0	0	0	-100	0	253866	1825
28751023	33314971	0	0	0	0	188	0	15631	1826
4785933	5223113	0	0	0	0	1095	0	416752	1827
5208679	54756565	0	0	0	0	973	0	385355	1828
4959018	-100	0	0	0	0	-100	0	216221	1829
56417685	56437215	0	0	0	0	143	0	263108	183
5106782	34097133	0	0	0	0	837	0	69031	1831
5027480	5030389	0	0	0	0	1367	0	216226	1832
4951286	-100	0	0	0	0	-100	0	300847	1833
4996090	-100	0	0	0	0	-100	0	122397	1834
3903157	-100	0	0	0	0	-100	0	200384	1835
3082716	-100	0	0	0	0	-100	0	231789	1836
20600900	20622332	0	0	0	0	1	0	15646	1837
4654181	4687879	0	0	0	0	1	0	68984	1838
3369025	-100	0	0	0	0	-100	0	363340	1839
56366734	-100	0	0	0	0	-100	0	222739	184
2227734	9508518	0	0	0	0	27	0	62523	1841
6216968	-100	0	0	0	0	-100	0	210638	1842
11175414	12670162	0	0	0	0	1	0	70525	1844
9871106	9874512	0	0	0	0	1053	0	365843	1845
3443687	-100	0	0	0	0	-100	0	285222	1847
3681647	12252750	0	0	0	0	1	0	15649	1848
3440373	-100	0	0	0	0	-100	0	231829	1849
51964208	56375203	0	0	0	0	14	0	15608	185
1535021	-100	0	0	0	0	-100	0	216141	1850
28889057	29658627	0	0	0	0	1016	0	253959	1853
11433432	-100	0	0	0	0	-100	0	470074	1854
43223579	52334647	0	0	0	0	1229	0	316510	1855
3348522	3356923	0	0	0	0	1399	0	237806	1856
56345077	56346524	0	0	0	0	289	0	200536	186
3261597	10058839	0	0	0	0	850	0	285189	1861
3302356	-100	0	0	0	0	-100	0	354273	1862
4126326	26273892	0	0	0	0	1735	0	316425	1863
3505701	11562656	0	0	0	0	934	0	278718	1866
3190087	17279027	0	0	0	0	1	0	6529	1867
3114043	3119037	0	0	0	0	145	0	216150	1868
11275187	11300048	0	0	0	0	1829	0	263103	1869
56329435	56331202	0	0	0	0	12	0	184939	187
2899581	5510966	0	0	0	0	1	0	15625	1871
2893005	3472980	0	0	0	0	15	0	53395	1872
11163400	13297155	0	0	0	0	7	0	115923	1874
11979017	25292524	0	0	0	0	837	0	169252	1875
22386555	56322590	0	0	0	0	3	0	84647	188
5293715	13192984	0	0	0	0	22	0	78127	1882
5963269	-100	0	0	0	0	-100	0	222757	1884
2732397	-100	0	0	0	0	-100	0	316519	1885
1401904	-100	0	0	0	0	-100	0	263055	1886
2589275	-100	0	0	0	0	-100	0	400691	1887
25137444	25143428	0	0	0	0	18	0	84661	1888
24829027	-100	0	0	0	0	-100	0	385536	189
2286831	2295389	0	0	0	0	836	0	184915	1890
1429907	5365974	0	0	0	0	990	0	285210	1891
1266279	-100	0	0	0	0	-100	0	216219	1894
7486386	-100	0	0	0	0	-100	0	269543	1895
2193742	-100	0	0	0	0	-100	0	278728	1897
1630724	-100	0	0	0	0	-100	0	401156	1899
61365720	61421335	0	0	0	0	14	0	64510	19
45975959	56027198	0	0	0	0	12	0	179428	190
37131569	43385119	0	0	0	0	6	0	12136	1900
1245273	7828248	0	0	0	0	5	0	90663	1901
56026040	-100	0	0	0	0	-100	0	199914	191
1882734	8507442	0	0	0	0	54	0	0	1911
4442518	-100	0	0	0	0	-100	0	224324	1912
1299871	38066077	0	0	0	0	60	0	50387	1916
52932440	52933667	0	0	0	0	1	0	80604	1918
1169539	51857177	0	0	0	0	34	0	141144	1919
55993404	55994667	0	0	0	0	1	0	20125	192
1189759	-100	0	0	0	0	-100	0	241560	1920
55853841	55970694	0	0	0	0	1692	0	385432	193
55961475	55962196	0	0	0	0	4	0	131529	194
55891499	55944124	0	0	0	0	1	0	84681	195
55675591	55676436	0	0	0	0	11	0	100255	196
55754330	55813859	0	0	0	0	21	0	216161	198
55721820	55724880	0	0	0	0	1	0	22154	199
61967678	61991055	0	0	0	0	1311	0	278641	2
61353320	61369850	0	0	0	0	23	0	37807	20
47850921	51759893	0	0	0	0	345	0	184894	200
55686910	55688698	0	0	0	0	1	0	15653	201
26720663	-100	0	0	0	0	-100	0	231807	203
55611370	55617539	0	0	0	0	26	0	0	204
55569337	55571484	0	0	0	0	1	0	100293	205
55550126	56099758	0	0	0	0	20	0	0	206
55535021	55537032	0	0	0	0	1	0	100238	207
55512219	55527619	0	0	0	0	1	0	0	208
55482534	-100	0	0	0	0	-100	0	200581	209
61327081	61381710	0	0	0	0	2	0	46871	21
55485704	55498710	0	0	0	0	41	0	159231	210
55284424	55345453	0	0	0	0	639	0	48316	211
55252006	-100	0	0	0	0	-100	0	231788	212
31746962	55201041	0	0	0	0	1809	0	393413	213
55168485	55393013	0	0	0	0	1087	0	316465	214
54879274	55032275	0	0	0	0	321	0	216148	215
54943418	54950917	0	0	0	0	20	0	37774	216
57563989	59233401	0	0	0	0	1284	0	448041	217
54906090	54912421	0	0	0	0	2354	0	344566	218
54831077	54835717	0	0	0	0	200	0	15633	219
60847460	61249692	0	0	0	0	130	0	162755	22
48067906	-100	0	0	0	0	-100	0	423185	220
54737221	-100	0	0	0	0	-100	0	247423	221
54582821	54752196	0	0	0	0	92	0	0	222
54701979	54737642	0	0	0	0	899	0	516560	223
54661129	54661698	0	0	0	0	1	0	15630	225
34054287	54632339	0	0	0	0	1318	0	285127	226
54623575	54624083	0	0	0	0	70	0	100259	227
38064175	49626679	0	0	0	0	233	0	84658	228
53218422	54596743	0	0	0	0	1	0	53422	229
61001940	61068264	0	0	0	0	1	0	93750	23
54569448	54591376	0	0	0	0	188	0	69030	230
54575231	54639133	0	0	0	0	1180	0	332135	231
54535966	54764144	0	0	0	0	2	0	37813	232
54298621	-100	0	0	0	0	-100	0	347755	233
53212878	53223526	0	0	0	0	33	0	0	234
53855748	54426953	0	0	0	0	200	0	15628	236
54336092	54347137	0	0	0	0	1	0	69051	237
54238427	54307701	0	0	0	0	200	0	0	238
54132300	54291153	0	0	0	0	1	0	15624	239
50048754	61046041	0	0	0	0	16	0	74645	24
54215125	54254903	0	0	0	0	1197	0	342749	240
54184027	54185678	0	0	0	0	21	0	50421	241
54066057	54093675	0	0	0	0	22	0	90733	242
53812108	54093075	0	0	0	0	39	0	88708	243
54033510	54089471	0	0	0	0	41	0	110815	244
31838855	-100	0	0	0	0	-100	0	324589	245
54000814	-100	0	0	0	0	-100	0	198887	246
53971364	-100	0	0	0	0	-100	0	316492	247
28543538	29728795	0	0	0	0	89	0	0	248
53799909	53952083	0	0	0	0	1106	0	332086	249
55284306	-100	0	0	0	0	-100	0	216202	25
53884353	55098961	0	0	0	0	969	0	84679	250
53701824	53869307	0	0	0	0	2	0	53434	251
53479557	53864892	0	0	0	0	40	0	115887	252
53718871	53735407	0	0	0	0	4	0	131526	253
53618077	53648755	0	0	0	0	154	0	269629	254
52193105	53678412	0	0	0	0	8	0	69003	255
38308134	53549442	0	0	0	0	320	0	147205	256
22389993	53548994	0	0	0	0	19	0	31254	257
61025542	61029739	0	0	0	0	9	0	69013	26
50165443	53407004	0	0	0	0	1004	0	300789	260
53193940	53324971	0	0	0	0	1326	0	285214	261
53292882	53302125	0	0	0	0	138	0	0	262
53266457	53284719	0	0	0	0	12	0	100259	263
53235655	53239765	0	0	0	0	11	0	31245	264
52874031	-100	0	0	0	0	-100	0	385224	265
52623722	53162821	0	0	0	0	18	0	184961	266
53099087	53130611	0	0	0	0	24	0	0	267
53070606	53071578	0	0	0	0	92	0	0	268
53059075	53060304	0	0	0	0	21	0	100280	269
61015431	61029336	0	0	0	0	20	0	69042	27
53053598	53059211	0	0	0	0	10	0	78124	270
53033225	-100	0	0	0	0	-100	0	269574	271
52014985	-100	0	0	0	0	-100	0	244466	272
53931501	54038311	0	0	0	0	5	0	32264	275
52706006	52876814	0	0	0	0	32	0	68557	276
52864035	-100	0	0	0	0	-100	0	223935	277
52858332	-100	0	0	0	0	-100	0	238802	278
43194575	52846472	0	0	0	0	8	0	62501	279
61010890	61024619	0	0	0	0	8	0	69033	28
52840058	-100	0	0	0	0	-100	0	169305	280
52803902	52814300	0	0	0	0	5	0	78150	281
52687986	52777989	0	0	0	0	9	0	69059	282
28383595	-100	0	0	0	0	-100	0	216227	283
51481913	52565472	0	0	0	0	1091	0	316428	284
52708868	52710549	0	0	0	0	11	0	37792	285
52702984	52706456	0	0	0	0	15	0	46849	286
52675487	52682271	0	0	0	0	122	0	253975	287
52650467	-100	0	0	0	0	-100	0	200597	288
52576686	52832970	0	0	0	0	139	0	131544	289
59825843	-100	0	0	0	0	-100	0	216196	29
52558238	52652934	0	0	0	0	335	0	261109	290
52543892	-100	0	0	0	0	-100	0	161194	292
52521310	52533132	0	0	0	0	1	0	10098	293
19877286	52491396	0	0	0	0	17	0	20180	294
49676982	52431959	0	0	0	0	704	0	149258	296
52365579	52388444	0	0	0	0	173	0	190962	297
52334683	52382354	0	0	0	0	977	0	363385	298
28814322	-100	0	0	0	0	-100	0	238339	299
57332088	61979235	0	0	0	0	1023	0	347764	3
60948668	61501935	0	0	0	0	781	0	369899	30
52338580	52339226	0	0	0	0	754	0	178376	300
52334944	58713038	0	0	0	0	1052	0	354196	301
27532044	52334725	0	0	0	0	12	0	31246	302
44295144	52283303	0	0	0	0	37	0	100283	303
52281220	52300914	0	0	0	0	8	0	15623	304
52187189	52275015	0	0	0	0	28	0	106765	305
52242044	52401049	0	0	0	0	1	0	78127	306
52208380	52209203	0	0	0	0	184	0	115901	307
52127834	52128944	0	0	0	0	1	0	69038	308
52106980	52117181	0	0	0	0	10	0	184931	309
56784714	60937226	0	0	0	0	837	0	184914	31
52086833	-100	0	0	0	0	-100	0	216184	310
52005153	52233504	0	0	0	0	21	0	69059	312
51967572	51970403	0	0	0	0	21	0	62472	313
51929941	52074105	0	0	0	0	39	0	138017	314
51935753	51935883	0	0	0	0	1053	0	231827	315
51923603	51996021	0	0	0	0	38	0	100258	316
51876158	51908491	0	0	0	0	65	0	15631	317
47183558	51869337	0	0	0	0	837	0	268510	318
51857207	51865368	0	0	0	0	639	0	187997	319
60925357	-100	0	0	0	0	-100	0	216190	32
38644943	51658946	0	0	0	0	9	0	37735	320
3642188	-100	0	0	0	0	-100	0	216161	321
51597297	51650023	0	0	0	0	15	0	46873	322
51551082	51603769	0	0	0	0	20	0	192615	323
41052687	51594999	0	0	0	0	1122	0	308348	324
51569831	51581399	0	0	0	0	466	0	338580	325
51269865	51386027	0	0	0	0	1	0	15629	326
51486048	51506312	0	0	0	0	7	0	84668	327
51494868	51495838	0	0	0	0	21	0	115888	328
51280568	-100	0	0	0	0	-100	0	263015	329
60916444	-100	0	0	0	0	-100	0	216239	33
51372723	51380034	0	0	0	0	977	0	401095	330
51352697	51353272	0	0	0	0	177	0	231852	331
51343022	-100	0	0	0	0	-100	0	231764	333
51335424	51338784	0	0	0	0	1	0	15624	334
41996394	51334762	0	0	0	0	987	0	200560	335
51330838	-100	0	0	0	0	-100	0	438946	336
51320621	54880869	0	0	0	0	7	0	84604	337
50752133	-100	0	0	0	0	-100	0	332088	338
51387157	51546208	0	0	0	0	1507	0	316491	339
60878248	60896726	0	0	0	0	9	0	69013	34
51087287	51170892	0	0	0	0	13	0	48314	340
51164948	51165825	0	0	0	0	1	0	36276	341
51126843	58108631	0	0	0	0	1058	0	378925	342
51086959	51248293	0	0	0	0	311	0	122463	344
49013393	51078004	0	0	0	0	71	0	147194	345
51071941	51072873	0	0	0	0	54	0	0	346
45259737	51045709	0	0	0	0	206	0	0	347
42115972	56345639	0	0	0	0	1112	0	369909	348
51000699	51090065	0	0	0	0	27	0	184908	349
56249536	60835547	0	0	0	0	987	0	46902	35
50958860	-100	0	0	0	0	-100	0	253963	350
50939130	59613787	0	0	0	0	9	0	100276	351
37991389	50867641	0	0	0	0	553	0	200605	352
50858296	50860018	0	0	0	0	21	0	15653	353
50838664	50854067	0	0	0	0	1	0	31248	354
23966158	50828119	0	0	0	0	461	0	200544	355
50685421	50687588	0	0	0	0	164	0	0	356
50659096	-100	0	0	0	0	-100	0	269672	357
50652853	50663004	0	0	0	0	2	0	31230	358
37789299	54770082	0	0	0	0	1390	0	416697	359
60822398	60827811	0	0	0	0	4	0	31225	36
50569314	50584209	0	0	0	0	32	0	200564	360
42561714	50554584	0	0	0	0	15	0	169269	361
50539913	50549961	0	0	0	0	9	0	37757	362
50499991	50502536	0	0	0	0	2	0	31254	363
50483582	50487229	0	0	0	0	32	0	131521	364
50341423	50472929	0	0	0	0	10	0	131515	365
34020079	50452750	0	0	0	0	233	0	238345	366
46195370	50291766	0	0	0	0	2	0	46871	367
50273919	50290782	0	0	0	0	2	0	37814	368
50243929	50258307	0	0	0	0	11	0	31227	369
60797216	60811581	0	0	0	0	988	0	454559	37
50237076	50256439	0	0	0	0	2858	0	401134	370
50229410	50231104	0	0	0	0	19	0	15632	371
50111566	50128349	0	0	0	0	23	0	46872	372
50062132	50231159	0	0	0	0	55	0	0	373
24626769	50059193	0	0	0	0	7	0	153745	374
33769770	50023898	0	0	0	0	433	0	401051	376
49746686	49813500	0	0	0	0	4	0	0	377
28579361	49967559	0	0	0	0	188	0	15650	378
49859149	50728217	0	0	0	0	257	0	115855	379
45915720	60807293	0	0	0	0	6	0	100304	38
49834827	49856205	0	0	0	0	6	0	53360	380
49743774	49818889	0	0	0	0	20	0	15633	381
49756005	49763045	0	0	0	0	1	0	15621	382
49628570	-100	0	0	0	0	-100	0	216186	383
43371723	-100	0	0	0	0	-100	0	200594	384
49640909	49711972	0	0	0	0	4	0	31248	385
49554201	49665486	0	0	0	0	200	0	0	386
46607506	-100	0	0	0	0	-100	0	222698	387
20850483	49588582	0	0	0	0	987	0	78148	388
49517374	49521036	0	0	0	0	209	0	269607	389
60766742	60804415	0	0	0	0	243	0	347705	39
45720125	49509228	0	0	0	0	15	0	138065	390
30399446	49459779	0	0	0	0	1130	0	416764	391
49435594	58598873	0	0	0	0	4	0	105856	392
47444012	49366830	0	0	0	0	969	0	100845	393
46295687	55735530	0	0	0	0	7	0	30252	394
49229558	49269338	0	0	0	0	194	0	0	395
49184274	-100	0	0	0	0	-100	0	221847	396
49115813	-100	0	0	0	0	-100	0	191451	397
60321495	60327158	0	0	0	0	9	0	60528	399
61958925	62012913	0	0	0	0	5	0	18035	4
19858729	60757051	0	0	0	0	837	0	263114	40
49109933	49111594	0	0	0	0	200	0	15626	400
49041280	49074570	0	0	0	0	164	0	53401	401
20592611	49400778	0	0	0	0	1516	0	231827	402
48924219	48961927	0	0	0	0	13	0	169330	403
45663125	48928383	0	0	0	0	167	0	0	404
48912908	48913362	0	0	0	0	7	0	131531	405
9298765	48903882	0	0	0	0	219	0	221586	406
44190450	48838222	0	0	0	0	1132	0	191296	407
48657034	48836376	0	0	0	0	969	0	98609	408
48819333	48835435	0	0	0	0	1	0	0	409
60660622	60677042	0	0	0	0	731	0	147133	41
48713927	-100	0	0	0	0	-100	0	216054	410
48627287	48659095	0	0	0	0	11	0	138080	411
48454816	48638350	0	0	0	0	731	0	162782	412
48534448	48552238	0	0	0	0	1555	0	311011	413
48433790	48511974	0	0	0	0	371	0	149102	414
48469441	48472163	0	0	0	0	14	0	173176	415
46649403	48306010	0	0	0	0	206	0	10063	416
30491545	48634449	0	0	0	0	1	0	0	417
48357595	-100	0	0	0	0	-100	0	272086	418
48333425	48341878	0	0	0	0	391	0	189330	419
57467046	60656445	0	0	0	0	871	0	223585	42
40962006	-100	0	0	0	0	-100	0	242061	420
48337624	48394545	0	0	0	0	8	0	181241	421
48336742	48339884	0	0	0	0	1763	0	472698	422
48332680	48351931	0	0	0	0	25	0	140782	423
48142634	-100	0	0	0	0	-100	0	406686	424
48128383	-100	0	0	0	0	-100	0	253906	425
47934438	48104724	0	0	0	0	300	0	200559	426
48056851	48072338	0	0	0	0	142	0	0	427
48052270	48055272	0	0	0	0	200	0	15651	428
60330449	60556267	0	0	0	0	1	0	0	43
48022642	48043372	0	0	0	0	71	0	84607	433
35902360	-100	0	0	0	0	-100	0	347676	434
47950817	47976994	0	0	0	0	13	0	31252	435
44253848	51340323	0	0	0	0	434	0	300546	436
33479862	47907626	0	0	0	0	7	0	138129	438
47284664	47858957	0	0	0	0	22	0	15602	439
60450608	60561129	0	0	0	0	813	0	31254	44
43970831	47822694	0	0	0	0	813	0	285208	440
27965291	47818188	0	0	0	0	1	0	15625	441
47777708	47781899	0	0	0	0	8	0	121392	442
47723890	47746656	0	0	0	0	47	0	47886	443
47722530	47734323	0	0	0	0	85	0	46894	444
47730589	52378661	0	0	0	0	1612	0	354247	445
44591583	-100	0	0	0	0	-100	0	216159	446
47644156	47704875	0	0	0	0	16	0	169262	447
47655487	47678029	0	0	0	0	1420	0	489184	448
47552930	47625279	0	0	0	0	10	0	191586	449
47537760	47596739	0	0	0	0	206	0	0	450
47570984	47590287	0	0	0	0	532	0	189369	451
47446458	47542849	0	0	0	0	30	0	142977	453
40682615	47540782	0	0	0	0	2	0	58312	454
47474279	47495118	0	0	0	0	110	0	90659	455
46239615	47475923	0	0	0	0	112	0	41268	456
47274691	-100	0	0	0	0	-100	0	231803	457
47405422	52335837	0	0	0	0	11	0	137677	458
47315053	47319479	0	0	0	0	341	0	216194	459
47083455	-100	0	0	0	0	-100	0	216135	460
25023731	47273104	0	0	0	0	599	0	316425	461
46972679	47179207	0	0	0	0	30	0	216198	462
25866788	47171585	0	0	0	0	32	0	100300	463
47152855	50663500	0	0	0	0	1454	0	300837	464
43483497	54579436	0	0	0	0	10	0	37779	466
47083707	55056600	0	0	0	0	6	0	31255	467
47074159	47080518	0	0	0	0	114	0	147130	468
43435385	47071014	0	0	0	0	1	0	15624	469
58897330	61496833	0	0	0	0	19	0	153649	470
47044939	47048035	0	0	0	0	5	0	115881	471
46963049	46986535	0	0	0	0	502	0	238270	472
46934574	-100	0	0	0	0	-100	0	332109	473
46857193	-100	0	0	0	0	-100	0	285135	474
46842293	46872965	0	0	0	0	14	0	200516	475
37761096	55825651	0	0	0	0	2	0	115908	476
46842118	46901745	0	0	0	0	15	0	169281	477
46818951	46839455	0	0	0	0	5	0	115921	478
46823110	46832976	0	0	0	0	173	0	147151	479
46799063	48306565	0	0	0	0	27	0	69015	484
46684038	46770761	0	0	0	0	1	0	181409	485
34826602	-100	0	0	0	0	-100	0	332227	486
33954292	-100	0	0	0	0	-100	0	366337	487
46747475	46759058	0	0	0	0	20	0	84659	488
46643184	46650208	0	0	0	0	3	0	100281	489
41010050	48000292	0	0	0	0	924	0	416648	490
46580556	46783163	0	0	0	0	837	0	253895	491
46420106	46449723	0	0	0	0	1486	0	294272	493
46377973	46384105	0	0	0	0	2102	0	679686	494
37579756	-100	0	0	0	0	-100	0	684029	495
45870948	46366116	0	0	0	0	11	0	147139	496
46360218	46361342	0	0	0	0	1110	0	454496	497
46348193	46352515	0	0	0	0	16	0	194028	498
35205795	58352475	0	0	0	0	837	0	238281	499
61873468	61900256	0	0	0	0	11	0	15625	5
46298066	46430561	0	0	0	0	81	0	53378	500
46287086	52469245	0	0	0	0	1011	0	294288	501
46266078	-100	0	0	0	0	-100	0	207105	502
42912608	46186549	0	0	0	0	1	0	15628	503
46151452	49880546	0	0	0	0	75	0	147156	504
36110977	-100	0	0	0	0	-100	0	269248	505
46059697	-100	0	0	0	0	-100	0	485815	506
45968501	45983949	0	0	0	0	12	0	100253	507
45948534	53569414	0	0	0	0	77	0	100259	508
45929263	45929671	0	0	0	0	326	0	131523	509
45907614	46093719	0	0	0	0	1555	0	554763	510
45891034	45899768	0	0	0	0	10	0	31276	511
45873483	60930523	0	0	0	0	15	0	115866	512
37450698	55560381	0	0	0	0	107	0	247386	513
13675380	45813247	0	0	0	0	7	0	22145	514
45779447	45859005	0	0	0	0	564	0	485666	515
45670637	45726959	0	0	0	0	1	0	15630	516
45722157	59174298	0	0	0	0	386	0	332086	517
45721802	-100	0	0	0	0	-100	0	285156	518
45655879	45673142	0	0	0	0	4	0	62517	519
49140030	-100	0	0	0	0	-100	0	269585	52
45652340	45716873	0	0	0	0	969	0	115879	520
45638529	-100	0	0	0	0	-100	0	200545	521
45206230	-100	0	0	0	0	-100	0	253977	522
45607736	45627646	0	0	0	0	23	0	15624	523
45606255	45619547	0	0	0	0	16	0	31250	524
45572226	45579541	0	0	0	0	35	0	200535	525
45448169	45576820	0	0	0	0	206	0	22155	526
38348097	45493545	0	0	0	0	98	0	147131	527
56979022	60647728	0	0	0	0	405	0	216163	53
45476950	45552715	0	0	0	0	16	0	169355	532
45458787	-100	0	0	0	0	-100	0	231816	533
45405167	61117221	0	0	0	0	302	0	285170	534
45357806	45375409	0	0	0	0	7	0	31267	535
45351663	-100	0	0	0	0	-100	0	285164	536
45321041	45322657	0	0	0	0	15	0	49904	537
44334535	47699146	0	0	0	0	837	0	261906	538
26244530	-100	0	0	0	0	-100	0	244221	539
53813758	60436142	0	0	0	0	1166	0	278679	54
45279880	45556677	0	0	0	0	4	0	69039	540
24920396	61463661	0	0	0	0	29	0	115886	541
45265792	45266834	0	0	0	0	1	0	37803	542
45117125	-100	0	0	0	0	-100	0	448014	543
45134735	45242969	0	0	0	0	33	0	138070	544
45219994	-100	0	0	0	0	-100	0	416683	545
45119432	45185979	0	0	0	0	1035	0	285214	546
45222720	45251117	0	0	0	0	4	0	46879	547
41477776	47041415	0	0	0	0	7	0	115902	549
60289954	60310790	0	0	0	0	233	0	53393	55
45157057	46636473	0	0	0	0	837	0	247428	550
43712843	-100	0	0	0	0	-100	0	216167	551
45147082	-100	0	0	0	0	-100	0	253875	552
45047885	-100	0	0	0	0	-100	0	216214	553
33482308	-100	0	0	0	0	-100	0	369789	554
44973544	45015794	0	0	0	0	1052	0	184930	555
40557147	44961347	0	0	0	0	46	0	15632	556
26331030	39914775	0	0	0	0	26	0	0	557
55345679	60285820	0	0	0	0	20	0	115940	56
44930704	48381672	0	0	0	0	996	0	332058	560
44916792	44921411	0	0	0	0	1	0	100258	561
16397526	51847367	0	0	0	0	837	0	269591	562
44728704	-100	0	0	0	0	-100	0	216185	563
44419857	44802712	0	0	0	0	164	0	0	564
44786138	44787310	0	0	0	0	36	0	131548	565
44721152	-100	0	0	0	0	-100	0	222716	566
44697183	44718072	0	0	0	0	38	0	131531	567
44666715	44688711	0	0	0	0	206	0	0	568
36110815	44608687	0	0	0	0	169	0	68983	569
60200275	60371743	0	0	0	0	20	0	78146	57
44158882	44538939	0	0	0	0	78	0	200524	570
44509287	44661961	0	0	0	0	12	0	84622	571
44467559	44504592	0	0	0	0	200	0	0	572
44457243	44473379	0	0	0	0	4	0	15623	573
44434739	44456676	0	0	0	0	194	0	15622	574
42604439	42757183	0	0	0	0	8	0	22190	575
42864262	-100	0	0	0	0	-100	0	231778	576
44411575	56254631	0	0	0	0	20	0	31249	577
44335165	45311909	0	0	0	0	17	0	37761	579
60160905	-100	0	0	0	0	-100	0	216212	58
34865789	-100	0	0	0	0	-100	0	285221	580
44262563	44279773	0	0	0	0	987	0	247463	581
44239415	44242299	0	0	0	0	30	0	131533	584
44245666	44250468	0	0	0	0	9	0	69033	586
44005847	44147299	0	0	0	0	11	0	84640	587
36520813	44143423	0	0	0	0	1412	0	332154	588
44120395	44136481	0	0	0	0	7	0	53417	589
60132869	-100	0	0	0	0	-100	0	216143	59
44030594	44094497	0	0	0	0	50	0	46898	594
36065232	36699272	0	0	0	0	1	0	84660	595
43850293	44021913	0	0	0	0	21	0	106881	596
32723761	44003391	0	0	0	0	20	0	78053	597
43990569	-100	0	0	0	0	-100	0	216183	598
43981187	-100	0	0	0	0	-100	0	238371	599
46365317	61320722	0	0	0	0	195	0	231769	6
43654787	60112609	0	0	0	0	1	0	69068	60
30902906	44549464	0	0	0	0	166	0	247487	600
27597932	43762009	0	0	0	0	992	0	454403	601
43731301	43737524	0	0	0	0	914	0	432371	602
43694637	43706199	0	0	0	0	188	0	15603	606
43660562	45212781	0	0	0	0	21	0	115945	607
13272612	-100	0	0	0	0	-100	0	205583	608
13088770	43596486	0	0	0	0	12	0	58514	609
42058059	47222764	0	0	0	0	1125	0	293256	610
40652012	43551312	0	0	0	0	20	0	37758	611
42449257	43536583	0	0	0	0	8	0	31256	612
15259139	-100	0	0	0	0	-100	0	231778	613
45549449	-100	0	0	0	0	-100	0	210666	614
43515925	43518958	0	0	0	0	3	0	8054	615
43209809	-100	0	0	0	0	-100	0	263194	616
43480866	43481085	0	0	0	0	4	0	115876	617
43460760	43526149	0	0	0	0	21	0	15628	618
25258817	43343590	0	0	0	0	731	0	115915	619
30396755	60062217	0	0	0	0	869	0	238377	62
43337147	43383010	0	0	0	0	987	0	131547	620
19748205	-100	0	0	0	0	-100	0	269667	623
35651669	45709189	0	0	0	0	987	0	147154	625
43297797	43298666	0	0	0	0	74	0	0	626
31471808	-100	0	0	0	0	-100	0	216153	627
43261430	43281803	0	0	0	0	1721	0	200570	628
43275478	-100	0	0	0	0	-100	0	222695	629
60062311	60062827	0	0	0	0	849	0	216195	63
43189512	44551816	0	0	0	0	150	0	247409	630
42974231	43144245	0	0	0	0	1084	0	338617	631
42771185	43046753	0	0	0	0	189	0	62522	632
26896087	47637321	0	0	0	0	392	0	169351	633
43000077	43002416	0	0	0	0	1	0	15627	634
15670151	-100	0	0	0	0	-100	0	216203	636
42789833	42790422	0	0	0	0	8	0	53362	637
42763280	47523919	0	0	0	0	9	0	84651	639
59960252	59978973	0	0	0	0	583	0	200539	64
42695298	45923632	0	0	0	0	8	0	46877	640
42674516	42681880	0	0	0	0	1	0	69030	641
42611836	56182271	0	0	0	0	5	0	100253	642
42578273	42596449	0	0	0	0	479	0	263128	643
42595256	42633156	0	0	0	0	837	0	200339	644
42587758	42588378	0	0	0	0	969	0	153686	645
30261383	42572023	0	0	0	0	14	0	46898	646
42524450	49924813	0	0	0	0	19	0	122359	647
42469003	42491624	0	0	0	0	206	0	0	648
42426970	-100	0	0	0	0	-100	0	194006	649
59887908	59904916	0	0	0	0	1071	0	285238	65
42304924	42446365	0	0	0	0	1399	0	222712	650
41879049	42431720	0	0	0	0	9	0	100253	651
41088751	-100	0	0	0	0	-100	0	332121	652
32129191	42215523	0	0	0	0	328	0	115893	653
42105259	42242497	0	0	0	0	1	0	46846	654
36335498	42208566	0	0	0	0	12	0	22146	655
21614443	-100	0	0	0	0	-100	0	300843	656
35799426	42115611	0	0	0	0	837	0	216159	658
42084356	42084833	0	0	0	0	1	0	15649	659
59570555	-100	0	0	0	0	-100	0	216195	66
41925706	41936951	0	0	0	0	62	0	169311	660
24904683	41918861	0	0	0	0	5	0	0	661
41723575	41909242	0	0	0	0	845	0	231762	662
41817623	-100	0	0	0	0	-100	0	469736	663
41783245	44398360	0	0	0	0	14	0	84694	664
41731684	-100	0	0	0	0	-100	0	247406	665
41699952	41739418	0	0	0	0	1	0	53449	666
12394855	41730532	0	0	0	0	851	0	162777	667
26123516	41670314	0	0	0	0	188	0	22131	668
33442362	59212970	0	0	0	0	363	0	178437	669
58314023	59791480	0	0	0	0	172	0	37761	67
27787116	41634744	0	0	0	0	188	0	15606	670
41608294	41628450	0	0	0	0	16	0	147168	671
41597604	-100	0	0	0	0	-100	0	222713	672
41596273	41605723	0	0	0	0	10	0	131515	673
25905144	41589266	0	0	0	0	491	0	216218	674
41471757	-100	0	0	0	0	-100	0	216222	675
14882033	28025911	0	0	0	0	887	0	385488	676
33505541	-100	0	0	0	0	-100	0	354217	677
41133617	41190862	0	0	0	0	2	0	31275	678
33180058	-100	0	0	0	0	-100	0	332131	679
53245233	61275627	0	0	0	0	837	0	238386	68
13577918	-100	0	0	0	0	-100	0	200555	680
30671958	47804593	0	0	0	0	1025	0	302878	681
40942717	40953151	0	0	0	0	31	0	68434	682
40819971	40831975	0	0	0	0	372	0	163048	683
36110331	-100	0	0	0	0	-100	0	210450	684
40789601	40807266	0	0	0	0	947	0	231789	685
37924896	40787001	0	0	0	0	76	0	0	686
40461380	-100	0	0	0	0	-100	0	254008	687
40689434	40713096	0	0	0	0	1746	0	263048	688
40596609	40636032	0	0	0	0	53	0	37765	689
59716982	59718745	0	0	0	0	731	0	200551	69
9502003	60340491	0	0	0	0	837	0	115926	690
1975110	-100	0	0	0	0	-100	0	216156	691
22305023	40554479	0	0	0	0	1021	0	369823	692
40538304	-100	0	0	0	0	-100	0	463612	693
37085732	40327657	0	0	0	0	648	0	385514	694
40250072	40250691	0	0	0	0	34	0	115885	695
32686195	54464295	0	0	0	0	6	0	138030	697
31796914	40225786	0	0	0	0	1053	0	300859	698
38525383	56871943	0	0	0	0	206	0	15624	699
61798169	61876254	0	0	0	0	78	0	31224	7
59717301	59717624	0	0	0	0	11	0	169370	70
40182340	40185121	0	0	0	0	895	0	231796	701
30237310	40709975	0	0	0	0	1118	0	138947	702
40120094	40143388	0	0	0	0	36	0	42347	703
40035067	40044958	0	0	0	0	685	0	181229	704
39993117	40102613	0	0	0	0	842	0	251443	705
15978985	-100	0	0	0	0	-100	0	231811	706
39808631	39832436	0	0	0	0	16	0	166139	707
34522732	55100069	0	0	0	0	8	0	40757	709
59639543	59653531	0	0	0	0	22	0	147174	71
32821369	-100	0	0	0	0	-100	0	200553	710
39779573	39792781	0	0	0	0	37	0	153664	711
39746947	39833768	0	0	0	0	35	0	100298	712
39694490	48286116	0	0	0	0	837	0	100208	713
39628872	39633863	0	0	0	0	200	0	0	714
39623094	-100	0	0	0	0	-100	0	347731	715
25020788	-100	0	0	0	0	-100	0	200573	716
25693082	-100	0	0	0	0	-100	0	300820	717
36033449	39507019	0	0	0	0	2102	0	401116	718
34096162	61837438	0	0	0	0	1675	0	307468	719
51699452	59584695	0	0	0	0	123	0	80672	72
50467457	56983105	0	0	0	0	24	0	90724	722
39420095	39690633	0	0	0	0	5	0	95177	723
36620585	39207125	0	0	0	0	173	0	147174	724
39176643	39195219	0	0	0	0	1534	0	354244	725
12304963	-100	0	0	0	0	-100	0	113893	726
39024390	39171890	0	0	0	0	10	0	72639	727
39166027	39173002	0	0	0	0	5	0	80736	728
39128344	39150367	0	0	0	0	839	0	194396	729
57394946	60230468	0	0	0	0	848	0	378992	73
35699399	39042064	0	0	0	0	80	0	207041	730
39023962	-100	0	0	0	0	-100	0	278710	731
15703702	48307007	0	0	0	0	12	0	53394	732
39006840	39027770	0	0	0	0	6	0	184893	733
9503896	-100	0	0	0	0	-100	0	231853	734
38971260	38976959	0	0	0	0	1	0	53353	735
36040542	38900293	0	0	0	0	1794	0	332107	737
38559429	38900796	0	0	0	0	21	0	84671	738
59397169	-100	0	0	0	0	-100	0	247394	74
3810927	55853359	0	0	0	0	1	0	0	740
38864458	38948553	0	0	0	0	56	0	153687	741
38861041	52478475	0	0	0	0	777	0	184864	742
30656846	44691580	0	0	0	0	1021	0	316300	743
38822132	-100	0	0	0	0	-100	0	463563	744
38056641	38791517	0	0	0	0	264	0	405606	745
38782051	60423973	0	0	0	0	876	0	269657	746
38733571	38779478	0	0	0	0	1	0	84673	747
38675292	38682488	0	0	0	0	1	0	15612	748
38658033	38916875	0	0	0	0	394	0	269520	749
59408283	59413766	0	0	0	0	49	0	115907	75
38660467	38847645	0	0	0	0	7	0	46898	750
38639289	38640268	0	0	0	0	1855	0	354245	751
38478139	38607045	0	0	0	0	11	0	62494	752
47651868	49120060	0	0	0	0	838	0	238355	755
38563885	54919400	0	0	0	0	731	0	162749	756
38540093	-100	0	0	0	0	-100	0	200520	757
34764830	38534383	0	0	0	0	1088	0	354305	758
38102921	38486163	0	0	0	0	5	0	147125	759
48651010	59396848	0	0	0	0	9	0	22119	76
31955051	38493318	0	0	0	0	354	0	247474	760
29601156	30047010	0	0	0	0	200	0	15625	761
38440350	38441722	0	0	0	0	60	0	100283	762
38372906	39330299	0	0	0	0	200	0	15624	763
28480625	38367392	0	0	0	0	4	0	37764	764
32181742	38335734	0	0	0	0	1353	0	300800	765
38295777	38297989	0	0	0	0	731	0	62499	766
35525240	38277826	0	0	0	0	1053	0	200524	767
38230957	38252013	0	0	0	0	1717	0	369806	768
38197844	-100	0	0	0	0	-100	0	231803	769
59380554	59395052	0	0	0	0	4	0	37786	77
38177908	38223003	0	0	0	0	188	0	0	770
38133485	38192010	0	0	0	0	851	0	278706	771
38169765	38289656	0	0	0	0	2	0	6534	772
38104901	38109623	0	0	0	0	1	0	15630	773
24881923	38101558	0	0	0	0	15	0	84651	774
28233561	-100	0	0	0	0	-100	0	200569	775
27850123	53660703	0	0	0	0	837	0	247397	776
38036680	48211887	0	0	0	0	35	0	110056	777
37974317	-100	0	0	0	0	-100	0	237347	778
31815294	-100	0	0	0	0	-100	0	238338	779
59360232	59376487	0	0	0	0	204	0	200539	78
37878693	37881270	0	0	0	0	292	0	147132	780
34266186	-100	0	0	0	0	-100	0	115887	781
37800390	37817299	0	0	0	0	885	0	249221	782
37719503	37830819	0	0	0	0	2031	0	292253	783
37714152	37715085	0	0	0	0	46	0	80607	784
21651978	37667335	0	0	0	0	206	0	10093	785
26449666	37651470	0	0	0	0	55	0	0	787
49762128	51753158	0	0	0	0	12	0	120738	788
13812373	34221612	0	0	0	0	488	0	249913	789
27368770	-100	0	0	0	0	-100	0	432324	79
29736577	-100	0	0	0	0	-100	0	285254	790
36670065	37521669	0	0	0	0	3	0	31247	791
25340847	44486551	0	0	0	0	1006	0	354247	792
28538161	-100	0	0	0	0	-100	0	269557	793
26269122	37418211	0	0	0	0	837	0	216204	794
37393329	37515454	0	0	0	0	20	0	31229	795
37274007	37349878	0	0	0	0	258	0	253516	796
37266143	37301838	0	0	0	0	1	0	62529	797
37122216	37284287	0	0	0	0	1061	0	354225	798
14023423	37273149	0	0	0	0	127	0	0	799
43251214	61868853	0	0	0	0	7	0	15602	8
52606467	59248550	0	0	0	0	1	0	15627	80
29593177	40966634	0	0	0	0	1321	0	300793	800
37144856	-100	0	0	0	0	-100	0	300788	801
37193380	37200885	0	0	0	0	1952	0	516961	802
37195322	-100	0	0	0	0	-100	0	279173	803
19234796	37150889	0	0	0	0	1369	0	362960	804
37059281	37071001	0	0	0	0	201	0	115909	805
37059404	42826234	0	0	0	0	13	0	115935	806
37011952	-100	0	0	0	0	-100	0	222741	807
36974450	36974742	0	0	0	0	38	0	31227	808
32544646	36969907	0	0	0	0	133	0	31271	809
59204544	59242628	0	0	0	0	1796	0	369810	81
36936613	36953026	0	0	0	0	1949	0	454534	810
36919953	36925855	0	0	0	0	1	0	0	811
35973507	36865202	0	0	0	0	1581	0	363342	812
37110555	37133471	0	0	0	0	8	0	169336	814
33925430	36897594	0	0	0	0	987	0	184974	815
36790376	-100	0	0	0	0	-100	0	485697	816
34213765	36817423	0	0	0	0	999	0	181859	818
36648502	-100	0	0	0	0	-100	0	266089	819
59159729	59197298	0	0	0	0	2	0	0	82
36669528	36673576	0	0	0	0	15	0	100317	820
36651189	36652015	0	0	0	0	6	0	53385	821
34454034	-100	0	0	0	0	-100	0	131565	822
36478278	47519624	0	0	0	0	1	0	15598	823
36431158	36454567	0	0	0	0	200	0	0	824
36260816	36277222	0	0	0	0	2077	0	269577	825
34345945	36255181	0	0	0	0	58	0	15628	826
36238521	36249586	0	0	0	0	206	0	0	827
36232684	36233318	0	0	0	0	1849	0	345495	829
59184868	59192861	0	0	0	0	4	0	78120	83
36205419	36208785	0	0	0	0	7	0	37789	832
27953588	49570793	0	0	0	0	206	0	62496	833
36187931	51407129	0	0	0	0	1586	0	385413	834
36094718	36141451	0	0	0	0	200	0	0	835
35462144	36065327	0	0	0	0	581	0	316442	836
35866379	36014676	0	0	0	0	38	0	69038	839
59190193	59193797	0	0	0	0	349	0	253971	84
36041601	36043244	0	0	0	0	354	0	184905	840
33251264	-100	0	0	0	0	-100	0	416762	841
33858596	-100	0	0	0	0	-100	0	300872	842
36023558	36039026	0	0	0	0	68	0	0	843
3165346	44595920	0	0	0	0	837	0	84639	844
35891062	35933702	0	0	0	0	293	0	84659	845
7227976	40802404	0	0	0	0	840	0	316415	846
35725156	35884519	0	0	0	0	200	0	15628	848
35834739	-100	0	0	0	0	-100	0	247392	849
59153010	59187457	0	0	0	0	7	0	138064	85
35614425	-100	0	0	0	0	-100	0	231866	850
34158723	35677857	0	0	0	0	7	0	15627	851
34896004	35660588	0	0	0	0	124	0	31224	852
35585428	35637012	0	0	0	0	1	0	6514	853
45824409	45826042	0	0	0	0	13	0	216173	854
35330207	35471802	0	0	0	0	59	0	84632	855
28384164	35443537	0	0	0	0	161	0	162823	856
35439914	35440235	0	0	0	0	1224	0	253900	857
2331070	35434760	0	0	0	0	14	0	78120	858
35432923	35443059	0	0	0	0	1	0	37768	859
59119580	59158870	0	0	0	0	9	0	131554	86
30116606	35454277	0	0	0	0	837	0	115884	860
34433063	35353464	0	0	0	0	206	0	15622	861
35381180	-100	0	0	0	0	-100	0	277702	862
35359622	35452191	0	0	0	0	42	0	2041	863
35322815	-100	0	0	0	0	-100	0	181541	864
35306306	35319824	0	0	0	0	1	0	50334	865
31092005	35266730	0	0	0	0	8	0	20160	866
3386850	35215579	0	0	0	0	2024	0	337031	867
35224338	35234038	0	0	0	0	30	0	115912	868
35126517	-100	0	0	0	0	-100	0	285177	869
59113457	59117165	0	0	0	0	13	0	100281	87
35075215	35118287	0	0	0	0	15	0	69063	870
35040579	35056668	0	0	0	0	992	0	401067	871
35025145	43131595	0	0	0	0	1010	0	253954	872
34994790	35006572	0	0	0	0	185	0	15633	873
33015823	34983149	0	0	0	0	16	0	131545	874
34973314	-100	0	0	0	0	-100	0	454499	875
34898222	34903368	0	0	0	0	27	0	62530	876
32206623	-100	0	0	0	0	-100	0	269058	877
32999460	-100	0	0	0	0	-100	0	445527	878
34704733	35491015	0	0	0	0	54	0	69040	879
58890738	59047386	0	0	0	0	20	0	53390	88
34389797	34711685	0	0	0	0	67	0	131565	880
13167531	39446852	0	0	0	0	1018	0	294400	882
32724775	34667618	0	0	0	0	11	0	20197	883
34619117	34631794	0	0	0	0	5	0	22214	884
23309687	-100	0	0	0	0	-100	0	241528	887
33530066	34579494	0	0	0	0	7	0	91140	888
34508834	34514683	0	0	0	0	1	0	40228	889
31388329	34413137	0	0	0	0	994	0	209597	890
25829504	34365360	0	0	0	0	4	0	12096	891
22009871	34328105	0	0	0	0	281	0	312654	892
26177565	-100	0	0	0	0	-100	0	345806	893
14563531	-100	0	0	0	0	-100	0	216150	894
34286905	45206286	0	0	0	0	695	0	100267	895
34213315	34245295	0	0	0	0	61	0	162754	896
34244210	38942118	0	0	0	0	2	0	6506	897
32018521	32830382	0	0	0	0	5	0	62505	898
34230391	34694775	0	0	0	0	743	0	216180	899
61783029	61793558	0	0	0	0	1	0	37759	9
28979857	34214859	0	0	0	0	6	0	115888	900
3480222	36073503	0	0	0	0	1	0	31246	901
33920330	34061912	0	0	0	0	1450	0	438699	902
34001333	34018634	0	0	0	0	1245	0	247426	903
19054092	33989595	0	0	0	0	914	0	401077	904
19439689	33945984	0	0	0	0	223	0	231821	905
33890896	-100	0	0	0	0	-100	0	238346	906
33784656	33877410	0	0	0	0	1473	0	186928	907
33787624	-100	0	0	0	0	-100	0	487897	908
26796829	33775239	0	0	0	0	731	0	216169	909
33748871	33750235	0	0	0	0	10	0	153684	910
33707796	33733102	0	0	0	0	10	0	46850	911
32624120	-100	0	0	0	0	-100	0	216135	912
23528862	59199273	0	0	0	0	938	0	322962	913
33597728	33613830	0	0	0	0	1	0	0	914
33574457	33609538	0	0	0	0	113	0	62527	917
9315258	-100	0	0	0	0	-100	0	432306	918
32257970	33983298	0	0	0	0	348	0	147179	919
33555002	34591487	0	0	0	0	504	0	264217	920
33419325	-100	0	0	0	0	-100	0	216185	921
33447901	33472328	0	0	0	0	17	0	169314	922
31365768	33400250	0	0	0	0	10	0	84642	923
33346823	40699787	0	0	0	0	25	0	69052	927
26497751	38052325	0	0	0	0	1159	0	374550	928
33263759	33284951	0	0	0	0	5	0	80563	929
33127122	33352251	0	0	0	0	1407	0	312264	930
31286965	33262480	0	0	0	0	5	0	211403	931
33237264	-100	0	0	0	0	-100	0	219175	932
24705431	60151766	0	0	0	0	200	0	10041	933
33027611	-100	0	0	0	0	-100	0	533519	934
33117997	33143257	0	0	0	0	474	0	313901	935
25755930	31220586	0	0	0	0	8	0	50208	936
32885570	-100	0	0	0	0	-100	0	291437	937
12907198	32883453	0	0	0	0	1	0	130930	938
16947431	32803727	0	0	0	0	1	0	8063	939
58993738	59006401	0	0	0	0	9	0	10142	94
32773617	56137091	0	0	0	0	188	0	12066	940
32721789	-100	0	0	0	0	-100	0	0	941
21045866	28201587	0	0	0	0	875	0	259518	942
32575397	33306592	0	0	0	0	30	0	22225	943
26580129	32571956	0	0	0	0	193	0	169192	944
32558568	-100	0	0	0	0	-100	0	223448	945
52276088	53117396	0	0	0	0	650	0	306585	946
22305444	32492667	0	0	0	0	21	0	53375	948
31381066	32411080	0	0	0	0	17	0	131506	949
58938992	58957189	0	0	0	0	1	0	15625	95
6316459	-100	0	0	0	0	-100	0	216139	950
31861569	56622368	0	0	0	0	362	0	300779	952
32350891	32351780	0	0	0	0	8	0	53423	953
49440262	52649215	0	0	0	0	72	0	262997	956
32219451	32226508	0	0	0	0	44	0	216204	957
4794859	32206608	0	0	0	0	47	0	200519	958
32193413	32194070	0	0	0	0	188	0	6508	959
58878544	58915458	0	0	0	0	2504	0	401136	96
31690007	42151880	0	0	0	0	1	0	0	960
32106333	60661723	0	0	0	0	152	0	247420	961
32092458	-100	0	0	0	0	-100	0	401037	962
32007115	32034222	0	0	0	0	13	0	69036	963
31930616	32031432	0	0	0	0	100	0	0	964
31979189	51944709	0	0	0	0	188	0	0	965
31949659	31950166	0	0	0	0	12	0	100233	966
31925595	31947700	0	0	0	0	8	0	0	967
31947727	31994387	0	0	0	0	42	0	46897	968
28034091	31859911	0	0	0	0	1183	0	369787	969
58627988	58906457	0	0	0	0	5	0	31249	97
31923107	31938512	0	0	0	0	1544	0	316421	970
31142280	32912268	0	0	0	0	969	0	184910	971
31868370	31900708	0	0	0	0	13	0	153646	972
31837419	-100	0	0	0	0	-100	0	147132	973
9506442	-100	0	0	0	0	-100	0	469727	976
31752889	31754530	0	0	0	0	188	0	0	977
27779667	31729775	0	0	0	0	350	0	115876	978
31538038	31585708	0	0	0	0	61	0	131527	979
36368712	58859811	0	0	0	0	17	0	22111	98
31045512	31564834	0	0	0	0	4	0	115889	980
27135962	54426523	0	0	0	0	1039	0	363261	981
31485858	-100	0	0	0	0	-100	0	470119	982
28634345	31433840	0	0	0	0	25	0	0	983
31394755	31395435	0	0	0	0	105	0	216172	984
28987622	47663131	0	0	0	0	2	0	53409	986
30560405	31347470	0	0	0	0	7	0	100253	987
31268826	31301694	0	0	0	0	7	0	62497	988
31288513	31289164	0	0	0	0	966	0	222639	989
58798091	58802355	0	0	0	0	2287	0	300820	99
30159041	31259932	0	0	0	0	596	0	78130	990
31075826	31221471	0	0	0	0	11	0	22144	991
30643213	31220677	0	0	0	0	241	0	46880	992
31178704	31213349	0	0	0	0	2668	0	253959	993
24845909	52559455	0	0	0	0	594	0	378892	994
31184918	32601252	0	0	0	0	8	0	84635	995
30971258	31094538	0	0	0	0	1399	0	184940	996
31089205	31092962	0	0	0	0	1493	0	401075	997
9555889	-100	0	0	0	0	-100	0	269542	998
31044922	-100	0	0	0	0	-100	0	316459	999
